1379.9806 I 20.401 0.093
1384.96176 I 20.304 0.058
1385.96265 I 20.38 0.073
1428.92638 I 19.889 0.037
1428.96578 I 20.079 0.049
1429.75574 I 19.828 0.075
1429.79374 I 19.949 0.062
1429.91555 I 20.005 0.056
1432.82684 I 19.946 0.06
1432.93825 I 20.018 0.048
1433.80231 I 19.963 0.05
1433.91561 I 19.958 0.049
1458.69731 I 19.9 0.075
1458.82191 I 19.89 0.059
1458.91691 I 20.021 0.111
1459.69553 I 19.684 0.064
1459.95564 I 20.12 0.146
1460.88227 I 19.9 0.065
1462.87682 I 19.748 0.048
1462.96432 I 19.821 0.066
1463.70284 I 19.636 0.067
1463.75854 I 19.862 0.063
1463.88334 I 19.721 0.048
1481.67879 I 19.512 0.042
1481.79959 I 19.709 0.128
1481.86469 I 19.671 0.056
1482.66479 I 19.55 0.05
1482.78809 I 19.528 0.059
1483.66088 I 19.566 0.042
1483.80498 I 19.586 0.038
1484.66747 I 19.598 0.034
1484.84187 I 19.57 0.05
1485.65706 I 19.651 0.055
1485.79286 I 19.58 0.051
1486.81044 I 19.531 0.041
2517.90659 I 20.345 0.092
2531.86155 I 20.436 0.064
2557.8991 I 20.92 0.1
2589.88779 I 20.679 0.079
2646.74377 I 19.892 0.081
2901.82103 I 20.389 0.061
2908.89969 I 20.433 0.042
2932.85117 I 20.149 0.03
3000.69436 I 19.924 0.051
4039.77534 H 17.997 0.061
4397.8957 H 18.224 0.047
4397.87304 J 18.955 0.044
3632.12428 K 18.075 0.079
3661.97992 K 17.804 0.069
3663.88386 K 17.741 0.103
3938.10127 K 18.096 0.102
4038.85678 K 17.773 0.061
4397.83374 K 17.965 0.056
