2517.8915 I 19.892 0.054
2517.899 I 20.027 0.076
2517.9066 I 20.028 0.08
2517.9136 I 19.971 0.054
2531.77246 I 20.024 0.068
2531.78236 I 20.001 0.07
2531.85426 I 20.042 0.046
2531.86156 I 20.083 0.053
2557.86951 I 20.204 0.057
2557.87591 I 20.2 0.067
2557.89911 I 20.195 0.075
2557.90541 I 20.09 0.055
2589.82369 I 20.457 0.087
2589.82999 I 20.361 0.064
2589.88119 I 20.545 0.067
2589.88779 I 20.784 0.143
2646.65296 I 20.956 0.093
2646.65896 I 20.673 0.1
2646.75036 I 20.91 0.21
2662.63257 I 20.504 0.119
2662.63887 I 20.672 0.162
2901.80134 I 20.711 0.106
2901.80784 I 20.782 0.117
2901.82104 I 20.621 0.08
2901.82764 I 20.536 0.058
2908.8859 I 20.686 0.083
2908.8997 I 20.588 0.056
2908.9061 I 20.507 0.057
2932.83438 I 20.443 0.041
2932.83998 I 20.494 0.041
2932.85118 I 20.433 0.047
2932.85678 I 20.381 0.039
3000.69435 I 20.066 0.078
3000.70045 I 19.963 0.063
3567.93689 I 21.074 0.114
4400.74658 H 17.187 0.073824115301167
4401.73428 H 17.295 0.0777817459305202
4401.92449 H 17.576 0.115433963806152
4400.75694 K 16.864 0.0697208720542134
4397.8957 H 17.664 0.033
4397.87304 J 18.604 0.034
3632.12429 K 17.872 0.067
3661.97992 K 17.416 0.059
3663.88386 K 17.436 0.08
3938.10129 K 17.422 0.061
4038.85678 K 17.884 0.071
4397.83374 K 17.508 0.042
