1379.98061 I 20.596 0.109
1384.96177 I 20.551 0.083
1385.96266 I 20.83 0.119
1428.92639 I 21.008 0.116
1428.96579 I 21.274 0.175
1429.75575 I 20.895 0.215
1429.79375 I 20.938 0.182
1429.91556 I 21.008 0.119
1432.82685 I 20.94 0.137
1432.93826 I 21.096 0.135
1433.80232 I 21.008 0.155
1433.91562 I 21.086 0.151
1458.69731 I 20.378 0.115
1458.82192 I 20.412 0.099
1458.91692 I 20.635 0.181
1459.69554 I 20.425 0.14
1459.95565 I 20.219 0.167
1460.88228 I 20.332 0.115
1462.87683 I 20.213 0.077
1462.96433 I 20.361 0.109
1463.70285 I 20.196 0.107
1463.75855 I 20.328 0.106
1463.88335 I 20.218 0.085
1481.6788 I 20.168 0.072
1481.7996 I 20.406 0.196
1481.8647 I 20.163 0.099
1482.66479 I 20.289 0.117
1482.78809 I 20.253 0.169
1483.66088 I 20.263 0.081
1483.80498 I 20.181 0.063
1484.66747 I 20.088 0.067
1484.84187 I 20.167 0.083
1485.65706 I 20.195 0.094
1485.79286 I 20.453 0.125
1486.81045 I 20.373 0.091
2517.9136 I 20.753 0.118
2517.9209 I 20.62 0.074
2531.84716 I 20.939 0.11
2531.85426 I 21.178 0.127
2557.90541 I 20.869 0.11
2557.91121 I 20.638 0.128
2589.8655 I 20.369 0.075
2589.8812 I 20.577 0.104
2646.75036 I 20.051 0.121
2901.82764 I 20.797 0.086
2901.83374 I 20.769 0.166
2908.9061 I 20.896 0.062
2908.9124 I 21.133 0.078
2932.85678 I 20.909 0.059
2932.86248 I 20.921 0.062
3000.70045 I 19.917 0.064
3000.70695 I 20.131 0.077
3643.07922 H 18.753 0.097
4037.79475 H 18.562 0.084
4114.81475 H 18.334 0.057
4357.98275 H 18.45 0.048
3643.07685 J 19.526 0.14
4036.84314 J 19.266 0.095
4037.84135 J 19.175 0.099
4038.81572 J 19.222 0.074
4114.79158 J 19.083 0.08
4357.96884 J 19.222 0.05
3633.00079 K 18.268 0.08
3643.08378 K 18.155 0.088
3662.00389 K 18.167 0.088
3663.88386 K 18.231 0.153
3678.89413 K 18.263 0.079
3938.03605 K 18.052 0.06
4036.79418 K 18.325 0.122
4037.7659 K 18.141 0.085
4114.76665 K 18.017 0.083
4357.9511 K 18.117 0.063
