1379.98061 I 18.118 0.013
1384.96177 I 18.141 0.011
1385.96266 I 18.149 0.014
1428.92639 I 18.614 0.016
1428.96579 I 18.642 0.024
1429.75575 I 18.676 0.028
1429.79375 I 18.656 0.018
1429.91556 I 18.638 0.022
1432.82685 I 18.694 0.021
1432.93826 I 18.724 0.023
1433.80232 I 18.699 0.019
1433.91562 I 18.73 0.018
1458.69731 I 19.086 0.037
1458.82192 I 19.075 0.028
1458.91692 I 19.255 0.111
1459.69554 I 19.095 0.039
1459.95565 I 19.163 0.098
1460.88228 I 19.129 0.033
1462.87683 I 19.123 0.03
1462.96433 I 19.117 0.035
1463.70285 I 19.231 0.049
1463.75855 I 19.233 0.041
1463.88335 I 19.265 0.034
1481.6788 I 19.505 0.044
1481.7996 I 19.677 0.136
1481.8647 I 19.544 0.054
1482.66479 I 19.435 0.045
1482.78809 I 19.857 0.153
1483.66088 I 19.52 0.043
1483.80498 I 19.528 0.037
1484.66747 I 19.56 0.044
1484.84187 I 19.549 0.055
1485.65706 I 19.662 0.061
1485.79286 I 19.574 0.051
1486.81045 I 19.589 0.052
2517.9136 I 18.295 0.029
2517.9209 I 18.333 0.021
2531.84716 I 18.417 0.022
2531.85426 I 18.425 0.022
2557.90541 I 18.7 0.028
2557.91121 I 18.665 0.06
2589.8655 I 19.008 0.042
2589.8812 I 19.049 0.033
2646.75036 I 19.712 0.088
2901.82764 I 18.52 0.036
2901.83374 I 18.682 0.164
2908.9061 I 18.558 0.021
2908.9124 I 18.575 0.019
2932.85678 I 18.633 0.013
2932.86248 I 18.664 0.013
3000.70045 I 18.763 0.041
3000.70695 I 18.732 0.039
4401.9245 H 15.728 0.0317804971641414
4401.92131 K 15.573 0.095524865872714
3643.07922 H 15.284 0.011
4037.79475 H 15.639 0.037
4114.81475 H 15.672 0.034
4357.98275 H 15.637 0.022
3643.07685 J 16.187 0.014
4036.84314 J 16.496 0.046
4037.84135 J 16.491 0.038
4038.81572 J 16.51 0.028
4114.79157 J 16.524 0.062
4357.96884 J 16.512 0.016
3633.00079 K 14.976 0.021
3643.08378 K 14.918 0.03
3662.00389 K 14.925 0.037
3663.88386 K 14.936 0.052
3678.89413 K 14.871 0.018
3938.03606 K 15.082 0.015
4036.79418 K 15.271 0.017
4037.7659 K 15.235 0.056
4114.76665 K 15.242 0.057
4357.9511 K 15.147 0.011
