1379.98061 I 20.11 0.065
1384.96177 I 20.387 0.076
1385.96266 I 20.308 0.09
1428.92639 I 22.773 0.71
1428.96579 I 21.807 0.27
1429.79375 I 21.649 0.326
1429.91556 I 22.215 0.321
1432.82685 I 21.929 0.358
1432.93826 I 22.103 0.347
1433.80232 I 22.125 0.55
1433.91562 I 22.08 0.402
1462.96433 I 22.384 0.878
1463.88335 I 22.323 0.575
1481.6788 I 22.605 0.831
1481.8647 I 22.351 0.735
1483.66088 I 22.349 0.748
1484.84187 I 22.256 0.674
2517.9136 I 20.916 0.133
2531.85426 I 20.545 0.075
2557.90541 I 19.745 0.029
2557.91121 I 19.774 0.072
2589.8812 I 19.552 0.056
2646.75036 I 20.446 0.15
2901.82764 I 21.041 0.112
2901.83374 I 20.717 0.174
2908.9061 I 21.153 0.11
2908.9124 I 21.103 0.076
2932.85678 I 21.732 0.12
2932.86248 I 22.108 0.192
3000.70045 I 21.317 0.197
3000.70695 I 22.15 0.452
4401.9245 H 17.906 0.127663620503258
4401.92131 K 17.312 0.123405834546021
3643.07922 H 17.792 0.042
4037.79475 H 18.087 0.062
4114.81475 H 17.705 0.043
4357.98275 H 17.719 0.031
3643.07685 J 18.593 0.065
4036.84314 J 18.63 0.065
4037.84135 J 18.712 0.073
4038.81572 J 18.673 0.049
4114.79158 J 18.398 0.068
4357.96884 J 18.496 0.03
3633.00079 K 17.323 0.039
3643.08378 K 17.326 0.05
3662.00389 K 17.385 0.054
3663.88387 K 17.5 0.092
3678.89413 K 17.674 0.049
3938.03605 K 17.848 0.058
4036.79418 K 17.713 0.07
4037.7659 K 17.603 0.07
4114.76665 K 17.276 0.065
4357.9511 K 17.293 0.032
