1379.9806 I 20.268 0.097
1384.96176 I 20.324 0.061
1385.96265 I 20.45 0.086
1428.92639 I 19.82 0.045
1428.96579 I 19.775 0.037
1429.75574 I 19.818 0.083
1429.79375 I 19.824 0.065
1429.91556 I 19.747 0.036
1432.82685 I 19.799 0.047
1432.93826 I 19.752 0.042
1433.80231 I 19.758 0.05
1433.91562 I 19.787 0.042
1458.69731 I 19.575 0.062
1458.82192 I 19.69 0.053
1458.91692 I 19.733 0.127
1459.69554 I 19.635 0.058
1459.95565 I 19.856 0.137
1460.88227 I 19.752 0.064
1462.87683 I 19.74 0.054
1462.96433 I 19.767 0.064
1463.70285 I 19.733 0.064
1463.75855 I 19.69 0.055
1463.88335 I 19.677 0.05
1481.6788 I 19.639 0.053
1481.7996 I 19.663 0.147
1481.8647 I 19.56 0.057
1482.66479 I 19.585 0.064
1482.78809 I 19.66 0.131
1483.66088 I 19.649 0.056
1483.80498 I 19.717 0.04
1484.66747 I 19.619 0.048
1484.84187 I 19.635 0.057
1485.65706 I 19.687 0.061
1485.79286 I 19.707 0.062
1486.81045 I 19.657 0.047
2517.9136 I 20.44 0.093
2531.85426 I 20.058 0.054
2557.90541 I 19.751 0.049
2557.91121 I 19.575 0.038
2589.8812 I 19.923 0.068
2646.75037 I 20.747 0.216
2901.82764 I 19.854 0.057
2901.83374 I 19.708 0.142
2908.9061 I 20 0.075
2908.9124 I 19.814 0.029
2932.85678 I 20.353 0.034
2932.86248 I 20.36 0.041
3000.70046 I 19.995 0.07
3000.70695 I 20.282 0.092
3643.07922 H 18.142 0.057
4037.79475 H 18.321 0.072
4114.81476 H 18.163 0.052
4357.98274 H 18.474 0.049
3643.07685 J 19.005 0.091
3643.08378 K 18.102 0.085
3663.88387 K 18.02 0.124
