1379.98061 I 21.151 0.241
1384.96177 I 20.752 0.104
1385.96266 I 20.611 0.122
1428.92639 I 19.956 0.046
1428.9658 I 19.896 0.049
1429.75575 I 20.689 0.212
1429.79375 I 20.515 0.121
1429.91556 I 19.997 0.05
1432.82686 I 20.063 0.064
1432.93826 I 20.004 0.066
1433.80232 I 20.065 0.067
1433.91563 I 19.972 0.052
1458.69731 I 19.517 0.065
1458.82192 I 19.652 0.05
1458.91692 I 19.82 0.137
1459.69554 I 19.485 0.054
1459.95565 I 19.884 0.137
1460.88228 I 19.466 0.052
1462.87683 I 19.557 0.048
1462.96433 I 19.556 0.057
1463.70285 I 19.427 0.056
1463.75855 I 19.605 0.057
1463.88335 I 19.647 0.059
1481.6788 I 19.435 0.042
1481.7996 I 19.842 0.172
1481.8647 I 19.343 0.045
1482.66479 I 19.435 0.053
1482.78809 I 19.663 0.111
1483.66088 I 19.456 0.042
1483.80498 I 19.317 0.031
1484.66747 I 19.483 0.049
1484.84187 I 19.346 0.038
1485.65706 I 19.362 0.04
1485.79286 I 19.506 0.051
1486.81044 I 19.462 0.044
2517.9136 I 21.029 0.161
2517.9209 I 21.031 0.191
2531.84716 I 20.98 0.136
2531.85426 I 21.382 0.155
2557.90541 I 21.4 0.208
2557.91121 I 21.255 0.205
2589.86549 I 20.642 0.114
2589.88119 I 20.367 0.091
2646.75035 I 19.546 0.068
2901.82764 I 19.864 0.051
2901.83374 I 19.68 0.113
2908.9061 I 19.856 0.051
2908.9124 I 19.85 0.041
2932.85678 I 19.71 0.027
2932.86248 I 19.685 0.026
3000.70045 I 20.687 0.131
3000.70694 I 20.866 0.149
2947.90881 H 17.628 0.0246981780704569
2947.90316 J 18.312 0.0523927475897189
2947.9159 K 17.302 0.0488364617882991
4401.9213 K 17.437 0.098508882848198
3643.07922 H 17.462 0.032
4037.79475 H 18.263 0.069
4114.81475 H 17.589 0.041
4357.98275 H 17.761 0.032
3643.07685 J 18.342 0.053
4036.84313 J 18.875 0.075
4037.84135 J 18.948 0.086
4038.81571 J 18.861 0.056
4114.79157 J 18.252 0.066
4357.96884 J 18.351 0.027
3633.00079 K 17.295 0.038
3643.08378 K 17.205 0.047
3662.00388 K 17.21 0.05
3663.88386 K 17.199 0.077
3678.89412 K 17.18 0.034
3938.03606 K 17.307 0.035
4036.79417 K 17.901 0.082
4037.7659 K 17.673 0.071
4114.76664 K 17.229 0.064
4357.9511 K 17.405 0.035
