1379.98061 I 20.444 0.115
1384.96177 I 20.365 0.068
1385.96266 I 20.271 0.092
1428.92639 I 19.79 0.046
1428.9658 I 19.923 0.09
1429.75575 I 19.444 0.061
1429.79375 I 19.561 0.047
1429.91556 I 19.608 0.037
1432.82685 I 19.524 0.052
1432.93826 I 19.606 0.047
1433.80232 I 19.548 0.039
1433.91562 I 19.673 0.048
1458.69731 I 19.729 0.067
1458.82192 I 19.6 0.048
1458.91692 I 19.766 0.12
1459.69554 I 19.679 0.061
1459.95565 I 19.725 0.133
1460.88228 I 19.617 0.06
1462.87683 I 19.661 0.045
1462.96433 I 19.679 0.065
1463.70285 I 19.681 0.07
1463.75855 I 19.711 0.071
1463.88335 I 19.661 0.055
1481.6788 I 19.865 0.067
1481.7996 I 20.203 0.227
1481.8647 I 19.986 0.087
1482.66479 I 19.803 0.075
1482.78809 I 19.986 0.155
1483.66088 I 19.857 0.062
1483.80498 I 19.915 0.063
1484.66747 I 19.907 0.071
1484.84187 I 19.834 0.06
1485.65706 I 19.936 0.076
1485.79286 I 20.006 0.089
1486.81044 I 20.01 0.072
2517.9136 I 19.807 0.067
2517.9209 I 19.799 0.049
2531.84716 I 19.956 0.051
2531.85426 I 19.986 0.071
2557.90541 I 20.427 0.052
2557.91121 I 20.356 0.062
2589.86549 I 21.402 0.283
2589.88119 I 21.363 0.244
2646.75036 I 21.235 0.326
2901.82764 I 20.444 0.08
2901.83374 I 20.443 0.2
2908.9061 I 20.462 0.049
2908.9124 I 20.511 0.062
2932.85678 I 20.815 0.062
2932.86248 I 20.852 0.067
3000.70045 I 21.213 0.202
3000.70695 I 21.623 0.301
2947.90881 H 17.49 0.0360555127546399
2947.90316 J 18.032 0.0508035431835222
2947.9159 K 16.939 0.05
4401.9245 H 17.56 0.104388696706109
3643.07922 H 17.293 0.028
4037.79475 H 17.6 0.049
4114.81475 H 17.57 0.041
4357.98275 H 17.575 0.029
3643.07685 J 18.116 0.044
4036.84313 J 18.3 0.057
4037.84135 J 18.361 0.059
4038.81571 J 18.335 0.04
4114.79157 J 18.264 0.066
4357.96884 J 18.322 0.027
3633.00079 K 16.767 0.029
3643.08378 K 16.797 0.039
3662.00388 K 16.945 0.046
3663.88386 K 16.968 0.07
3678.89412 K 17.024 0.031
3938.03606 K 16.7 0.023
4036.79417 K 17.09 0.043
4037.7659 K 17.016 0.061
4114.76664 K 17.026 0.062
4357.9511 K 16.976 0.025
