332.98228 I 20.407 0.048
333.91184 I 20.319 0.036
334.87981 I 20.288 0.048
348.78193 I 20.309 0.065
349.88529 I 20.187 0.056
350.90134 I 20.058 0.068
353.81287 I 20.158 0.118
353.81407 I 20.162 0.108
357.00941 I 20.317 0.203
357.01441 I 20.11 0.17
357.98534 I 20.139 0.078
357.99614 I 20.098 0.091
358.92218 I 20.21 0.051
358.93128 I 20.209 0.06
359.80831 I 20.054 0.051
359.81751 I 20.204 0.07
361.92418 I 20.152 0.057
361.99638 I 20.109 0.064
362.74811 I 20.029 0.057
362.87721 I 19.816 0.05
363.00021 I 19.987 0.079
363.75644 I 20.159 0.063
363.87964 I 20.13 0.056
364.79017 I 20.147 0.063
364.91107 I 20.148 0.06
365.9215 I 20.118 0.041
645.93199 I 20.318 0.066
651.86823 I 20.706 0.202
652.87232 I 20.382 0.115
653.96242 I 20.559 0.134
660.89136 I 20.814 0.082
660.95837 I 20.675 0.076
665.88822 I 20.854 0.084
673.94014 I 21.009 0.108
674.94293 I 21.313 0.157
679.88605 I 21.193 0.196
680.91174 I 21.069 0.242
685.97486 I 21.191 0.189
687.92691 I 21.186 0.096
688.9958 I 21.375 0.144
695.87951 I 20.903 0.079
696.00322 I 20.866 0.099
730.90329 I 20.145 0.061
2517.91361 I 21.003 0.171
2531.85427 I 20.952 0.115
2557.90541 I 20.494 0.073
2557.91121 I 20.36 0.099
2589.88119 I 19.897 0.065
2646.75036 I 19.925 0.097
2901.82764 I 20.82 0.057
2901.83374 I 20.889 0.243
2908.9061 I 20.76 0.053
2932.85678 I 20.138 0.03
2932.86248 I 20.165 0.042
3000.70045 I 20.017 0.072
3000.70695 I 19.97 0.077
3643.07922 H 18.633 0.088
4037.79475 H 17.993 0.059
4114.81475 H 17.966 0.047
4357.98275 H 18.823 0.064
3643.07685 J 19.44 0.131
4036.84314 J 18.993 0.08
4037.84135 J 18.824 0.081
4038.81571 J 18.988 0.059
4114.79157 J 18.678 0.071
4357.96884 J 19.412 0.059
3633.00079 K 17.638 0.049
3643.08378 K 17.97 0.077
3662.00389 K 17.796 0.068
3663.88387 K 18.033 0.131
3678.89413 K 17.836 0.057
3938.03606 K 17.64 0.04
4036.79418 K 17.711 0.072
4037.7659 K 17.731 0.07
4114.76664 K 17.448 0.067
4357.9511 K 18.129 0.068
