2517.9136 I 20.032 0.06
2517.9209 I 20.089 0.055
2531.84716 I 20.506 0.082
2531.85426 I 20.5 0.074
2557.90541 I 21.064 0.101
2557.91121 I 21.378 0.158
2589.86549 I 22.263 0.493
2589.88119 I 21.633 0.268
2901.82764 I 20.436 0.045
2901.83374 I 20.32 0.144
2908.9061 I 20.225 0.044
2908.9124 I 20.163 0.041
2932.85678 I 19.724 0.032
2932.86248 I 19.73 0.024
3643.07922 H 18.598 0.085
4037.79475 H 17.954 0.06
4114.81475 H 18.459 0.061
4357.98275 H 18.597 0.054
3643.07685 J 19.078 0.096
4036.84313 J 18.821 0.07
4037.84135 J 18.795 0.077
4038.81571 J 18.881 0.054
4114.79157 J 19.066 0.079
4357.96884 J 19.13 0.047
3633.00079 K 18.142 0.072
3643.08378 K 18.066 0.082
3662.00388 K 17.52 0.058
3663.88386 K 18.039 0.13
3678.89412 K 17.694 0.05
3938.03606 K 17.477 0.037
4036.79417 K 17.792 0.077
4037.7659 K 17.8 0.072
4114.76665 K 17.874 0.077
4357.95109 K 17.965 0.056
