1379.98061 I 19.994 0.091
1384.96177 I 20.391 0.095
1385.96266 I 20.221 0.103
1428.92639 I 20.114 0.074
1428.96579 I 20.099 0.082
1429.75575 I 20.561 0.201
1429.79375 I 20.388 0.095
1429.91556 I 20.154 0.1
1432.82685 I 20.183 0.077
1432.93826 I 20.073 0.081
1433.80232 I 20.143 0.076
1433.91562 I 20.06 0.073
1458.69731 I 20.089 0.112
1458.82192 I 20.012 0.073
1458.91692 I 20.063 0.134
1459.69554 I 19.782 0.074
1459.95565 I 20.612 0.246
1460.88227 I 20.026 0.094
1462.87683 I 20.035 0.074
1462.96433 I 19.951 0.09
1463.70285 I 19.9 0.091
1463.75855 I 19.845 0.074
1463.88335 I 19.987 0.075
1481.6788 I 19.693 0.057
1481.7996 I 19.626 0.155
1481.8647 I 19.409 0.056
1482.66479 I 19.609 0.07
1482.78809 I 19.769 0.146
1483.66088 I 19.668 0.065
1483.80498 I 19.656 0.063
1484.66747 I 19.615 0.062
1484.84187 I 19.544 0.069
1485.65706 I 19.44 0.055
1485.79286 I 19.577 0.073
1486.81044 I 19.547 0.048
2517.9136 I 20.058 0.078
2517.9209 I 20.12 0.073
2531.84716 I 19.93 0.05
2531.85426 I 19.932 0.039
2557.90541 I 19.552 0.044
2557.91121 I 19.519 0.054
2589.8655 I 19.382 0.051
2589.88119 I 19.425 0.044
2646.75036 I 19.827 0.09
2901.82764 I 19.56 0.05
2901.83374 I 19.64 0.128
2908.9061 I 19.499 0.03
2908.9124 I 19.535 0.023
2932.85678 I 19.465 0.02
2932.86248 I 19.551 0.022
3000.70045 I 19.739 0.061
3000.70695 I 19.829 0.069
4401.92131 K 17.054 0.130384048104053
3643.07922 H 17.098 0.024
4037.79475 H 17.221 0.043
4114.81475 H 17.354 0.039
4357.98275 H 17.002 0.025
3643.07685 J 17.903 0.038
4036.84313 J 19.061 0.158
4037.84135 J 18.194 0.054
4038.81571 J 18.441 0.041
4114.79157 J 19.11 0.084
4357.96884 J 18.135 0.024
3633.00079 K 16.279 0.024
3643.08378 K 16.29 0.034
3662.00388 K 16.358 0.04
3663.88386 K 16.412 0.059
3678.89412 K 16.376 0.023
3938.03606 K 16.36 0.02
4036.79417 K 16.527 0.028
4037.7659 K 16.491 0.058
4114.76665 K 16.573 0.059
4357.9511 K 16.342 0.017
