1379.98061 I 20.809 0.133
1384.96177 I 21.084 0.139
1385.96266 I 21.07 0.168
1433.91562 I 22.485 0.515
1481.8647 I 22.431 0.806
2499.97552 I 20.335 0.056
2517.9209 I 19.872 0.09
2517.9268 I 19.881 0.042
2531.84036 I 19.902 0.049
2531.84716 I 20.071 0.194
2557.91121 I 20.113 0.068
2557.93341 I 20.152 0.055
2589.8594 I 21.029 0.155
2589.8655 I 20.803 0.133
2901.83374 I 20.87 0.064
2901.83964 I 20.901 0.069
2908.9124 I 21.161 0.093
2908.9191 I 20.99 0.092
2932.86248 I 21.336 0.092
2932.86818 I 21.221 0.068
3000.71465 I 20.846 0.146
4401.9245 H 17.223 0.0608276253029822
4401.92131 K 16.839 0.0756637297521078
3643.07922 H 17.685 0.039
4037.79475 H 17.315 0.044
4114.81475 H 17.633 0.042
4357.98275 H 17.24 0.026
3643.07685 J 18.523 0.061
4036.84314 J 18.064 0.053
4037.84135 J 18.075 0.052
4038.81572 J 18.102 0.036
4114.79158 J 18.408 0.068
4357.96884 J 18.095 0.024
3633.00079 K 17.334 0.039
3643.08378 K 17.384 0.051
3662.00389 K 17.211 0.051
3663.88387 K 17.471 0.09
3678.89413 K 17.355 0.039
3938.03605 K 17.399 0.038
4036.79418 K 16.997 0.04
4037.7659 K 16.99 0.06
4114.76665 K 17.119 0.063
4357.9511 K 16.931 0.024
