1379.98061 I 21.352 0.274
1384.96176 I 21.097 0.196
1385.96266 I 21.042 0.229
1428.92639 I 19.952 0.067
1428.96579 I 19.919 0.057
1429.75575 I 19.933 0.082
1429.79375 I 19.954 0.065
1429.91556 I 20.143 0.084
1432.82685 I 19.956 0.076
1432.93826 I 20.004 0.082
1433.80231 I 19.923 0.067
1433.91562 I 19.916 0.06
1458.69731 I 19.747 0.065
1458.82192 I 19.827 0.055
1458.91692 I 19.76 0.11
1459.69554 I 19.735 0.06
1459.95565 I 20.043 0.165
1460.88228 I 19.816 0.071
1462.87683 I 19.805 0.064
1462.96433 I 19.877 0.069
1463.70285 I 19.631 0.065
1463.75855 I 19.716 0.063
1463.88335 I 19.817 0.056
1481.6788 I 19.684 0.057
1481.7996 I 19.558 0.143
1481.8647 I 19.486 0.063
1482.66479 I 19.538 0.071
1482.78809 I 19.767 0.159
1483.66088 I 19.705 0.071
1483.80498 I 19.718 0.062
1484.66747 I 19.684 0.071
1484.84187 I 19.587 0.062
1485.65706 I 19.518 0.055
1485.79286 I 19.6 0.071
1486.81045 I 19.609 0.047
2499.97552 I 21.737 0.132
2517.9209 I 21.63 0.204
2517.9268 I 21.567 0.185
2531.84036 I 22.171 0.298
2531.84716 I 22.043 0.319
2557.91121 I 20.951 0.103
2557.93341 I 21.241 0.154
2589.8594 I 20.219 0.099
2589.8655 I 20.128 0.064
2901.83374 I 21.281 0.108
2901.83964 I 21.528 0.142
2908.9124 I 21.575 0.092
2908.9191 I 21.365 0.089
2932.86818 I 21.08 0.059
2947.9791 H 18.639 0.0381837661840736
2947.97361 J 19.334 0.0586003412959344
2947.98611 K 18.137 0.053851648071345
4401.92131 K 17.168 0.0915478017212866
3643.07922 H 18.018 0.051
4037.79475 H 18.173 0.065
4114.81476 H 18.594 0.066
4357.98275 H 18.2 0.041
3643.07685 J 18.724 0.072
4036.84314 J 18.842 0.072
4037.84135 J 18.747 0.074
4038.81572 J 18.819 0.051
4114.79158 J 19.262 0.085
4357.96884 J 18.795 0.036
3643.08378 K 17.702 0.063
3663.88387 K 18.159 0.142
