332.98228 I 20.936 0.078
333.91185 I 20.95 0.087
334.87981 I 20.931 0.094
348.78194 I 21.064 0.189
349.88529 I 21.553 0.238
350.90134 I 21.473 0.218
353.81288 I 21.477 0.362
353.81408 I 21.135 0.297
357.00941 I 21.942 0.962
357.01441 I 21.082 0.347
357.98535 I 21.441 0.273
357.99615 I 21.331 0.255
358.92218 I 21.38 0.186
358.93128 I 21.257 0.146
359.80831 I 21.316 0.193
359.81751 I 21.312 0.188
361.92418 I 21.723 0.235
361.99639 I 21.124 0.161
362.74811 I 21.689 0.293
362.87721 I 21.849 0.273
363.00022 I 21.576 0.315
363.75644 I 21.068 0.125
363.87964 I 21.841 0.277
364.79017 I 21.765 0.257
364.91107 I 21.167 0.161
365.9215 I 21.561 0.19
645.93199 I 20.944 0.13
651.86824 I 21.026 0.264
652.87233 I 20.717 0.135
653.96243 I 20.87 0.172
660.89137 I 20.663 0.084
660.95837 I 20.545 0.07
665.88822 I 20.433 0.061
673.94014 I 20.272 0.062
674.94293 I 20.325 0.066
679.88606 I 20.11 0.075
680.91174 I 20.027 0.101
685.97486 I 19.909 0.071
687.92692 I 19.901 0.046
688.9958 I 19.964 0.041
695.87952 I 19.803 0.037
696.00323 I 19.895 0.047
730.90329 I 19.397 0.03
2499.97553 I 19.557 0.033
2517.92091 I 19.585 0.049
2517.92681 I 19.548 0.047
2531.84037 I 19.546 0.036
2531.84717 I 19.569 0.04
2557.91121 I 19.805 0.053
2557.93341 I 19.745 0.053
2589.8594 I 20.391 0.099
2589.8655 I 20.553 0.104
2901.83374 I 21.383 0.114
2901.83965 I 21.477 0.156
2908.9124 I 21.621 0.175
2908.9191 I 21.678 0.198
2932.86248 I 21.537 0.115
2932.86818 I 21.545 0.107
3000.70694 I 20.098 0.084
3000.71464 I 20.149 0.087
2537.96766 H 17.752 0.0356089876295297
2949.90145 H 18.295 0.0305286750449475
2949.89584 J 18.916 0.0522015325445528
2537.9754 K 17.232 0.0521727898429823
2949.90853 K 17.784 0.0509607692249636
4401.92131 K 17.278 0.125399362039845
3643.07922 H 18.328 0.067
4037.79475 H 17.993 0.058
4114.81475 H 17.698 0.043
4357.98275 H 17.572 0.029
3643.07685 J 18.801 0.077
4036.84314 J 18.664 0.065
4037.84135 J 18.689 0.072
4038.81572 J 18.612 0.049
4114.79157 J 18.365 0.067
4357.96884 J 18.274 0.026
3633.00079 K 17.592 0.047
3643.08378 K 17.665 0.062
3662.00389 K 17.856 0.071
3663.88387 K 18.058 0.134
3678.89413 K 17.919 0.06
3938.03606 K 17.808 0.052
4036.79418 K 17.783 0.077
4037.7659 K 17.537 0.068
4114.76664 K 17.236 0.064
4357.9511 K 17.194 0.029
