332.98228 I 20.238 0.145
333.91185 I 20.377 0.186
334.87981 I 20.34 0.171
349.88529 I 20.994 0.349
660.95837 I 20.931 0.306
665.88822 I 20.642 0.188
673.94014 I 20.589 0.231
685.97486 I 20.107 0.171
687.92692 I 20.133 0.209
688.9958 I 20.205 0.165
695.87952 I 20.102 0.161
696.00323 I 20.099 0.139
730.90329 I 20.235 0.209
1379.98062 I 20.068 0.092
1384.96178 I 20.231 0.08
1385.96267 I 20.288 0.125
1429.91557 I 21.504 0.253
1432.93827 I 21.994 0.559
1482.66479 I 21.236 0.366
1483.80498 I 21.228 0.245
2499.91492 I 21.204 0.271
2499.97553 I 20.987 0.1
2517.7976 I 21.087 0.194
2517.88341 I 20.69 0.138
2531.75826 I 20.594 0.098
2531.76606 I 20.48 0.099
2531.84037 I 20.709 0.108
2531.84717 I 20.629 0.112
2557.84941 I 19.964 0.065
2557.86051 I 19.946 0.071
2557.91121 I 20.049 0.061
2557.93341 I 19.973 0.064
2589.8115 I 19.686 0.043
2589.8177 I 19.673 0.065
2589.85939 I 19.835 0.073
2589.86549 I 19.841 0.076
2646.64086 I 20.002 0.057
2646.64656 I 19.979 0.102
2662.61986 I 20.195 0.091
2662.62616 I 20.119 0.085
2901.78234 I 20.544 0.085
2901.79414 I 20.755 0.084
2901.83374 I 20.526 0.083
2901.83964 I 20.81 0.098
2908.8243 I 20.489 0.077
2908.8311 I 20.294 0.138
2908.9124 I 20.734 0.058
2908.9191 I 20.716 0.079
2932.82018 I 20.409 0.035
2932.82658 I 20.42 0.045
2932.86248 I 20.659 0.059
2932.86818 I 20.418 0.038
2958.83069 I 20.079 0.05
2958.83669 I 19.943 0.091
3000.64825 I 19.658 0.049
3000.66805 I 19.678 0.284
3000.70694 I 19.894 0.089
3000.71464 I 19.877 0.084
3566.8852 I 20.72 0.05
3567.8917 I 20.661 0.038
3567.9299 I 20.681 0.134
2537.13991 H 18.517 0.0311448230047949
2537.1469 K 18.181 0.053851648071345
4400.74658 H 18.414 0.127663620503258
4400.75694 K 17.831 0.111449540151586
3643.07922 H 17.888 0.046
4037.79475 H 18.588 0.086
4114.81474 H 18.055 0.049
4357.98275 H 18.279 0.043
3643.07685 J 18.511 0.061
4036.84314 J 19.092 0.082
4037.84135 J 19.061 0.091
4038.81572 J 19.001 0.062
4114.79157 J 18.685 0.071
4357.96884 J 18.979 0.042
3633.00079 K 17.835 0.056
3643.08378 K 17.558 0.057
3662.00389 K 17.52 0.058
3663.88387 K 17.558 0.095
3678.89413 K 17.532 0.044
3938.03606 K 17.826 0.056
4036.79418 K 18.504 0.136
4037.7659 K 18.173 0.092
4114.76664 K 17.694 0.072
4357.9511 K 17.877 0.052
