332.98228 I 19.96 0.04
333.91185 I 20.023 0.037
334.87981 I 20.034 0.051
348.78194 I 20.354 0.075
349.88529 I 20.337 0.065
350.90134 I 20.581 0.108
353.81288 I 20.358 0.114
353.81408 I 20.553 0.148
357.00941 I 20.505 0.232
357.01441 I 20.74 0.28
357.98535 I 20.414 0.094
357.99615 I 20.443 0.096
358.92218 I 20.598 0.083
358.93128 I 20.621 0.081
359.80831 I 20.5 0.068
359.81751 I 20.591 0.081
361.92418 I 20.764 0.107
361.99639 I 20.726 0.116
362.74811 I 21.018 0.167
362.87721 I 20.885 0.128
363.00022 I 20.872 0.152
363.75644 I 20.742 0.112
363.87964 I 20.671 0.099
364.79017 I 20.6 0.102
364.91107 I 20.739 0.099
365.9215 I 20.797 0.078
645.93199 I 21.212 0.196
651.86823 I 22.197 0.692
652.87233 I 21.037 0.19
653.96243 I 21.369 0.274
660.89136 I 21.214 0.134
660.95837 I 21.468 0.172
665.88822 I 20.874 0.102
673.94014 I 21.084 0.121
674.94293 I 20.893 0.113
679.88606 I 21.199 0.218
680.91174 I 20.529 0.176
685.97486 I 20.637 0.106
687.92691 I 20.505 0.067
688.9958 I 20.479 0.074
695.87952 I 20.356 0.074
696.00322 I 20.468 0.09
730.90329 I 19.723 0.043
2499.97553 I 19.741 0.038
2517.92091 I 19.908 0.072
2531.84717 I 20.111 0.074
2557.91121 I 20.622 0.093
2557.93341 I 20.847 0.087
2589.8594 I 20.937 0.201
2589.8655 I 21.055 0.171
2901.83374 I 20.005 0.053
2901.83964 I 19.935 0.048
2908.9124 I 19.932 0.042
2908.9191 I 19.953 0.042
2932.86248 I 19.529 0.023
2932.86818 I 19.558 0.019
3000.70695 I 19.516 0.05
3000.71464 I 19.576 0.061
3643.07922 H 18.474 0.076
4037.79475 H 17.867 0.055
4114.81475 H 18.261 0.055
4357.98275 H 18.352 0.045
3643.07685 J 19.006 0.091
4036.84314 J 18.392 0.058
4037.84135 J 18.508 0.065
4038.81572 J 18.495 0.043
4114.79157 J 18.814 0.073
4357.96884 J 18.943 0.041
3633.00079 K 17.83 0.056
3643.08378 K 17.857 0.071
3662.00389 K 18.09 0.083
3663.88387 K 18.055 0.136
3678.89413 K 17.759 0.052
3938.03606 K 17.593 0.041
4036.79418 K 17.424 0.055
4037.7659 K 17.425 0.065
4114.76664 K 17.704 0.073
4357.9511 K 17.846 0.05
