332.98228 I 20.054 0.04
333.91185 I 20.096 0.039
334.87981 I 20.13 0.041
348.78194 I 20.419 0.08
349.88529 I 20.35 0.062
350.90134 I 20.369 0.084
353.81288 I 20.268 0.12
353.81408 I 20.327 0.12
357.00941 I 20.52 0.214
357.01441 I 20.39 0.213
357.98535 I 20.607 0.139
357.99615 I 20.55 0.127
358.92218 I 20.584 0.078
358.93128 I 20.543 0.094
359.80831 I 20.539 0.072
359.81751 I 20.444 0.064
361.92418 I 20.567 0.078
361.99639 I 20.947 0.128
362.74811 I 20.819 0.131
362.87721 I 21.071 0.167
363.00022 I 20.795 0.145
363.75644 I 20.836 0.135
363.87964 I 20.813 0.102
364.79017 I 20.693 0.107
364.91107 I 20.806 0.11
365.9215 I 20.62 0.067
645.93199 I 19.698 0.042
651.86823 I 19.966 0.107
652.87233 I 19.719 0.059
653.96243 I 19.928 0.079
660.89136 I 19.877 0.043
660.95837 I 19.73 0.027
665.88822 I 19.91 0.043
673.94014 I 19.944 0.045
674.94293 I 19.975 0.061
679.88606 I 20.027 0.054
680.91174 I 20.034 0.099
685.97486 I 20.018 0.065
687.92692 I 19.978 0.042
688.9958 I 20.136 0.059
695.87952 I 20.172 0.057
696.00323 I 20.276 0.07
730.90329 I 20.666 0.093
1379.98062 I 19.68 0.051
1384.96177 I 19.712 0.038
1385.96267 I 19.719 0.069
1428.9264 I 20.629 0.113
1428.9658 I 20.653 0.116
1429.79376 I 20.908 0.195
1429.91557 I 20.588 0.105
1432.82686 I 20.808 0.156
1432.93827 I 20.736 0.143
1433.80232 I 20.846 0.18
1433.91563 I 20.739 0.121
1484.66747 I 21.862 0.49
2499.95433 I 20.284 0.066
2499.97553 I 20.305 0.071
2517.92681 I 20.444 0.121
2531.83367 I 20.58 0.085
2531.84037 I 20.526 0.071
2557.93341 I 20.831 0.1
2557.93932 I 20.783 0.095
2589.8536 I 20.79 0.094
2589.8594 I 20.716 0.156
2901.83965 I 20.627 0.062
2901.84605 I 20.713 0.075
2908.91911 I 20.858 0.089
2908.92551 I 20.825 0.08
2932.86818 I 21.068 0.059
2932.87338 I 20.869 0.071
4401.9405 K 17.424 0.146342065039414
3643.07923 H 17.6 0.036
4037.79475 H 17.435 0.046
4114.81475 H 17.312 0.038
4357.98275 H 17.742 0.032
3643.07686 J 18.89 0.083
4036.84314 J 18.323 0.057
4037.84135 J 18.287 0.057
4038.81572 J 18.257 0.039
4114.79157 J 18.194 0.066
4357.96884 J 18.747 0.035
3633.00079 K 17.032 0.033
3643.08379 K 17.014 0.042
3662.00389 K 17.099 0.048
3663.88387 K 17.089 0.073
3678.89413 K 16.994 0.03
3938.03606 K 16.819 0.024
4036.79418 K 17.072 0.042
4037.7659 K 16.967 0.06
4114.76664 K 16.923 0.061
4357.9511 K 17.19 0.029
