1379.98061 I 20.15 0.068
1384.96177 I 20.212 0.062
1385.96266 I 20.409 0.103
1428.92639 I 22.018 0.389
1428.9658 I 21.725 0.312
1429.91556 I 21.603 0.224
1432.82686 I 21.947 0.44
1432.93826 I 22.535 0.619
1433.91563 I 21.626 0.264
1458.69732 I 20.941 0.221
1458.82192 I 20.805 0.155
1458.91692 I 21.773 0.486
1459.69555 I 21.158 0.247
1459.95565 I 21.525 0.454
1460.88228 I 21.415 0.272
1462.87683 I 20.527 0.103
1462.96433 I 20.893 0.214
1463.70285 I 20.819 0.193
1463.75855 I 20.757 0.131
1463.88335 I 20.729 0.133
1481.6788 I 20.784 0.135
1481.7996 I 20.883 0.28
1481.8647 I 20.601 0.143
1482.66479 I 20.357 0.112
1482.78809 I 21.239 0.348
1483.66089 I 20.379 0.105
1483.80498 I 20.464 0.072
1484.66748 I 20.239 0.08
1484.84187 I 20.354 0.111
1485.65706 I 20.466 0.114
1485.79286 I 20.341 0.103
1486.81045 I 20.442 0.09
2499.95432 I 19.795 0.035
2499.97552 I 19.946 0.045
2517.92681 I 19.803 0.049
2531.83367 I 19.625 0.034
2531.84037 I 19.696 0.036
2557.93341 I 19.887 0.048
2557.93931 I 19.835 0.055
2589.8536 I 20.417 0.095
2589.8594 I 20.458 0.109
2901.83964 I 20.31 0.039
2901.84604 I 20.444 0.058
2908.9191 I 20.546 0.051
2908.9255 I 20.696 0.057
2932.86818 I 20.878 0.053
2932.87338 I 20.71 0.045
2947.88471 H 18.572 0.025
2947.87899 J 19.169 0.0493963561409139
2947.89291 K 18.271 0.0487031826475437
4401.9405 K 17.62 0.175285481429581
3643.07922 H 18.631 0.088
4037.79475 H 18.191 0.066
4114.81475 H 18.772 0.075
4357.98275 H 18.031 0.037
3643.07685 J 19.952 0.2
4036.84314 J 19.03 0.081
4037.84135 J 18.7 0.072
4038.81572 J 18.755 0.049
4114.79157 J 19.436 0.092
4357.96884 J 18.667 0.033
3633.00079 K 18.417 0.09
3643.08378 K 18.406 0.108
3662.00389 K 18.324 0.099
3663.88387 K 18.261 0.156
3678.89413 K 17.897 0.059
3938.03606 K 18.211 0.073
4036.79418 K 17.84 0.078
4037.7659 K 17.891 0.073
4114.76665 K 18.301 0.096
4357.9511 K 17.761 0.047
