332.98229 I 19.533 0.032
333.91185 I 19.584 0.031
334.87982 I 19.543 0.032
348.78194 I 19.429 0.035
349.8853 I 19.521 0.037
350.90134 I 19.527 0.042
353.81288 I 19.481 0.064
353.81408 I 19.455 0.062
357.00941 I 19.374 0.076
357.01441 I 19.547 0.094
357.98535 I 19.513 0.052
357.99615 I 19.561 0.046
358.92218 I 19.626 0.034
358.93128 I 19.615 0.04
359.80831 I 19.539 0.04
359.81751 I 19.583 0.038
361.92419 I 19.604 0.037
361.99639 I 19.633 0.042
362.74811 I 19.604 0.04
362.87722 I 19.593 0.045
363.00022 I 19.642 0.051
363.75644 I 19.589 0.041
363.87964 I 19.63 0.039
364.79017 I 19.568 0.038
364.91107 I 19.639 0.033
365.9215 I 19.645 0.027
645.93199 I 20.137 0.065
651.86824 I 20.255 0.135
652.87233 I 20.398 0.072
653.96243 I 20.264 0.097
660.89137 I 20.283 0.065
660.95837 I 20.224 0.059
665.88823 I 20.079 0.05
673.94015 I 19.994 0.058
674.94293 I 19.929 0.052
679.88606 I 19.806 0.062
680.91175 I 19.864 0.08
685.97486 I 19.803 0.053
687.92692 I 19.711 0.041
688.9958 I 19.757 0.039
695.87952 I 19.637 0.039
696.00323 I 19.642 0.043
730.90329 I 19.501 0.036
1379.98062 I 19.463 0.06
1384.96178 I 19.416 0.041
1385.96267 I 19.5 0.054
1428.9264 I 19.576 0.049
1428.9658 I 19.595 0.05
1429.75576 I 19.564 0.076
1429.79376 I 19.574 0.057
1429.91557 I 19.584 0.051
1432.82686 I 19.595 0.049
1432.93827 I 19.638 0.053
1433.80233 I 19.612 0.055
1433.91563 I 19.684 0.056
1458.69732 I 19.996 0.11
1458.82192 I 19.959 0.083
1458.91692 I 19.925 0.144
1459.69555 I 19.753 0.079
1459.95566 I 20.306 0.227
1460.88228 I 20.011 0.103
1462.87683 I 20.137 0.087
1462.96433 I 19.921 0.098
1463.70285 I 20.013 0.099
1463.75855 I 20.087 0.1
1463.88335 I 20.078 0.104
1481.6788 I 20.278 0.11
1481.7996 I 20.685 0.326
1481.8647 I 20.026 0.107
1482.66479 I 20.35 0.139
1482.78809 I 20.065 0.183
1483.66088 I 20.414 0.146
1483.80498 I 20.339 0.115
1484.66747 I 20.44 0.123
1484.84187 I 20.27 0.12
1485.65706 I 20.388 0.147
1485.79286 I 20.703 0.188
1486.81045 I 20.324 0.114
2499.95433 I 20.218 0.081
2499.97553 I 20.258 0.07
2517.92681 I 20.694 0.114
2531.83367 I 20.318 0.104
2531.84037 I 20.384 0.085
2557.93342 I 20.232 0.096
2557.93932 I 20.225 0.063
2589.8536 I 20.048 0.069
2589.8594 I 19.904 0.089
2901.83965 I 19.835 0.056
2901.84605 I 19.806 0.049
2908.91911 I 19.902 0.048
2908.92551 I 19.921 0.067
2932.86818 I 20.329 0.038
2932.87338 I 20.218 0.036
4400.70547 H 18.003 0.0717007670809734
4400.69841 J 18.158 0.100224747442934
4400.71635 K 17.536 0.0541294744108974
4401.9405 K 17.039 0.0975141015443408
3643.07923 H 18.286 0.065
4037.79475 H 18.146 0.064
4114.81474 H 17.92 0.046
4357.98276 H 17.776 0.032
3643.07686 J 18.836 0.079
4036.84314 J 18.786 0.069
4037.84135 J 18.823 0.079
4038.81572 J 18.82 0.054
4114.79157 J 18.622 0.07
4357.96885 J 18.566 0.031
3633.00079 K 17.848 0.057
3643.08379 K 17.83 0.069
3662.00389 K 17.944 0.075
3663.88387 K 17.839 0.115
3678.89413 K 17.845 0.056
3938.03607 K 17.517 0.038
4036.79418 K 17.708 0.073
4037.7659 K 17.621 0.069
4114.76664 K 17.617 0.071
4357.9511 K 17.502 0.038
