332.98229 I 19.955 0.036
333.91185 I 19.934 0.038
334.87981 I 19.925 0.037
348.78194 I 19.843 0.042
349.8853 I 19.794 0.043
350.90134 I 19.846 0.046
353.81288 I 19.991 0.091
353.81408 I 19.977 0.093
357.00941 I 19.641 0.098
357.01441 I 19.727 0.119
357.98535 I 19.83 0.06
357.99615 I 19.845 0.065
358.92218 I 19.762 0.044
358.93128 I 19.779 0.032
359.80831 I 19.767 0.039
359.81751 I 19.738 0.04
361.92419 I 19.714 0.065
361.99639 I 19.773 0.045
362.74811 I 19.836 0.052
362.87721 I 19.746 0.048
363.00022 I 19.922 0.068
363.75644 I 19.784 0.047
363.87964 I 19.794 0.042
364.79017 I 19.78 0.046
364.91107 I 19.738 0.039
365.9215 I 19.72 0.033
645.93199 I 20.3 0.081
651.86824 I 20.252 0.135
652.87233 I 19.936 0.069
653.96243 I 20.066 0.082
660.89137 I 19.921 0.042
660.95837 I 19.896 0.045
665.88823 I 19.745 0.034
673.94015 I 19.58 0.037
674.94293 I 19.552 0.038
679.88606 I 19.441 0.041
680.91175 I 19.536 0.057
685.97486 I 19.453 0.036
687.92692 I 19.457 0.027
688.9958 I 19.498 0.031
695.87952 I 19.496 0.033
696.00323 I 19.552 0.038
730.90329 I 19.85 0.039
1379.98062 I 19.518 0.046
1384.96178 I 19.558 0.045
1385.96267 I 19.59 0.056
1428.9264 I 20.349 0.098
1428.9658 I 20.303 0.082
1429.75576 I 20.37 0.149
1429.79376 I 20.542 0.126
1429.91557 I 20.193 0.065
1432.82686 I 20.466 0.137
1432.93827 I 20.327 0.099
1433.80232 I 20.487 0.101
1433.91563 I 20.603 0.123
1484.66747 I 22.009 0.632
2499.95433 I 21.186 0.156
2499.97553 I 20.984 0.109
2517.92681 I 21.274 0.216
2531.83367 I 21.717 0.286
2531.84037 I 21.278 0.143
2557.93342 I 21.791 0.268
2557.93932 I 21.662 0.271
2589.8536 I 21.926 0.336
2589.8594 I 21.538 0.279
2901.83965 I 21.569 0.209
2901.84605 I 21.924 0.257
2908.91911 I 21.635 0.15
2908.92551 I 21.673 0.162
2932.86818 I 21.287 0.088
2932.87338 I 21.251 0.101
4400.70547 H 17.579 0.0412310562561766
4401.94386 H 17.649 0.13960659010233
4401.9405 K 17.153 0.107466273779265
3643.07923 H 17.774 0.042
4037.79475 H 17.839 0.054
4114.81474 H 17.041 0.037
4357.98276 H 17.755 0.032
3643.07686 J 18.685 0.07
4036.84314 J 18.588 0.063
4037.84135 J 18.509 0.064
4038.81572 J 18.477 0.045
4114.79157 J 17.898 0.064
4357.96885 J 18.496 0.03
3633.00079 K 17.24 0.037
3643.08379 K 17.319 0.05
3662.00389 K 17.438 0.056
3663.88387 K 17.341 0.083
3678.89413 K 17.322 0.038
3938.03607 K 17.287 0.034
4036.79418 K 17.382 0.054
4037.7659 K 17.158 0.063
4114.76664 K 16.649 0.059
4357.9511 K 17.29 0.032
