332.98229 I 19.659 0.026
333.91185 I 19.674 0.03
334.87982 I 19.673 0.029
348.78194 I 19.792 0.045
349.8853 I 19.818 0.042
350.90135 I 19.872 0.05
353.81288 I 19.734 0.069
353.81408 I 19.738 0.076
357.00941 I 19.935 0.117
357.01441 I 19.882 0.119
357.98535 I 19.805 0.059
357.99615 I 19.912 0.072
358.92218 I 19.924 0.042
358.93129 I 19.922 0.045
359.80832 I 19.894 0.04
359.81752 I 19.84 0.039
361.92419 I 19.991 0.047
361.99639 I 19.935 0.048
362.74811 I 19.923 0.057
362.87722 I 20.008 0.064
363.00022 I 19.85 0.066
363.75644 I 19.981 0.052
363.87965 I 19.923 0.051
364.79017 I 19.99 0.056
364.91108 I 19.949 0.051
365.9215 I 19.936 0.033
645.932 I 19.61 0.041
651.86824 I 19.922 0.099
652.87233 I 19.701 0.061
653.96243 I 19.621 0.06
660.89137 I 19.737 0.04
660.95838 I 19.749 0.04
665.88823 I 19.725 0.031
673.94015 I 19.785 0.036
674.94294 I 19.882 0.044
679.88606 I 19.911 0.056
680.91175 I 19.893 0.08
685.97487 I 19.923 0.056
687.92692 I 19.993 0.038
688.99581 I 19.93 0.04
695.87952 I 20.093 0.05
696.00323 I 19.98 0.057
730.9033 I 20.394 0.069
2499.97553 I 19.791 0.044
2517.92681 I 19.832 0.071
2531.82717 I 19.913 0.05
2531.83367 I 19.703 0.052
2531.84037 I 19.911 0.044
2557.93342 I 20.151 0.08
2557.93932 I 20.077 0.081
2557.94512 I 20.1 0.066
2589.8473 I 20.393 0.118
2589.8536 I 20.346 0.077
2589.8594 I 20.425 0.113
2901.83965 I 20.415 0.085
2901.84605 I 20.381 0.072
2901.85235 I 20.419 0.105
2908.91911 I 20.503 0.087
2908.92551 I 20.336 0.068
2932.86819 I 20.664 0.065
2932.87339 I 20.649 0.058
4401.94386 H 17.937 0.139917833030676
4401.9405 K 17.076 0.130384048104053
3643.07923 H 18.095 0.055
3643.99905 H 18.041 0.049
4039.77535 H 17.389 0.041
4397.89571 H 17.415 0.031
3642.99665 J 18.962 0.088
3643.9967 J 18.517 0.082
4397.87305 J 18.476 0.035
3632.1243 K 17.74 0.076
3643.08379 K 17.5 0.055
3644.00357 K 17.414 0.057
3661.97993 K 17.61 0.072
3663.88387 K 17.534 0.091
3938.10129 K 17.276 0.073
4038.85679 K 16.948 0.033
4397.83375 K 16.92 0.034
