332.98229 I 20.768 0.067
333.91185 I 20.789 0.066
334.87982 I 20.891 0.08
348.78194 I 21.717 0.265
349.8853 I 21.298 0.136
350.90134 I 21.543 0.222
353.81408 I 22.347 0.661
357.01441 I 21.296 0.464
357.98535 I 22.062 0.473
357.99615 I 22.355 0.649
358.92218 I 21.599 0.193
358.93128 I 22.332 0.311
359.80831 I 22.133 0.378
359.81752 I 21.645 0.206
361.92419 I 21.757 0.22
361.99639 I 22.254 0.453
362.74811 I 22.106 0.444
363.75644 I 22.498 0.494
363.87965 I 22.717 0.641
364.91107 I 21.74 0.217
365.9215 I 21.48 0.144
645.93199 I 22.17 0.446
651.86824 I 21.223 0.281
652.87233 I 21.995 0.439
660.89137 I 21.41 0.179
660.95837 I 21.622 0.173
665.88823 I 21.457 0.159
673.94015 I 21.056 0.11
674.94293 I 21.114 0.153
679.88606 I 20.792 0.123
680.91175 I 21.244 0.23
685.97486 I 20.658 0.102
687.92692 I 20.523 0.07
688.9958 I 20.58 0.077
695.87952 I 20.563 0.075
696.00323 I 20.464 0.063
730.90329 I 21.026 0.121
1379.98062 I 20.387 0.109
1384.96178 I 20.568 0.105
1385.96267 I 20.539 0.144
1428.9264 I 21.58 0.264
1428.9658 I 21.134 0.19
1429.75576 I 21.114 0.327
1429.79376 I 21.234 0.208
1429.91557 I 21.171 0.179
1432.82686 I 21.491 0.319
1432.93827 I 21.216 0.199
1433.80233 I 21.402 0.278
1433.91563 I 21.948 0.349
1482.66479 I 22.067 0.798
1483.66088 I 21.796 0.45
1483.80498 I 20.929 0.186
1484.66747 I 21.251 0.242
1484.84187 I 21.446 0.373
1485.65706 I 21.867 0.501
1485.79286 I 21.418 0.382
1486.81045 I 21.25 0.256
2499.95433 I 20.314 0.063
2499.97553 I 20.367 0.088
2517.92681 I 20.808 0.107
2531.83367 I 21.295 0.151
2531.84037 I 21.221 0.117
2557.93342 I 21.031 0.124
2557.93932 I 21.008 0.165
2589.8536 I 20.552 0.125
2589.8594 I 20.451 0.103
2901.83965 I 20.36 0.06
2901.84605 I 20.442 0.051
2908.91911 I 20.565 0.07
2908.92551 I 20.521 0.059
2932.86818 I 21.239 0.075
2932.87338 I 21.138 0.075
3643.07923 H 19.575 0.197
4037.79475 H 19.94 0.272
4114.81474 H 18.741 0.074
4357.98276 H 19.2 0.086
4036.84314 J 20.387 0.19
4037.84135 J 20.291 0.178
4038.81572 J 20.259 0.152
4114.79157 J 19.634 0.102
4357.96885 J 19.928 0.09
3633.00079 K 18.764 0.123
3643.08379 K 18.726 0.14
3662.00389 K 19.276 0.215
3678.89413 K 18.912 0.138
3938.03607 K 18.841 0.128
4036.79418 K 19.262 0.234
4037.7659 K 18.953 0.161
4114.76664 K 18.551 0.112
4357.9511 K 18.882 0.124
