332.98229 I 20.286 0.06
333.91185 I 20.247 0.071
334.87982 I 20.317 0.062
348.78194 I 20.426 0.088
349.8853 I 20.461 0.078
350.90135 I 20.368 0.103
353.81288 I 20.237 0.115
353.81408 I 20.149 0.121
357.00941 I 20.168 0.164
357.01441 I 20.144 0.17
357.98535 I 20.354 0.11
357.99615 I 20.296 0.114
358.92218 I 20.533 0.089
358.93128 I 20.478 0.109
359.80832 I 20.417 0.078
359.81752 I 20.679 0.087
361.92419 I 20.308 0.087
361.99639 I 20.288 0.088
362.74811 I 19.983 0.075
362.87722 I 20.114 0.074
363.00022 I 20.059 0.092
363.75644 I 20.233 0.073
363.87965 I 19.942 0.067
364.79017 I 20.311 0.092
364.91107 I 20.348 0.082
365.9215 I 20.603 0.09
645.932 I 20.387 0.08
651.86824 I 19.831 0.115
652.87233 I 20.435 0.123
653.96243 I 19.9 0.081
660.89137 I 20.367 0.084
660.95838 I 20.565 0.1
665.88823 I 20.467 0.09
673.94015 I 20.627 0.114
674.94294 I 20.634 0.109
679.88606 I 20.651 0.125
680.91175 I 20.76 0.185
685.97486 I 20.6 0.109
687.92692 I 20.797 0.097
688.9958 I 20.873 0.112
695.87952 I 21.081 0.133
696.00323 I 20.958 0.151
730.90329 I 20.87 0.149
2499.91493 I 22.068 0.312
2499.95433 I 22.059 0.388
2499.97553 I 21.744 0.314
2517.7897 I 21.524 0.273
2517.7976 I 22.515 0.607
2531.75027 I 22.165 0.4
2531.75827 I 21.688 0.241
2531.84037 I 21.378 0.205
2557.79451 I 20.987 0.143
2557.84941 I 20.971 0.101
2589.8061 I 20.467 0.071
2589.8115 I 20.358 0.081
2589.8536 I 20.327 0.097
2646.63476 I 20.366 0.086
2646.64086 I 20.235 0.073
2662.61356 I 20.131 0.075
2662.61986 I 20.06 0.079
2901.77614 I 20.433 0.053
2901.78235 I 20.387 0.057
2901.83965 I 20.297 0.066
2901.84605 I 20.462 0.09
2908.8181 I 20.452 0.07
2908.8243 I 20.244 0.058
2932.81358 I 20.071 0.03
2932.82018 I 20.117 0.03
2932.86818 I 20.166 0.035
2932.87338 I 20.018 0.037
2958.82439 I 19.964 0.051
2958.83069 I 19.961 0.045
3000.64825 I 20.434 0.078
3000.65494 I 20.605 0.108
3566.88521 I 20.081 0.028
3566.91681 I 20.121 0.021
3567.9437 I 20.149 0.053
4400.70547 H 17.626 0.0373363094051889
4401.70461 H 17.429 0.0892692556258872
4400.69841 J 18.27 0.075
4400.71635 K 17.19 0.0697208720542134
4401.70091 K 16.94 0.115433963806152
3643.07923 H 17.418 0.031
4037.79475 H 17.462 0.046
4114.81474 H 17.274 0.038
4357.98276 H 17.472 0.029
3643.07686 J 18.184 0.047
4036.84314 J 18.209 0.055
4037.84135 J 18.27 0.057
4038.81572 J 18.234 0.039
4114.79156 J 18.064 0.065
4357.96885 J 18.291 0.026
3633.0008 K 16.874 0.03
3643.08379 K 16.896 0.04
3662.00389 K 17.143 0.049
3663.88387 K 17.082 0.073
3678.89413 K 17.105 0.033
3938.03607 K 16.985 0.029
4036.79418 K 17.114 0.043
4037.7659 K 17.011 0.061
4114.76664 K 17.035 0.062
4357.95111 K 16.954 0.025
