2499.95433 I 19.722 0.04
2531.82717 I 20.194 0.07
2531.83367 I 20.222 0.064
2557.93932 I 21.139 0.149
2557.94512 I 20.853 0.11
2589.8473 I 21.428 0.229
2589.8536 I 21.46 0.22
2901.84605 I 20.452 0.055
2901.85235 I 20.483 0.067
2908.92551 I 20.446 0.045
2932.87339 I 20.059 0.032
2932.94829 I 20.05 0.046
4401.9405 K 17.22 0.109457754407808
3643.99904 H 18.063 0.05
4039.77535 H 18.185 0.078
4397.89571 H 17.652 0.035
3643.99669 J 18.74 0.099
4397.87305 J 18.475 0.035
3632.1243 K 17.977 0.089
3644.00356 K 17.82 0.078
3661.97993 K 17.802 0.079
3663.88387 K 17.622 0.1
3938.10129 K 17.513 0.085
4038.85679 K 17.655 0.058
4397.83375 K 17.316 0.041
