332.97389 I 20.672 0.071
333.92016 I 20.771 0.082
335.00013 I 20.82 0.084
348.76535 I 20.868 0.138
349.8552 I 21.372 0.139
349.8635 I 21.153 0.144
350.89285 I 20.803 0.173
352.95285 I 20.908 0.21
353.82238 I 21.988 0.515
356.99492 I 21.279 0.479
357.00452 I 21.113 0.372
358.02205 I 20.975 0.216
358.94199 I 21.596 0.211
358.95089 I 21.056 0.146
359.82772 I 21.667 0.24
359.83662 I 21.389 0.159
361.93389 I 21.673 0.247
362.00569 I 21.599 0.307
362.75782 I 21.151 0.201
363.00982 I 21.023 0.181
363.76735 I 21.958 0.347
363.89025 I 21.152 0.209
364.80108 I 22.215 0.321
364.92048 I 21.265 0.136
365.7592 I 21.568 0.203
365.93141 I 21.436 0.159
645.9521 I 20.419 0.075
646.89519 I 20.339 0.098
651.89054 I 20.132 0.13
652.88064 I 20.526 0.089
653.97074 I 20.351 0.101
660.89967 I 20.444 0.065
660.96678 I 20.591 0.075
665.87633 I 20.811 0.102
672.00248 I 20.723 0.144
673.96085 I 20.89 0.117
674.95184 I 21.011 0.132
679.90217 I 21.376 0.188
680.95566 I 21.104 0.198
685.92737 I 21.189 0.325
685.96657 I 21.266 0.209
687.96233 I 21.21 0.124
688.95951 I 21.031 0.155
690.93406 I 21.793 0.209
695.90543 I 21.541 0.174
730.9622 I 21.577 0.271
2499.90403 I 22.184 0.662
2499.94583 I 21.213 0.147
2499.95434 I 21.225 0.19
2517.78971 I 20.82 0.147
2517.80431 I 20.897 0.186
2531.75027 I 20.722 0.112
2531.78927 I 21.202 0.152
2531.83368 I 20.866 0.142
2557.79452 I 20.91 0.112
2557.80622 I 20.724 0.097
2557.93932 I 20.521 0.096
2557.94512 I 20.542 0.072
2589.8001 I 20.523 0.082
2589.8061 I 20.458 0.069
2589.8473 I 20.439 0.097
2589.8536 I 20.579 0.118
2646.62806 I 20.849 0.123
2646.63476 I 21.213 0.213
2662.60576 I 21.238 0.229
2662.61356 I 21.303 0.22
2901.76995 I 20.399 0.068
2901.77615 I 20.491 0.082
2901.84605 I 20.327 0.086
2901.85235 I 20.238 0.034
2908.81811 I 20.269 0.06
2908.92551 I 20.363 0.062
2932.80679 I 20.423 0.041
2932.81359 I 20.441 0.04
2932.87339 I 20.337 0.038
2932.94829 I 20.138 0.052
3567.94371 I 20.343 0.076
3567.94991 I 20.292 0.055
2537.12286 H 18.529 0.0313847096529504
2537.12986 K 18.418 0.0563648826841678
4400.70548 H 18.39 0.0739797269527267
4400.71636 K 17.972 0.1263962024746
4401.9405 K 17.909 0.35214201680572
3643.99905 H 18.507 0.074
4039.77535 H 18.38 0.092
4397.89571 H 18.153 0.049
4397.87305 J 19.116 0.058
3632.1243 K 18.619 0.16
3644.00357 K 18.596 0.151
3661.97993 K 18.654 0.146
3663.88387 K 18.484 0.209
3938.1013 K 18.339 0.157
4038.85679 K 18.016 0.08
4397.83375 K 18.057 0.066
