332.97389 I 20.047 0.047
333.92015 I 20.138 0.052
335.00013 I 20.06 0.048
348.76534 I 20.123 0.068
349.8552 I 20.131 0.07
349.8635 I 20.135 0.072
350.89285 I 20.437 0.124
352.95284 I 20.563 0.167
353.82238 I 20.329 0.135
356.99491 I 20.426 0.182
356.99971 I 20.197 0.147
357.00451 I 20.453 0.229
358.02205 I 20.21 0.103
358.94199 I 20.362 0.087
358.95089 I 20.402 0.086
359.82772 I 20.43 0.074
359.83662 I 20.354 0.079
361.93389 I 20.368 0.083
362.00569 I 20.449 0.107
362.75782 I 19.921 0.076
363.00982 I 20.268 0.101
363.76735 I 20.294 0.086
363.89025 I 20.667 0.121
364.80107 I 20.377 0.068
364.92048 I 20.302 0.067
365.7592 I 20.261 0.062
365.9314 I 20.322 0.058
645.9521 I 20.097 0.069
646.89518 I 20.038 0.074
651.89054 I 20.018 0.11
652.88063 I 20.079 0.075
653.97073 I 20.047 0.075
660.89967 I 20.377 0.083
660.96678 I 20.274 0.07
665.87633 I 20.371 0.088
672.00248 I 20.862 0.201
673.96085 I 20.489 0.1
674.95184 I 20.485 0.079
679.90217 I 20.961 0.173
680.95565 I 20.729 0.166
685.92736 I 20.75 0.213
685.96657 I 20.672 0.13
687.96233 I 20.737 0.107
688.9595 I 20.55 0.126
690.93406 I 20.924 0.132
695.90543 I 21.092 0.15
730.9622 I 21.279 0.213
2531.82717 I 21.524 0.282
2531.83367 I 21.766 0.331
2557.93932 I 21.029 0.155
2557.94512 I 21.036 0.145
2589.8473 I 20.228 0.075
2589.8536 I 20.01 0.065
2901.84605 I 19.676 0.034
2901.85235 I 19.701 0.062
2908.92551 I 19.826 0.046
2932.87339 I 19.988 0.03
2932.94829 I 20.107 0.052
4401.94386 H 17.569 0.0812157620169878
4400.71635 K 17.272 0.0509901951359279
4401.9405 K 17.369 0.115433963806152
3643.99905 H 19.052 0.118
4039.77535 H 17.859 0.059
4397.89571 H 17.787 0.038
3643.9967 J 19.331 0.163
4397.87305 J 18.501 0.036
3632.1243 K 18.346 0.118
3644.00357 K 18.435 0.132
3661.97993 K 18.305 0.112
3663.88387 K 18.102 0.142
3938.10129 K 18.151 0.139
4038.85679 K 17.605 0.056
4397.83375 K 17.213 0.038
