2499.95433 I 19.745 0.039
2531.82717 I 19.931 0.06
2531.83367 I 19.86 0.062
2557.93932 I 20.248 0.085
2557.94512 I 20.188 0.076
2589.8473 I 20.632 0.096
2589.8536 I 20.811 0.155
2901.84605 I 19.789 0.036
2901.85235 I 19.815 0.039
2908.92551 I 19.899 0.034
2932.87339 I 20.185 0.037
2932.94829 I 20.05 0.05
4401.94386 H 16.94 0.0521727898429823
4401.9405 K 16.65 0.0519711458407451
3643.99905 H 17.116 0.023
4039.77535 H 17.024 0.032
4397.89571 H 17.1 0.027
3643.9967 J 17.812 0.046
4397.87305 J 17.812 0.023
3632.1243 K 16.9 0.044
3644.00357 K 16.758 0.036
3661.97993 K 16.765 0.051
3663.88387 K 16.627 0.061
3938.10129 K 17.155 0.07
4038.85679 K 16.674 0.027
4397.83375 K 16.71 0.032
