332.97389 I 20.3 0.053
333.92015 I 20.4 0.084
335.00013 I 20.287 0.09
348.76534 I 20.519 0.108
349.8552 I 20.681 0.098
349.8635 I 20.813 0.115
350.89285 I 20.497 0.126
352.95284 I 20.546 0.163
353.82238 I 20.705 0.157
356.99491 I 21.231 0.424
356.99971 I 20.806 0.289
357.00451 I 20.863 0.288
358.02205 I 20.736 0.186
358.94199 I 20.562 0.135
358.95089 I 20.323 0.12
359.82772 I 20.678 0.114
359.83662 I 20.709 0.104
361.93389 I 21.055 0.152
362.00569 I 20.508 0.122
362.75781 I 21.399 0.266
363.00982 I 21.429 0.308
363.76734 I 20.991 0.173
363.89025 I 20.945 0.166
364.80107 I 20.861 0.107
364.92048 I 20.664 0.101
365.7592 I 20.85 0.11
365.9314 I 21.005 0.118
645.9521 I 20.212 0.074
646.89518 I 20.3 0.093
651.89054 I 20.506 0.183
652.88063 I 20.771 0.167
653.97073 I 20.602 0.11
660.89967 I 20.687 0.106
660.96678 I 20.726 0.099
665.87633 I 20.726 0.103
672.00248 I 21.286 0.297
673.96085 I 20.837 0.125
674.95184 I 20.814 0.133
679.90216 I 21.208 0.202
680.95565 I 21.095 0.217
685.92736 I 20.677 0.186
685.96656 I 21.172 0.214
687.96232 I 21.237 0.161
688.9595 I 21.179 0.201
690.93406 I 21.652 0.226
695.90542 I 21.327 0.156
730.9622 I 21.536 0.281
2499.95433 I 20.945 0.112
2531.82717 I 20.506 0.085
2531.83367 I 20.571 0.107
2557.93932 I 19.792 0.053
2557.94512 I 19.877 0.057
2589.8473 I 19.56 0.047
2589.8536 I 19.478 0.041
2901.84605 I 19.75 0.043
2901.85235 I 19.84 0.058
2908.92551 I 19.923 0.042
2932.94829 I 20.163 0.059
3643.07923 H 17.98 0.05
3643.99905 H 17.681 0.036
4039.77535 H 17.191 0.035
4397.89571 H 17.15 0.028
3642.99666 J 18.074 0.043
3643.9967 J 18.175 0.061
4397.87305 J 18.202 0.029
3632.1243 K 17.521 0.065
3643.08379 K 17.636 0.06
3644.00357 K 17.233 0.05
3661.97993 K 17.358 0.062
3663.88387 K 17.252 0.078
3938.10129 K 17.349 0.079
4038.85679 K 16.986 0.034
4397.83375 K 16.89 0.034
