2531.81968 I 20.896 0.117
2531.82718 I 21.316 0.135
2557.94512 I 20.4 0.057
2557.95242 I 20.323 0.061
2589.8416 I 19.724 0.048
2589.8473 I 19.755 0.044
2901.85235 I 19.657 0.029
2901.85886 I 19.614 0.054
2932.94319 I 20.075 0.055
2932.94829 I 20.04 0.047
3643.99905 H 18.048 0.049
4039.77536 H 17.674 0.051
4397.89572 H 18.191 0.051
3643.9967 J 18.576 0.086
4397.87306 J 18.989 0.052
3632.1243 K 17.841 0.08
3644.00357 K 17.635 0.067
3661.97994 K 17.584 0.07
3663.88388 K 17.451 0.09
3938.10129 K 17.46 0.081
4038.85679 K 17.17 0.039
4397.83376 K 17.734 0.052
