332.97389 I 20.448 0.073
333.92016 I 20.415 0.072
335.00013 I 20.389 0.082
348.76535 I 20.187 0.075
349.8552 I 20.283 0.07
349.8635 I 20.218 0.059
350.89285 I 20.148 0.095
352.95285 I 20.214 0.117
353.82239 I 20.136 0.093
356.99492 I 20.397 0.212
356.99972 I 20.184 0.167
357.00452 I 20.299 0.178
358.02206 I 20.212 0.103
358.94199 I 20.155 0.086
358.95089 I 20.031 0.068
359.82772 I 20.057 0.059
359.83662 I 20 0.057
361.93389 I 19.99 0.053
362.0057 I 19.952 0.059
362.75782 I 19.847 0.054
363.00983 I 19.913 0.068
363.76735 I 19.933 0.057
363.89025 I 19.952 0.058
364.80108 I 19.997 0.048
364.92048 I 19.998 0.052
365.7592 I 19.892 0.047
365.93141 I 19.978 0.058
645.9521 I 20.161 0.058
646.89519 I 20.108 0.082
651.89055 I 20.096 0.099
652.88064 I 20.293 0.102
653.97074 I 20.255 0.076
660.89968 I 20.347 0.071
660.96678 I 20.371 0.073
665.87633 I 20.413 0.07
672.00249 I 20.378 0.112
673.96086 I 20.618 0.101
674.95185 I 20.433 0.088
679.90217 I 20.839 0.13
680.95566 I 20.672 0.144
685.92737 I 20.938 0.272
685.96657 I 20.773 0.164
687.96233 I 20.68 0.088
688.95951 I 20.532 0.093
690.93406 I 20.718 0.093
695.90543 I 20.766 0.094
730.9622 I 20.251 0.08
2499.94584 I 20.602 0.187
2517.80431 I 20.304 0.132
2517.87532 I 20.674 0.139
2531.78928 I 20.985 0.213
2531.80668 I 20.342 0.164
2531.82718 I 20.843 0.117
2557.74982 I 20.68 0.169
2557.80622 I 21.019 0.32
2557.94512 I 21.259 0.227
2557.95242 I 21.007 0.205
2589.7945 I 20.903 0.193
2589.8001 I 21.214 0.387
2589.8416 I 20.606 0.14
2589.8473 I 20.722 0.124
2646.62216 I 19.724 0.109
2646.62806 I 19.892 0.133
2662.59926 I 19.781 0.114
2662.60576 I 19.752 0.1
2901.76375 I 20.56 0.207
2901.76995 I 20.586 0.192
2901.85236 I 20.638 0.228
2901.85886 I 20.68 0.221
2908.80541 I 20.161 0.099
2908.81181 I 20.473 0.162
2932.80119 I 20.873 0.073
2932.80679 I 20.83 0.07
2958.81219 I 20.374 0.126
2958.81829 I 20.619 0.123
3000.63564 I 20.162 0.082
3000.64214 I 20.171 0.112
3567.94991 I 20.989 0.241
3567.95581 I 20.826 0.166
4400.79205 H 18.045 0.0682495421230062
4400.80187 K 17.867 0.103484298325881
3643.99905 H 18.161 0.055
4039.77535 H 18.373 0.092
4397.89572 H 17.92 0.042
3643.9967 J 18.965 0.119
4397.87306 J 18.726 0.043
3632.12431 K 17.846 0.081
3644.00357 K 17.99 0.09
3661.97994 K 17.925 0.085
3663.88388 K 17.677 0.105
3938.1013 K 17.341 0.076
4038.85679 K 17.954 0.076
4397.83376 K 17.511 0.045
