1379.98062 I 19.852 0.05
1384.96178 I 19.81 0.037
1385.96267 I 19.771 0.044
1428.92639 I 19.635 0.032
1428.9658 I 19.645 0.032
1429.75575 I 19.594 0.059
1429.79375 I 19.613 0.039
1429.91556 I 19.664 0.038
1432.82686 I 19.597 0.036
1432.93826 I 19.584 0.034
1433.80232 I 19.628 0.039
1433.91563 I 19.582 0.036
1458.69731 I 19.103 0.036
1458.82191 I 19.198 0.03
1458.91692 I 19.302 0.082
1459.69554 I 19.187 0.037
1459.95565 I 19.401 0.082
1460.88227 I 19.148 0.034
1462.87682 I 19.057 0.025
1462.96432 I 19.093 0.034
1463.70284 I 19.082 0.031
1463.75854 I 19.076 0.031
1463.88335 I 19.025 0.025
1481.67879 I 18.874 0.022
1481.79959 I 19.135 0.099
1481.86469 I 18.867 0.028
1482.66478 I 18.873 0.026
1482.78808 I 19.14 0.103
1483.66087 I 18.907 0.024
1483.80497 I 18.903 0.023
1484.66746 I 18.931 0.024
1484.84186 I 18.9 0.028
1485.65705 I 18.913 0.026
1485.79285 I 18.913 0.027
1486.81044 I 18.945 0.024
2517.89901 I 20.118 0.126
2531.78236 I 19.784 0.069
2557.8759 I 19.631 0.077
2589.82999 I 19.273 0.055
2646.65896 I 19.297 0.045
2662.63886 I 19.374 0.053
2901.80784 I 20.105 0.107
2908.8859 I 19.963 0.091
2932.83997 I 19.563 0.033
2958.86828 I 19.112 0.054
3000.68194 I 19.257 0.045
4401.88773 H 17.331 0.0657647321898295
4081.74817 H 16.841 0.045
4125.74744 H 16.551 0.051
4386.89974 H 17.223 0.022
4117.70969 J 17.378 0.034
4397.85811 J 17.939 0.021
3632.06068 K 16.676 0.036
3661.93202 K 16.669 0.038
3663.88386 K 16.766 0.06
3727.74908 K 16.339 0.034
3938.07959 K 16.669 0.029
4081.7246 K 16.457 0.049
4125.71534 K 16.185 0.044
4386.87885 K 16.729 0.028
