1379.98062 I 19.473 0.041
1384.96177 I 19.51 0.03
1385.96267 I 19.474 0.035
1428.92639 I 19.734 0.034
1428.96579 I 19.709 0.038
1429.75575 I 19.992 0.094
1429.79375 I 20.003 0.061
1429.91556 I 19.739 0.042
1432.82685 I 19.879 0.044
1432.93826 I 19.85 0.05
1433.80232 I 19.807 0.043
1433.91562 I 19.856 0.055
1458.69731 I 20.216 0.109
1458.82191 I 19.903 0.06
1458.91692 I 20.387 0.135
1459.69554 I 19.997 0.091
1459.95565 I 20.867 0.266
1460.88227 I 20.113 0.079
1462.87682 I 20.177 0.084
1462.96433 I 20.269 0.09
1463.70284 I 20.258 0.115
1463.75854 I 20.305 0.105
1463.88335 I 20.198 0.079
1481.67879 I 20.572 0.105
1481.79959 I 20.371 0.181
1481.86469 I 20.929 0.206
1482.66479 I 20.343 0.107
1482.78808 I 20.88 0.229
1483.66088 I 20.449 0.102
1483.80498 I 20.606 0.076
1484.66747 I 20.53 0.112
1484.84186 I 20.789 0.13
1485.65705 I 20.945 0.176
1485.79285 I 20.495 0.116
1486.81044 I 20.59 0.114
2517.8915 I 20.783 0.125
2517.899 I 20.615 0.075
2531.77246 I 21.009 0.143
2531.78236 I 20.88 0.142
2589.82369 I 20.017 0.051
2589.82999 I 20.101 0.046
2646.65296 I 19.407 0.034
2662.63257 I 19.325 0.032
2662.63886 I 19.353 0.046
2901.80134 I 20.581 0.057
2901.80784 I 20.552 0.035
2908.83819 I 20.378 0.068
2908.85109 I 20.416 0.048
2908.8859 I 20.534 0.043
2932.83438 I 19.85 0.023
2958.84278 I 19.694 0.031
2958.86828 I 19.627 0.031
3000.67464 I 19.309 0.043
3567.9369 I 21.023 0.08
4401.88773 H 16.823 0.0338378486313773
4401.88384 K 16.596 0.0578705451849211
4039.77534 H 17.169 0.033
4397.8957 H 16.799 0.024
4397.87304 J 17.701 0.02
3632.12429 K 17.042 0.045
3661.97992 K 17.108 0.052
3663.88386 K 17.255 0.075
3938.10129 K 17.06 0.05
4038.85678 K 16.841 0.029
4397.83374 K 16.543 0.03
