1379.98062 I 20.272 0.08
1384.96178 I 20.424 0.078
1385.96267 I 20.523 0.088
1428.9264 I 21.191 0.148
1428.9658 I 21.572 0.217
1429.75575 I 21.44 0.29
1429.79375 I 22.012 0.38
1429.91556 I 21.619 0.186
1432.82686 I 21.588 0.217
1432.93826 I 21.399 0.166
1433.80232 I 21.374 0.2
1433.91563 I 21.449 0.203
1458.69731 I 20.603 0.148
1458.82191 I 20.953 0.139
1458.91692 I 21.734 0.403
1459.69554 I 20.648 0.148
1459.95565 I 21.526 0.366
1460.88227 I 21.032 0.187
1462.87682 I 20.716 0.116
1462.96433 I 20.547 0.127
1463.70284 I 20.469 0.128
1463.75855 I 20.603 0.134
1463.88335 I 20.678 0.122
1481.67879 I 20.46 0.085
1481.79959 I 20.642 0.228
1481.86469 I 20.78 0.173
1482.66479 I 20.275 0.111
1482.78808 I 20.875 0.22
1483.66088 I 20.164 0.075
1483.80498 I 20.335 0.068
1484.66747 I 20.189 0.069
1484.84186 I 20.1 0.072
1485.65706 I 20.364 0.097
1485.79285 I 20.106 0.076
1486.81044 I 20.248 0.076
2517.89151 I 21.016 0.157
2517.89901 I 21.099 0.153
2531.77246 I 21.588 0.258
2531.78236 I 21.093 0.183
2557.86951 I 20.767 0.108
2557.87591 I 20.961 0.113
2589.82369 I 20.318 0.073
2589.82999 I 20.298 0.065
2646.65296 I 20.862 0.1
2646.65896 I 20.957 0.121
2662.63256 I 20.975 0.144
2662.63886 I 20.728 0.149
2901.80134 I 20.514 0.06
2901.80784 I 20.511 0.049
2908.8382 I 20.701 0.092
2908.8511 I 20.652 0.07
2908.8859 I 20.632 0.059
2932.83438 I 21.167 0.067
2932.83998 I 21.077 0.069
2958.84278 I 21.371 0.141
2958.86828 I 21.492 0.158
3000.67464 I 20.244 0.087
3000.68194 I 20.232 0.072
3567.9369 I 20.056 0.046
4401.73065 K 17.504 0.10846197490365
4039.77534 H 18.316 0.08
4397.8957 H 18.641 0.065
4397.87304 J 19.363 0.061
3632.12429 K 18.237 0.089
3661.97992 K 18.521 0.111
3938.10129 K 18.406 0.125
4038.85678 K 17.957 0.071
4397.83374 K 18.291 0.071
