1379.98062 I 19.776 0.044
1384.96178 I 19.758 0.036
1385.96267 I 19.772 0.052
1428.9264 I 19.687 0.038
1428.9658 I 19.639 0.03
1429.75575 I 19.609 0.056
1429.79376 I 19.649 0.045
1429.91557 I 19.697 0.039
1432.82686 I 19.681 0.038
1432.93827 I 19.683 0.035
1433.80232 I 19.619 0.039
1433.91563 I 19.631 0.039
1458.69731 I 19.619 0.061
1458.82192 I 19.65 0.051
1458.91692 I 20.004 0.118
1459.69554 I 19.755 0.063
1459.95565 I 20.099 0.137
1460.88227 I 19.786 0.061
1462.87683 I 19.887 0.055
1462.96433 I 19.889 0.067
1463.70284 I 19.664 0.058
1463.75855 I 19.789 0.057
1463.88335 I 19.827 0.052
1481.67879 I 20.135 0.071
1481.79959 I 20.504 0.263
1481.86469 I 19.998 0.078
1482.66479 I 19.983 0.071
1482.78808 I 20.107 0.128
1483.66088 I 20.015 0.059
1483.80498 I 20.134 0.05
1484.66747 I 19.954 0.059
1484.84186 I 20.068 0.072
1485.65705 I 19.976 0.066
1485.79285 I 19.982 0.065
1486.81044 I 19.972 0.057
2517.89151 I 19.791 0.068
2517.89901 I 19.748 0.06
2531.77246 I 19.971 0.069
2531.78236 I 19.904 0.07
2557.86951 I 20.545 0.118
2557.87591 I 20.644 0.103
2589.82369 I 20.505 0.111
2589.82999 I 20.652 0.143
2646.65295 I 19.949 0.071
2646.65895 I 19.924 0.051
2662.63256 I 19.778 0.063
2662.63886 I 19.86 0.07
2901.80134 I 19.716 0.078
2901.80784 I 19.695 0.055
2908.8382 I 19.648 0.037
2908.8511 I 19.627 0.038
2908.8859 I 19.645 0.045
2932.83438 I 19.589 0.022
2932.83998 I 19.637 0.024
2958.84278 I 19.748 0.048
2958.86828 I 19.841 0.05
3000.67464 I 20.194 0.079
3000.68194 I 20.1 0.068
3567.9369 I 19.722 0.047
4400.74657 H 17.537 0.092655275079188
4401.68352 H 17.675 0.0746726188103779
4401.73428 H 17.554 0.0756637297521078
4400.74115 J 18.404 0.0868331733843696
4400.75693 K 17.177 0.0482700735445887
4081.74817 H 17.909 0.056
4125.74743 H 17.918 0.059
4386.89974 H 17.791 0.033
4117.70969 J 18.75 0.059
4397.85811 J 18.334 0.027
3632.06068 K 17.315 0.05
3661.93202 K 17.47 0.054
3663.88386 K 17.385 0.082
3727.74908 K 17.597 0.055
3938.07959 K 17.606 0.053
4081.7246 K 17.69 0.071
4125.71534 K 17.501 0.061
4386.87885 K 17.494 0.045
