2517.89151 I 20.524 0.088
2517.89901 I 20.387 0.069
2531.77246 I 20.392 0.084
2531.78236 I 20.165 0.075
2557.86951 I 19.822 0.049
2557.87591 I 19.839 0.036
2589.82369 I 19.736 0.049
2589.82999 I 19.687 0.048
2646.65296 I 20.744 0.094
2646.65896 I 20.701 0.097
2662.63256 I 20.824 0.144
2662.63886 I 21.548 0.345
2901.80134 I 20.093 0.075
2901.80784 I 20.078 0.036
2908.8382 I 20.054 0.056
2908.8511 I 19.986 0.039
2908.8859 I 20.13 0.04
2932.83438 I 19.962 0.026
2932.83998 I 19.909 0.027
2958.84278 I 19.661 0.032
2958.86828 I 19.665 0.035
3000.67464 I 20.209 0.084
3000.68194 I 20.234 0.075
3567.9369 I 20.189 0.042
4400.74657 H 18.329 0.115849039702537
4400.75693 K 18.039 0.0915478017212866
4401.73065 K 17.802 0.154324333790883
4397.8957 H 18.802 0.076
4397.87304 J 19.652 0.08
3632.12429 K 18.44 0.106
3661.97992 K 17.887 0.073
3938.10129 K 17.62 0.071
4038.85678 K 18.29 0.102
4397.83374 K 18.549 0.087
