2517.88341 I 19.635 0.04
2517.89151 I 19.643 0.041
2531.76607 I 19.669 0.045
2531.77247 I 19.695 0.045
2557.86051 I 19.744 0.039
2557.86951 I 19.684 0.041
2589.81769 I 20.234 0.077
2589.82369 I 20.288 0.092
2646.64655 I 21.116 0.116
2646.65295 I 20.991 0.08
2662.62615 I 21.46 0.253
2662.63255 I 21.534 0.201
2901.79415 I 21.397 0.11
2901.80135 I 21.594 0.185
2908.8311 I 21.629 0.18
2908.8382 I 21.832 0.245
2908.8511 I 21.8 0.202
2908.93171 I 21.69 0.128
2909.00201 I 21.544 0.153
2932.82658 I 21.173 0.069
2932.83438 I 21.23 0.067
2932.93778 I 21.109 0.082
2958.83668 I 20.15 0.052
2958.84278 I 20.156 0.053
3000.66804 I 19.654 0.047
3000.67463 I 19.559 0.044
3567.92991 I 20.799 0.07
3567.93691 I 21.013 0.063
4400.74658 H 16.671 0.0422018956920184
4401.73428 H 16.638 0.049030602688525
4400.74116 J 17.494 0.0613514466007119
4401.73821 J 17.549 0.077884529914483
4400.75694 K 16.199 0.0254950975679639
4401.67825 K 16.294 0.0628012738724303
4401.73065 K 16.165 0.0560892146495206
3679.82566 H 17.335 0.049
4116.73647 H 17.108 0.039
4377.88462 H 16.792 0.021
3679.83102 J 18.162 0.061
4118.70483 J 18.02 0.047
4377.8709 J 17.467 0.017
3632.07282 K 16.349 0.027
3661.95598 K 16.522 0.024
3663.88386 K 16.571 0.061
3678.90644 K 16.709 0.071
3679.82109 K 16.593 0.038
3727.74908 K 16.737 0.052
3938.05756 K 16.203 0.018
4074.81058 K 16.254 0.058
4115.76296 K 16.44 0.054
4362.84502 K 16.518 0.022
