2517.88341 I 19.783 0.05
2517.89151 I 19.825 0.055
2531.76606 I 20.092 0.06
2531.77246 I 20.221 0.071
2557.86051 I 20.893 0.092
2589.81769 I 21.046 0.171
2589.82369 I 21.128 0.172
2646.64656 I 20.241 0.072
2646.65296 I 20.302 0.054
2662.62616 I 19.848 0.059
2662.63256 I 19.969 0.06
2901.79414 I 20.505 0.107
2901.80134 I 20.555 0.117
2908.8311 I 20.71 0.107
2908.8382 I 20.644 0.091
2908.8511 I 20.755 0.086
2909.00201 I 20.839 0.079
2932.82658 I 20.679 0.051
2932.83438 I 20.731 0.052
2958.83668 I 20.106 0.052
2958.84278 I 19.994 0.046
3000.66804 I 19.636 0.052
3567.9299 I 21.192 0.111
3567.9369 I 21.181 0.085
4400.74658 H 18.327 0.110476241789807
4400.75694 K 18.057 0.106470653233649
4401.67825 K 17.723 0.188265769591819
3643.07922 H 18.836 0.105
3679.82567 H 18.173 0.072
4037.79475 H 18.036 0.06
4114.81474 H 18.539 0.057
4357.98275 H 17.964 0.036
3643.07685 J 19.054 0.095
3679.83103 J 18.612 0.081
4036.84313 J 18.813 0.07
4037.84135 J 18.789 0.074
4038.81571 J 18.758 0.05
4114.79156 J 19.034 0.078
4357.96884 J 18.576 0.031
3633.00079 K 18.522 0.099
3643.08378 K 18.451 0.112
3662.00388 K 17.953 0.076
3663.88386 K 17.944 0.12
3678.89412 K 17.821 0.055
3679.8211 K 17.913 0.08
3938.03607 K 18.378 0.091
4036.79417 K 17.812 0.077
4037.7659 K 17.805 0.072
4114.76664 K 18.142 0.088
4357.9511 K 17.708 0.045
