2517.88341 I 21.203 0.162
2517.89151 I 21.072 0.156
2531.76606 I 21.539 0.197
2531.77246 I 21.414 0.179
2557.86051 I 21.826 0.219
2589.81769 I 21.476 0.186
2589.82369 I 21.898 0.348
2646.64656 I 20.856 0.11
2646.65296 I 20.807 0.122
2662.62616 I 20.71 0.095
2662.63256 I 20.456 0.108
2901.79414 I 21.282 0.138
2901.80134 I 21.381 0.152
2908.8311 I 21.493 0.163
2908.8382 I 21.467 0.184
2908.8511 I 21.395 0.158
2909.00201 I 21.484 0.137
2932.82658 I 21.458 0.097
2932.83438 I 21.58 0.099
2958.83668 I 22.043 0.285
2958.84278 I 22.025 0.219
3000.66804 I 21.151 0.175
3567.9299 I 19.814 0.038
3567.9369 I 19.834 0.037
4400.74658 H 17.176 0.0347850542618522
4401.73428 H 17.051 0.0485077313425396
4400.74116 J 17.781 0.0523927475897189
4400.75694 K 16.746 0.0344818792991333
4401.67825 K 16.598 0.0816149496109628
4401.73065 K 16.543 0.0531507290636732
3643.07922 H 17.122 0.025
4037.79475 H 17.176 0.043
4114.81474 H 17.488 0.04
4357.98275 H 16.873 0.024
3643.07685 J 17.743 0.033
4036.84313 J 17.905 0.051
4037.84135 J 17.876 0.048
4038.81571 J 17.914 0.034
4114.79157 J 18.148 0.066
4357.96884 J 17.671 0.02
3633.00079 K 16.493 0.026
3643.08378 K 16.614 0.037
3662.00388 K 16.68 0.043
3663.88386 K 16.765 0.059
3678.89412 K 16.857 0.028
3938.03606 K 16.572 0.021
4036.79417 K 16.742 0.033
4037.7659 K 16.721 0.059
4114.76664 K 16.932 0.061
4357.9511 K 16.404 0.017
