1379.98062 I 20.896 0.141
1384.96178 I 21.153 0.158
1385.96267 I 21.118 0.184
1428.9264 I 20.18 0.068
1428.9658 I 20.075 0.053
1429.75576 I 20.157 0.109
1429.79376 I 20.156 0.086
1429.91557 I 20.054 0.069
1432.82686 I 20.128 0.082
1432.93827 I 20.078 0.07
1433.80232 I 20.074 0.07
1433.91563 I 20.043 0.073
1458.69731 I 20.074 0.103
1458.82192 I 19.899 0.077
1458.91692 I 20.23 0.14
1459.69554 I 20.227 0.118
1459.95565 I 20.138 0.144
1460.88228 I 20.014 0.106
1462.87683 I 19.807 0.069
1462.96433 I 20.142 0.104
1463.70285 I 19.946 0.092
1463.75855 I 19.952 0.087
1463.88335 I 19.771 0.055
1481.6788 I 19.928 0.061
1481.79959 I 20.246 0.177
1481.86469 I 20.006 0.094
1482.66479 I 19.902 0.091
1482.78809 I 20.432 0.172
1483.66088 I 19.901 0.063
1483.80498 I 19.962 0.069
1484.66747 I 19.919 0.068
1484.84187 I 19.889 0.08
1485.65706 I 20.174 0.097
1485.79286 I 19.914 0.084
1486.81044 I 20.041 0.082
2517.88341 I 20.465 0.092
2517.89151 I 20.449 0.108
2531.76606 I 20.829 0.137
2531.77246 I 21.001 0.118
2557.86051 I 21.153 0.105
2557.86951 I 21.083 0.164
2589.81769 I 21.493 0.176
2589.82369 I 21.275 0.197
2646.64656 I 20.49 0.089
2646.65296 I 20.449 0.089
2662.62616 I 20.003 0.075
2662.63256 I 19.977 0.055
2901.79414 I 21.169 0.164
2901.80134 I 21.257 0.129
2908.8311 I 21.47 0.15
2908.8382 I 21.947 0.295
2908.8511 I 21.753 0.241
2909.00201 I 21.725 0.243
2932.82658 I 21.333 0.092
2932.83438 I 21.364 0.086
2958.83668 I 21.035 0.123
2958.84278 I 21.287 0.129
3000.66804 I 20.591 0.118
3000.67464 I 20.36 0.103
3567.9299 I 21.314 0.155
3567.9369 I 21.627 0.146
4400.74658 H 17.307 0.0649384323802169
4401.68352 H 17.143 0.0708590149522275
4401.73428 H 17.066 0.0376430604494374
4400.74116 J 17.89 0.0702139587261678
4400.75694 K 16.746 0.0354400902933387
4401.67825 K 16.802 0.092655275079188
4401.73065 K 16.675 0.0598414572015087
4037.79475 H 17.396 0.045
4114.81474 H 16.888 0.036
4357.98276 H 17.591 0.03
4036.84313 J 18.242 0.056
4037.84135 J 18.25 0.056
4038.81571 J 18.197 0.039
4114.79156 J 17.697 0.063
4357.96884 J 18.395 0.028
3633.00079 K 17.067 0.033
3662.00389 K 16.984 0.046
3678.89412 K 17.077 0.032
3938.03607 K 17.009 0.028
4036.79417 K 17.073 0.042
4037.7659 K 16.863 0.06
4114.76663 K 16.455 0.059
4357.9511 K 17.115 0.028
