2517.88341 I 20.154 0.057
2517.89151 I 20.233 0.071
2531.76606 I 19.981 0.072
2531.77246 I 19.976 0.058
2557.86051 I 19.918 0.076
2557.86951 I 20.07 0.073
2589.81769 I 20.167 0.07
2589.82369 I 20.225 0.1
2646.64656 I 20.801 0.122
2646.65296 I 20.885 0.12
2662.62616 I 20.333 0.106
2662.63256 I 20.376 0.104
2901.79414 I 19.755 0.106
2901.80134 I 19.67 0.107
2908.8311 I 19.834 0.049
2908.8382 I 19.797 0.054
2908.8511 I 19.765 0.053
2909.00201 I 19.732 0.037
2932.82658 I 20.24 0.042
2932.83438 I 20.208 0.038
2958.83668 I 20.715 0.12
2958.84278 I 20.801 0.108
3000.66804 I 20.244 0.108
3000.67464 I 20.332 0.116
3567.9299 I 19.827 0.045
3567.9369 I 19.864 0.043
4400.74658 H 17.638 0.0526307894677631
4400.74116 J 18.54 0.0865852181379709
4400.75694 K 17.57 0.0697208720542134
4401.73065 K 17.472 0.102591422643416
3643.07922 H 18.37 0.07
4037.79475 H 18.112 0.062
4114.81474 H 18.144 0.051
4357.98275 H 18.143 0.039
3643.07685 J 19.008 0.091
4036.84313 J 18.898 0.073
4037.84135 J 18.882 0.083
4038.81571 J 18.834 0.054
4114.79157 J 18.927 0.076
4357.96884 J 18.963 0.041
3633.00079 K 18.224 0.077
3643.08378 K 18.045 0.081
3662.00389 K 18.055 0.081
3663.88386 K 18.226 0.152
3678.89412 K 18.143 0.071
3938.03607 K 17.928 0.055
4036.79417 K 17.934 0.088
4037.7659 K 17.829 0.074
4114.76664 K 17.782 0.075
4357.9511 K 17.928 0.054
