332.98229 I 19.928 0.039
333.91185 I 19.996 0.043
334.87981 I 19.945 0.036
348.78194 I 19.837 0.049
349.88529 I 19.828 0.045
350.90134 I 19.759 0.053
353.81288 I 20.134 0.094
353.81408 I 19.862 0.085
357.00941 I 19.959 0.153
357.01441 I 20.008 0.162
357.98535 I 19.768 0.07
357.99615 I 20.142 0.079
358.92218 I 19.941 0.051
358.93128 I 19.89 0.055
359.80831 I 19.783 0.041
359.81751 I 19.96 0.046
361.92418 I 19.738 0.038
361.99639 I 19.757 0.047
362.74811 I 19.711 0.056
362.87721 I 19.771 0.055
363.00022 I 20.122 0.094
363.75644 I 19.692 0.044
363.87964 I 19.811 0.048
364.79017 I 19.917 0.054
364.91107 I 19.978 0.049
365.9215 I 19.954 0.043
645.932 I 20.037 0.061
651.86824 I 19.773 0.095
652.87233 I 20.167 0.079
653.96243 I 19.846 0.065
660.89137 I 19.866 0.049
660.95838 I 19.968 0.044
665.88823 I 20.095 0.045
673.94015 I 19.874 0.052
674.94294 I 19.866 0.053
679.88606 I 19.95 0.063
680.91175 I 19.976 0.08
685.97486 I 19.81 0.059
687.92692 I 19.8 0.04
688.9958 I 19.82 0.046
695.87952 I 19.804 0.042
696.00323 I 19.641 0.049
730.90329 I 19.427 0.037
1379.98062 I 19.783 0.072
1384.96178 I 19.856 0.079
1385.96267 I 19.822 0.075
1428.9264 I 20.439 0.113
1428.9658 I 20.4 0.084
1429.75576 I 20.158 0.132
1429.79376 I 20.096 0.089
1429.91557 I 20.287 0.102
1432.82686 I 20.355 0.112
1432.93827 I 20.366 0.107
1433.80232 I 20.513 0.129
1433.91563 I 20.33 0.089
1458.69732 I 20.262 0.107
1458.82192 I 20.544 0.132
1458.91692 I 21.204 0.389
1459.69554 I 20.292 0.117
1459.95565 I 21.023 0.308
1460.88228 I 21.123 0.24
1462.87683 I 20.548 0.127
1462.96433 I 20.218 0.109
1463.70285 I 20.733 0.175
1463.75855 I 20.766 0.166
1463.88335 I 20.404 0.127
1481.6788 I 20.471 0.111
1481.7996 I 20.699 0.31
1481.86469 I 20.791 0.191
1482.66479 I 20.895 0.223
1482.78809 I 20.879 0.278
1483.66088 I 20.672 0.132
1483.80498 I 20.665 0.16
1484.66747 I 20.865 0.152
1484.84187 I 20.876 0.178
1485.65706 I 20.706 0.131
1485.79286 I 20.79 0.191
1486.81044 I 20.791 0.151
2517.88341 I 19.945 0.068
2517.89151 I 19.791 0.054
2531.76606 I 19.811 0.064
2531.77247 I 19.745 0.045
2557.86051 I 19.679 0.031
2557.86951 I 19.758 0.044
2589.82369 I 19.875 0.052
2646.64086 I 20.523 0.096
2646.64656 I 20.409 0.081
2646.65296 I 20.44 0.065
2662.61986 I 20.643 0.099
2662.63256 I 20.705 0.134
2901.79414 I 19.813 0.112
2901.80134 I 19.755 0.077
2908.8243 I 19.924 0.043
2908.8382 I 19.908 0.045
2908.8511 I 19.913 0.039
2909.00201 I 20.045 0.04
2932.82658 I 20.254 0.08
2932.83438 I 20.271 0.032
2958.83068 I 20.616 0.078
2958.83668 I 20.536 0.077
2958.84278 I 20.71 0.083
3000.64824 I 20.726 0.115
3000.66804 I 21.262 0.194
3000.67464 I 20.709 0.135
3567.9299 I 21.059 0.07
3567.9369 I 21.098 0.072
4400.74658 H 17.222 0.0442718872423573
4401.73429 H 17.203 0.0519230199429887
4400.74116 J 18.099 0.0890224690738243
4400.75694 K 16.941 0.0386005181312376
4401.67826 K 17.149 0.141428427128353
4401.73066 K 16.912 0.0728354309385206
3643.07922 H 17.461 0.032
3679.82567 H 17.554 0.053
4037.79475 H 17.745 0.052
4114.81474 H 17.225 0.038
4357.98276 H 17.621 0.03
3643.07685 J 18.243 0.049
3679.83103 J 18.191 0.063
4036.84313 J 18.466 0.06
4037.84135 J 18.494 0.064
4038.81571 J 18.423 0.043
4114.79156 J 17.92 0.064
4357.96884 J 18.384 0.028
3633.00079 K 17.02 0.033
3643.08378 K 17.048 0.043
3662.00389 K 17.065 0.048
3663.88387 K 17.086 0.074
3678.89412 K 17.051 0.032
3679.8211 K 17.126 0.048
3938.03607 K 17.14 0.032
4036.79417 K 17.367 0.054
4037.7659 K 17.176 0.063
4114.76663 K 16.813 0.06
4357.9511 K 17.196 0.029
