332.98228 I 20.186 0.047
333.91185 I 20.199 0.051
334.87981 I 20.12 0.042
348.78194 I 21.024 0.164
349.88529 I 20.575 0.085
350.90134 I 20.814 0.133
353.81287 I 20.51 0.15
353.81407 I 20.646 0.173
357.00941 I 21.074 0.374
357.01441 I 20.471 0.218
357.98534 I 20.888 0.172
357.99614 I 20.682 0.153
358.92218 I 20.88 0.12
358.93128 I 20.759 0.104
359.80831 I 20.905 0.112
359.81751 I 20.99 0.124
361.92418 I 21.091 0.148
361.99638 I 20.976 0.145
362.74811 I 21.67 0.291
362.87721 I 20.733 0.127
363.00022 I 20.385 0.121
363.75644 I 21.4 0.257
363.87964 I 21.081 0.16
364.79017 I 20.789 0.127
364.91107 I 20.773 0.104
365.9215 I 21.137 0.108
645.93199 I 20.516 0.117
651.86824 I 20.126 0.106
652.87233 I 20.121 0.097
653.96243 I 20.155 0.094
660.89137 I 20.105 0.067
660.95837 I 20.024 0.056
665.88822 I 19.873 0.042
673.94014 I 19.811 0.049
674.94293 I 19.906 0.051
679.88606 I 19.88 0.08
680.91174 I 19.748 0.067
685.97486 I 19.756 0.066
687.92692 I 19.74 0.044
688.9958 I 19.748 0.043
695.87952 I 19.74 0.037
696.00323 I 19.777 0.04
730.90329 I 19.94 0.05
2517.88341 I 19.722 0.049
2517.89151 I 19.707 0.052
2531.77246 I 19.72 0.064
2557.86051 I 20.288 0.061
2557.86951 I 20.321 0.073
2589.82369 I 21.033 0.169
2646.64656 I 20.362 0.072
2646.65296 I 20.408 0.078
2662.61986 I 20.381 0.094
2662.62616 I 20.112 0.085
2662.63256 I 20.405 0.116
2901.79414 I 19.618 0.087
2901.80134 I 19.576 0.053
2908.8243 I 19.704 0.043
2908.8311 I 19.737 0.04
2908.8382 I 19.509 0.038
2908.8511 I 19.668 0.036
2909.00201 I 19.701 0.031
2932.82658 I 19.787 0.022
2932.83438 I 19.76 0.023
2958.83068 I 20.279 0.179
2958.83668 I 20.172 0.056
2958.84278 I 20.258 0.052
3000.64825 I 21.529 0.271
3000.66804 I 20.719 0.127
3000.67464 I 21.493 0.296
3567.9299 I 20.443 0.068
3567.9369 I 20.644 0.077
4400.74658 H 18.393 0.0845931439302264
4401.73429 H 18.271 0.122588743365776
4400.75694 K 17.976 0.095524865872714
4401.73066 K 18.002 0.218229237271269
3643.07922 H 18.518 0.079
4037.79475 H 18.588 0.086
4114.81474 H 17.797 0.044
4357.98275 H 18.032 0.037
3643.07685 J 19.278 0.114
4036.84313 J 19.146 0.083
4037.84135 J 19.313 0.113
4038.81571 J 19.128 0.067
4114.79157 J 18.451 0.068
4357.96884 J 18.745 0.035
3633.00079 K 18.206 0.076
3643.08378 K 18.282 0.098
3662.00389 K 18.355 0.102
3663.88387 K 18.317 0.163
3678.89412 K 17.893 0.058
3938.03606 K 17.729 0.045
4036.79417 K 18.329 0.122
4037.7659 K 18.023 0.085
4114.76664 K 17.479 0.068
4357.9511 K 17.642 0.042
