2517.8834 I 19.671 0.053
2517.89151 I 19.656 0.052
2531.76606 I 19.906 0.058
2531.77246 I 19.872 0.059
2557.86051 I 20.148 0.064
2557.86951 I 20.065 0.06
2589.81769 I 21.488 0.271
2589.82369 I 21.095 0.165
2646.65296 I 22.903 0.83
2901.79414 I 21.042 0.127
2901.80134 I 21.12 0.176
2908.8311 I 21.501 0.206
2908.8382 I 22.08 0.335
2908.8511 I 21.723 0.23
2909.00201 I 21.585 0.171
2932.82658 I 22.244 0.202
2932.83438 I 22.105 0.172
2958.83668 I 22.367 0.346
2958.84278 I 22.1 0.275
3000.67464 I 21.977 0.474
3567.9299 I 21.599 0.188
3567.9369 I 21.66 0.142
4400.74658 H 17.811 0.0543415126767741
4401.68352 H 18.013 0.160611332103311
4400.74116 J 18.372 0.0909560333347931
4400.75694 K 17.307 0.049030602688525
4401.73065 K 17.501 0.133454111963626
3643.07922 H 18.536 0.081
4037.79475 H 18.225 0.067
4114.81474 H 17.435 0.039
4357.98275 H 18.097 0.038
3643.07685 J 19.072 0.096
4036.84313 J 18.841 0.071
4037.84135 J 18.977 0.087
4038.81571 J 18.855 0.052
4114.79157 J 18.152 0.066
4357.96884 J 18.775 0.036
3633.00079 K 17.574 0.046
3643.08378 K 17.643 0.061
3662.00388 K 17.578 0.06
3663.88386 K 17.684 0.102
3678.89412 K 17.515 0.043
3938.03606 K 17.407 0.036
4036.79417 K 17.5 0.059
4037.7659 K 17.362 0.065
4114.76664 K 16.917 0.061
4357.9511 K 17.485 0.037
