2517.88341 I 21.338 0.175
2517.89151 I 21.282 0.176
2531.76606 I 20.92 0.148
2531.77246 I 20.821 0.126
2557.86051 I 20.445 0.089
2557.86951 I 20.236 0.077
2589.81769 I 20.31 0.07
2589.82369 I 20.04 0.087
2646.64656 I 19.62 0.042
2646.65296 I 19.642 0.04
2662.62616 I 19.51 0.043
2662.63256 I 19.594 0.045
2901.79414 I 19.85 0.056
2901.80134 I 19.921 0.054
2908.8311 I 19.789 0.045
2908.8382 I 19.779 0.048
2908.8511 I 19.885 0.045
2909.00201 I 19.844 0.043
2932.82658 I 19.769 0.026
2932.83438 I 19.749 0.026
2958.83668 I 19.496 0.029
2958.84278 I 19.557 0.041
3000.66804 I 19.723 0.051
3000.67464 I 19.585 0.062
3567.9299 I 19.592 0.035
3567.9369 I 19.537 0.034
4400.74658 H 17.334 0.0502195181179589
4401.73428 H 17.302 0.0511957029446808
4400.74116 J 18.019 0.0673572564761956
4400.75694 K 16.994 0.0402616442783948
4401.67825 K 16.949 0.100498756211209
4401.73065 K 17.088 0.0837257427557379
3643.07922 H 17.147 0.025
4037.79475 H 17.313 0.044
4114.81474 H 17.221 0.038
4357.98275 H 17.24 0.026
3643.07685 J 17.838 0.036
4036.84313 J 18.061 0.053
4037.84135 J 18.055 0.051
4038.81571 J 18.044 0.036
4114.79157 J 17.98 0.065
4357.96884 J 18.036 0.023
3633.00079 K 16.724 0.028
3643.08378 K 16.749 0.038
3662.00388 K 16.838 0.044
3663.88386 K 16.898 0.068
3678.89412 K 16.842 0.028
3938.03606 K 16.746 0.024
4036.79417 K 16.941 0.038
4037.7659 K 16.908 0.06
4114.76664 K 16.861 0.06
4357.9511 K 16.912 0.024
