2517.88341 I 20.662 0.091
2517.89151 I 20.716 0.11
2531.76606 I 20.506 0.089
2531.77246 I 20.449 0.1
2557.86051 I 20.314 0.066
2557.86951 I 20.335 0.07
2589.81769 I 20.065 0.059
2589.82369 I 19.891 0.051
2646.64656 I 19.945 0.043
2646.65296 I 19.988 0.044
2662.62616 I 20.389 0.107
2662.63256 I 20.407 0.087
2901.79414 I 20.39 0.08
2901.80134 I 20.595 0.073
2908.8311 I 20.606 0.076
2908.8382 I 20.585 0.084
2908.8511 I 20.682 0.093
2909.00201 I 20.683 0.069
2932.82658 I 21.232 0.072
2932.83438 I 21.211 0.076
2958.83668 I 20.949 0.081
2958.84278 I 20.818 0.094
3000.66804 I 20.048 0.062
3000.67464 I 19.822 0.063
3567.9299 I 19.927 0.032
3567.9369 I 20.077 0.049
4400.74658 H 17.734 0.0602079728939615
4401.68353 H 17.615 0.117834629884427
4401.73429 H 17.787 0.0799061950038919
4400.74116 J 18.386 0.0933916484488843
4400.75694 K 17.522 0.0637887137352682
4401.73066 K 17.544 0.111543713404208
3643.07922 H 18.517 0.079
4037.79475 H 18.109 0.063
4114.81474 H 18.252 0.054
4357.98275 H 18.153 0.04
3643.07685 J 19.088 0.097
4036.84313 J 18.618 0.063
4037.84135 J 18.723 0.073
4038.81571 J 18.755 0.051
4114.79157 J 18.942 0.076
4357.96884 J 18.908 0.04
3633.00079 K 17.847 0.057
3643.08378 K 17.974 0.077
3662.00389 K 18.044 0.08
3663.88386 K 18.109 0.139
3678.89412 K 17.967 0.062
3938.03606 K 17.735 0.047
4036.79417 K 17.707 0.071
4037.7659 K 17.605 0.068
4114.76664 K 17.793 0.075
4357.9511 K 17.852 0.051
