1379.98063 I 20.089 0.073
1384.96179 I 20.185 0.072
1385.96268 I 20.136 0.074
1428.9264 I 20.153 0.064
1428.96581 I 20.217 0.064
1429.75576 I 20.253 0.116
1429.79376 I 20.395 0.098
1429.91557 I 20.209 0.09
1432.82686 I 20.244 0.079
1432.93827 I 20.2 0.072
1433.80233 I 20.248 0.079
1433.91563 I 20.195 0.065
1458.69732 I 20.874 0.187
1458.82192 I 20.477 0.107
1458.91692 I 20.799 0.228
1459.69554 I 20.892 0.19
1459.95565 I 20.802 0.217
1460.88228 I 20.838 0.169
1462.87683 I 20.39 0.093
1462.96433 I 20.592 0.142
1463.70285 I 20.51 0.133
1463.75855 I 20.647 0.157
1463.88335 I 20.542 0.117
1481.67879 I 20.816 0.146
1481.79959 I 20.944 0.355
1481.86469 I 20.637 0.137
1482.66479 I 20.853 0.218
1482.78809 I 21.03 0.264
1483.66088 I 20.513 0.095
1483.80498 I 20.707 0.128
1484.66747 I 20.477 0.127
1484.84187 I 20.576 0.143
1485.65706 I 20.717 0.167
1485.79285 I 20.575 0.155
1486.81044 I 20.708 0.138
2517.88341 I 20.017 0.057
2517.89151 I 19.96 0.054
2531.76607 I 20.051 0.064
2531.77247 I 19.982 0.05
2557.86051 I 19.887 0.039
2557.86951 I 19.881 0.054
2589.81769 I 20.089 0.071
2589.82369 I 20.076 0.055
2646.64655 I 20.543 0.076
2646.65295 I 20.458 0.072
2662.62615 I 20.594 0.115
2662.63255 I 20.644 0.132
2901.79415 I 19.947 0.102
2901.80135 I 19.873 0.105
2908.8311 I 20.015 0.044
2908.8382 I 20.013 0.048
2908.8511 I 19.952 0.048
2909.00201 I 20.018 0.039
2932.82658 I 19.79 0.022
2932.83438 I 19.809 0.023
2958.83668 I 19.923 0.042
2958.84278 I 19.922 0.04
3000.66804 I 20.364 0.089
3000.67463 I 20.344 0.082
3567.92991 I 20.277 0.061
3567.93691 I 20.358 0.052
4400.74658 H 17.609 0.0848528137423857
4401.68352 H 17.369 0.099724620831568
4401.73428 H 17.346 0.0700357051795725
4400.74116 J 18.654 0.170839105593538
4400.75694 K 16.845 0.0399249295553543
4401.67825 K 16.997 0.108903627120496
3679.82566 H 17.367 0.05
4116.73647 H 17.147 0.039
4377.88462 H 17.562 0.031
3679.83102 J 18.39 0.069
4118.70483 J 18.334 0.052
4377.8709 J 18.692 0.038
3632.07282 K 16.768 0.033
3661.95598 K 16.706 0.027
3663.88386 K 16.817 0.067
3678.90644 K 16.777 0.075
3679.82109 K 16.672 0.039
3727.74908 K 16.598 0.049
3938.05756 K 16.704 0.024
4074.81058 K 16.551 0.059
4115.76296 K 16.488 0.055
4362.84502 K 16.834 0.028
