2517.88341 I 20.083 0.067
2517.89151 I 20.105 0.082
2531.76606 I 20.087 0.064
2531.77246 I 20.105 0.066
2557.86051 I 19.935 0.062
2557.86951 I 19.924 0.055
2589.81769 I 19.757 0.047
2589.82369 I 19.805 0.059
2646.64656 I 20.219 0.079
2646.65296 I 20.233 0.06
2662.62616 I 20.602 0.148
2662.63256 I 20.593 0.129
2901.79414 I 20.295 0.102
2901.80134 I 20.18 0.097
2908.8311 I 20.458 0.076
2908.8382 I 20.605 0.095
2908.8511 I 20.353 0.069
2909.00201 I 20.361 0.052
2932.82658 I 20.952 0.058
2932.83438 I 21.176 0.094
2958.83668 I 21.144 0.134
2958.84278 I 21.602 0.194
3000.66804 I 20.644 0.135
3000.67464 I 20.738 0.173
3567.9299 I 19.94 0.044
3567.9369 I 19.995 0.05
4400.74658 H 17.708 0.085842879728024
4401.73429 H 17.467 0.054571054598569
4400.75694 K 17.039 0.0470744091837593
4401.67826 K 17.201 0.133375410027486
4401.73066 K 17.297 0.0945304183847718
3643.07922 H 17.543 0.034
4037.79475 H 17.829 0.054
4114.81474 H 17.523 0.04
4357.98275 H 17.465 0.028
3643.07685 J 18.232 0.048
4036.84313 J 18.521 0.061
4037.84135 J 18.594 0.068
4038.81571 J 18.51 0.044
4114.79157 J 18.237 0.066
4357.96884 J 18.219 0.025
3633.00079 K 17.135 0.035
3643.08378 K 17.147 0.045
3662.00389 K 17.208 0.05
3663.88386 K 17.448 0.089
3678.89412 K 17.488 0.043
3938.03606 K 17.46 0.04
4036.79417 K 17.528 0.06
4037.7659 K 17.489 0.068
4114.76664 K 17.121 0.063
4357.9511 K 17.086 0.027
