332.98228 I 20.744 0.087
333.91185 I 20.713 0.079
334.87981 I 20.699 0.076
348.78194 I 20.657 0.125
349.88529 I 20.441 0.076
350.90134 I 20.521 0.097
353.81287 I 20.465 0.143
353.81407 I 20.3 0.117
357.00941 I 20.332 0.184
357.01441 I 20.253 0.195
357.98534 I 20.464 0.111
357.99614 I 20.428 0.089
358.92218 I 20.504 0.084
358.93128 I 20.416 0.066
359.80831 I 20.387 0.068
359.81751 I 20.404 0.075
361.92418 I 20.594 0.081
361.99638 I 20.32 0.075
362.74811 I 20.588 0.113
362.87721 I 20.321 0.083
363.00022 I 20.341 0.103
363.75644 I 20.777 0.116
363.87964 I 20.432 0.075
364.79017 I 20.208 0.067
364.91107 I 20.431 0.071
365.9215 I 20.442 0.061
645.93199 I 20.503 0.098
651.86824 I 20.341 0.15
652.87233 I 20.316 0.093
653.96243 I 20.204 0.096
660.89137 I 20.259 0.057
660.95837 I 20.215 0.057
665.88822 I 20.034 0.049
673.94015 I 20.005 0.044
674.94293 I 19.942 0.045
679.88606 I 20.297 0.106
680.91174 I 19.8 0.083
685.97486 I 20.129 0.076
687.92692 I 20.036 0.052
688.9958 I 20.122 0.045
695.87952 I 20.022 0.046
696.00323 I 19.919 0.054
730.90329 I 19.74 0.039
2517.88341 I 20.027 0.109
2517.89151 I 19.934 0.112
2531.77246 I 19.824 0.068
2557.86051 I 20.301 0.159
2557.86951 I 20.113 0.098
2589.81769 I 20.504 0.109
2589.82369 I 20.348 0.086
2646.64656 I 21.038 0.153
2646.65296 I 20.879 0.121
2662.61986 I 21.282 0.211
2662.62616 I 20.724 0.132
2662.63256 I 21.156 0.236
2901.79414 I 20.525 0.129
2901.80134 I 20.698 0.132
2908.8243 I 21.055 0.137
2908.8311 I 20.87 0.096
2908.8382 I 21.02 0.119
2908.8511 I 20.839 0.092
2909.00201 I 20.802 0.094
2932.82658 I 20.899 0.058
2932.83438 I 20.845 0.064
2958.83668 I 21.335 0.152
2958.84278 I 21.091 0.124
3000.66804 I 20.447 0.094
3000.67464 I 20.882 0.166
3567.9299 I 21.045 0.11
3567.9369 I 20.947 0.139
4400.74658 H 17.308 0.0383275357934736
4401.73429 H 17.393 0.0549181208709839
4400.74116 J 18.344 0.0858661749468322
4400.75694 K 16.913 0.0357351367704113
4401.67826 K 16.927 0.114629839047257
4401.73066 K 17.028 0.076791926658992
3643.07922 H 17.772 0.042
4037.79475 H 17.244 0.044
4114.81474 H 17.552 0.041
4357.98275 H 17.309 0.027
3643.07685 J 18.634 0.067
4036.84313 J 18.021 0.053
4037.84135 J 18.068 0.052
4038.81571 J 18.058 0.036
4114.79157 J 18.267 0.066
4357.96884 J 18.122 0.024
3633.00079 K 17.286 0.038
3643.08378 K 17.25 0.048
3662.00389 K 17.342 0.053
3663.88387 K 17.325 0.083
3678.89412 K 17.159 0.034
3938.03607 K 17.299 0.035
4036.79417 K 16.94 0.038
4037.7659 K 16.873 0.06
4114.76664 K 17.053 0.062
4357.9511 K 16.845 0.023
