2517.88341 I 20.314 0.111
2517.89151 I 20.269 0.098
2531.76607 I 20.724 0.106
2531.77247 I 20.33 0.087
2557.86051 I 21.249 0.158
2557.86951 I 21.136 0.187
2589.81769 I 22.009 0.445
2589.82369 I 21.633 0.257
2646.64655 I 20.641 0.115
2646.65295 I 20.64 0.115
2662.62615 I 20.367 0.106
2662.63255 I 20.399 0.106
2901.79415 I 21.483 0.179
2901.80135 I 21.371 0.148
2908.8311 I 21.564 0.204
2908.8382 I 21.095 0.176
2908.8511 I 21.251 0.138
2909.00201 I 21.177 0.115
2932.82658 I 21.214 0.086
2932.83438 I 21.282 0.092
2958.83668 I 20.422 0.084
2958.84278 I 20.665 0.105
3000.66804 I 20.143 0.074
3000.67463 I 19.923 0.065
3567.92991 I 21.213 0.123
3567.93691 I 21.252 0.138
4400.74658 H 17.33 0.0596657355607052
4401.73428 H 17.484 0.0528866712887094
4400.74116 J 18.223 0.0796994353806851
4400.75694 K 16.845 0.0366878726556883
4401.73065 K 17.107 0.10159724405711
3679.82567 H 17.406 0.05
4116.73647 H 17.424 0.041
4377.88462 H 17.23 0.026
3679.83103 J 18.28 0.065
4118.70483 J 18.453 0.055
4377.8709 J 18.145 0.025
3632.07282 K 17.355 0.047
3661.95599 K 17.249 0.04
3663.88386 K 17.349 0.09
3678.90644 K 17.155 0.095
3679.8211 K 17.089 0.047
3727.74908 K 16.839 0.057
3938.05756 K 17.179 0.035
4074.81058 K 16.808 0.06
4115.76296 K 16.966 0.058
4362.84502 K 16.811 0.027
