332.98229 I 20.8 0.091
333.91185 I 20.628 0.066
334.87982 I 20.691 0.085
348.78194 I 20.375 0.077
349.8853 I 20.292 0.064
350.90134 I 20.191 0.069
353.81288 I 20.134 0.109
353.81408 I 20.04 0.104
357.00941 I 20.202 0.179
357.01441 I 20.184 0.178
357.98535 I 20.392 0.121
357.99615 I 20.113 0.076
358.92218 I 20.126 0.053
358.93128 I 20.282 0.064
359.80831 I 20.069 0.046
359.81751 I 20.3 0.07
361.92418 I 20.237 0.064
361.99639 I 20.166 0.074
362.74811 I 19.911 0.069
362.87721 I 20.231 0.073
363.00022 I 19.87 0.063
363.75644 I 20.228 0.065
363.87964 I 20.565 0.087
364.79017 I 20.167 0.062
364.91107 I 20.058 0.047
365.9215 I 20.1 0.046
645.932 I 20.93 0.141
651.86824 I 21.264 0.35
652.87234 I 20.598 0.128
653.96244 I 20.972 0.183
660.89138 I 20.496 0.08
660.95838 I 20.679 0.086
665.88823 I 20.704 0.084
673.94015 I 20.586 0.08
674.94294 I 20.735 0.093
679.88606 I 20.495 0.112
680.91175 I 20.569 0.13
685.97487 I 20.514 0.094
687.92692 I 20.408 0.055
688.99581 I 20.384 0.066
695.87952 I 20.247 0.056
696.00323 I 20.368 0.076
730.90329 I 19.915 0.048
1379.98063 I 20.057 0.081
1384.96179 I 20.046 0.066
1385.96268 I 20.14 0.098
1428.9264 I 20.64 0.113
1428.96581 I 20.614 0.097
1429.75576 I 20.327 0.123
1429.79376 I 20.524 0.115
1429.91557 I 20.629 0.12
1432.82686 I 20.606 0.116
1432.93827 I 20.427 0.101
1433.80233 I 20.691 0.122
1433.91563 I 20.701 0.116
1458.69732 I 21.161 0.249
1458.82192 I 20.885 0.152
1458.91692 I 20.645 0.27
1459.69555 I 20.851 0.184
1459.95565 I 20.889 0.261
1460.88228 I 20.551 0.186
1462.87683 I 20.842 0.151
1462.96433 I 20.529 0.133
1463.70285 I 20.633 0.152
1463.75855 I 20.711 0.141
1463.88335 I 20.845 0.15
1481.6788 I 20.749 0.138
1481.79959 I 20.413 0.211
1481.86469 I 20.851 0.17
1482.66479 I 20.819 0.198
1482.78809 I 20.226 0.169
1483.66088 I 20.755 0.148
1483.80498 I 20.693 0.124
1484.66747 I 21.049 0.172
1484.84187 I 21.208 0.24
1485.65706 I 20.593 0.151
1485.79286 I 21.073 0.222
1486.81044 I 20.867 0.164
2517.88341 I 19.884 0.11
2517.89151 I 19.699 0.08
2531.76607 I 19.837 0.086
2531.77247 I 19.662 0.058
2557.86051 I 20.254 0.131
2557.86951 I 20.085 0.1
2589.82369 I 20.518 0.137
2646.64085 I 21.178 0.255
2646.64655 I 21.153 0.216
2646.65295 I 21.375 0.273
2662.61986 I 20.888 0.196
2662.62616 I 20.598 0.238
2662.63256 I 20.953 0.211
2901.79415 I 20.931 0.248
2901.80135 I 20.842 0.204
2908.8243 I 20.699 0.147
2908.8311 I 20.602 0.106
2908.8382 I 20.529 0.111
2908.8511 I 20.647 0.116
2909.00201 I 20.906 0.141
2932.82658 I 21.135 0.115
2932.83438 I 21.258 0.124
2958.83068 I 21.513 0.318
2958.83668 I 21.115 0.198
2958.84278 I 21.192 0.202
3000.64824 I 20.353 0.12
3000.66804 I 20.284 0.082
3000.67464 I 19.896 0.079
3567.92991 I 21.307 0.257
3567.93691 I 21.438 0.324
4400.74658 H 17.21 0.0398497176903426
4401.68352 H 17.286 0.0857088093488645
4401.73428 H 17.348 0.0570701322935211
4400.74116 J 18.126 0.0730821455623739
4400.75694 K 16.921 0.0364005494464026
4401.67825 K 17.019 0.109553639829994
4401.73065 K 16.846 0.0560892146495206
3679.82567 H 17.334 0.049
4116.73648 H 17.366 0.041
4377.88462 H 17.11 0.024
3679.83103 J 18.154 0.061
4118.70483 J 18.313 0.052
4377.8709 J 18.009 0.023
3632.07282 K 17.231 0.043
3661.95599 K 17.192 0.038
3663.88387 K 17.209 0.078
3678.90644 K 17.125 0.099
3679.8211 K 17.024 0.045
3727.74908 K 16.841 0.057
3938.05755 K 17.135 0.034
4074.81058 K 16.724 0.059
4115.76296 K 16.944 0.058
4362.84502 K 16.743 0.026
