2517.88341 I 21.611 0.211
2517.89151 I 21.709 0.288
2531.76607 I 21.505 0.249
2531.77247 I 21.24 0.221
2557.86051 I 20.632 0.062
2557.86951 I 20.445 0.086
2589.81769 I 20.055 0.051
2589.82369 I 19.968 0.055
2646.64655 I 19.798 0.05
2646.65295 I 19.842 0.048
2662.62616 I 19.805 0.069
2662.63256 I 19.913 0.073
2901.79414 I 20.249 0.101
2901.80135 I 20.161 0.078
2908.8311 I 20.404 0.073
2908.8382 I 20.105 0.07
2908.8511 I 20.156 0.077
2909.00201 I 20.459 0.061
2932.82658 I 20.138 0.034
2932.83438 I 20.072 0.027
2958.83668 I 19.85 0.054
2958.84278 I 19.905 0.052
3000.66804 I 20.001 0.065
3000.67464 I 20.228 0.102
3567.92991 I 19.743 0.046
3567.93691 I 19.779 0.035
4400.74658 H 17.691 0.0645368112010502
4401.73428 H 17.9 0.0881192374002408
4400.74116 J 18.413 0.0963016095400279
4400.75694 K 17.39 0.0539351462406472
4401.73065 K 17.134 0.0728354309385206
3679.82567 H 17.619 0.055
4116.73648 H 17.672 0.044
4377.88462 H 17.838 0.037
3679.83103 J 18.366 0.068
4118.70483 J 18.473 0.055
4377.8709 J 18.538 0.034
3632.07282 K 16.978 0.037
3661.95598 K 17.02 0.034
3663.88386 K 17.133 0.075
3678.90644 K 17.228 0.107
3679.8211 K 17.127 0.048
3727.74908 K 17.326 0.082
3938.05755 K 16.958 0.028
4074.81058 K 17.28 0.065
4115.76296 K 17.323 0.063
4362.84502 K 17.375 0.043
