1379.98063 I 19.172 0.035
1384.96179 I 19.1 0.029
1385.96268 I 19.139 0.03
1428.9264 I 19.298 0.033
1428.96581 I 19.265 0.034
1429.75576 I 19.28 0.044
1429.79376 I 19.224 0.033
1429.91557 I 19.256 0.033
1432.82686 I 19.312 0.036
1432.93827 I 19.29 0.034
1433.80233 I 19.331 0.037
1433.91563 I 19.28 0.039
1458.69732 I 19.515 0.056
1458.82192 I 19.568 0.042
1458.91692 I 19.747 0.126
1459.69555 I 19.607 0.057
1459.95565 I 19.556 0.105
1460.88228 I 19.753 0.11
1462.87683 I 19.689 0.05
1462.96433 I 19.611 0.081
1463.70285 I 19.561 0.054
1463.75855 I 19.619 0.043
1463.88335 I 19.682 0.054
1481.6788 I 19.819 0.062
1481.79959 I 19.798 0.124
1481.86469 I 19.843 0.063
1482.66479 I 20.054 0.083
1482.78809 I 19.902 0.148
1483.66088 I 19.843 0.066
1483.80498 I 19.946 0.062
1484.66747 I 19.985 0.072
1484.84187 I 19.918 0.069
1485.65706 I 19.937 0.076
1485.79285 I 19.975 0.092
1486.81044 I 19.925 0.055
2499.91493 I 20.942 0.369
2517.79761 I 20.703 0.328
2517.88341 I 20.744 0.159
2531.75827 I 20.397 0.225
2531.76607 I 20.315 0.112
2557.84941 I 20.002 0.121
2589.81149 I 19.759 0.09
2589.81769 I 19.722 0.091
2646.64085 I 19.455 0.056
2662.61985 I 19.364 0.045
2662.62615 I 19.328 0.049
2901.78235 I 19.686 0.107
2908.8243 I 19.548 0.048
2908.8311 I 19.528 0.051
2932.82018 I 19.427 0.035
2958.83068 I 19.22 0.047
3000.64824 I 19.242 0.036
3566.88521 I 19.361 0.019
3567.89171 I 19.395 0.025
4400.74658 H 17.189 0.0414849370253831
4401.73428 H 17.265 0.0572712842531054
4400.74116 J 18.02 0.0614654374425172
4400.75694 K 16.798 0.0338378486313773
4401.67825 K 16.899 0.12050311199301
4401.73065 K 16.633 0.0521727898429823
3679.82567 H 16.958 0.045
4116.73647 H 17.375 0.041
4377.88462 H 17.148 0.025
3679.83103 J 17.788 0.053
4118.70483 J 18.198 0.05
4377.8709 J 17.981 0.022
3632.07282 K 16.52 0.029
3661.95599 K 16.517 0.024
3663.88387 K 16.581 0.061
3678.90644 K 16.61 0.063
3679.8211 K 16.579 0.038
3727.74908 K 16.881 0.06
3938.05756 K 16.613 0.023
4074.81058 K 16.924 0.061
4115.76296 K 16.965 0.058
4362.84502 K 16.69 0.025
