332.98229 I 21.695 0.337
333.91185 I 21.884 0.326
334.87982 I 21.413 0.184
348.78194 I 20.88 0.164
349.8853 I 20.859 0.17
350.90135 I 20.658 0.158
353.81288 I 20.758 0.249
353.81408 I 20.63 0.223
357.00941 I 20.707 0.294
357.01441 I 20.816 0.323
357.98535 I 20.601 0.165
357.99615 I 20.508 0.149
358.92218 I 20.447 0.106
358.93128 I 20.586 0.105
359.80832 I 20.417 0.095
359.81752 I 20.463 0.111
361.92419 I 20.394 0.112
361.99639 I 20.331 0.126
362.74811 I 20.401 0.138
362.87722 I 20.218 0.102
363.00022 I 20.383 0.152
363.75644 I 20.402 0.13
363.87965 I 20.203 0.11
364.79017 I 20.331 0.12
364.91107 I 20.26 0.099
365.9215 I 20.423 0.092
645.932 I 20.225 0.117
651.86825 I 20.07 0.152
652.87234 I 20.097 0.108
653.96244 I 19.756 0.092
660.89138 I 19.957 0.073
660.95838 I 19.979 0.075
665.88823 I 19.896 0.059
673.94015 I 19.744 0.058
674.94294 I 19.717 0.057
679.88607 I 19.636 0.069
680.91175 I 19.641 0.076
685.97487 I 19.713 0.069
687.92693 I 19.6 0.047
688.99581 I 19.619 0.051
695.87953 I 19.572 0.045
696.00323 I 19.589 0.063
730.90329 I 19.922 0.066
2499.91493 I 22.122 0.508
2557.86051 I 21.979 0.421
2589.81149 I 21.163 0.191
2589.81769 I 21.317 0.16
2901.78235 I 20.887 0.129
2901.79415 I 20.725 0.099
2932.82018 I 19.982 0.029
2932.82658 I 20.014 0.033
3000.66804 I 20.416 0.276
3566.88521 I 19.997 0.032
3567.89171 I 19.935 0.024
3567.92991 I 19.93 0.065
2536.98417 H 18.163 0.030886890422961
2949.83365 H 17.604 0.0250599281722833
3738.78018 H 18.119 0.0336005952328229
3738.7853 H 18.201 0.0336154726279432
3738.79207 H 18.13 0.034828149534536
3738.79849 H 18.112 0.0336005952328229
3738.80496 H 18.145 0.0356089876295297
3738.81167 H 18.08 0.0308058436014987
3738.81813 H 18.095 0.0291547594742265
3738.82464 H 18.199 0.034132096331752
3738.83113 H 18.096 0.0286530975637888
2949.82822 J 18.269 0.0514198405287298
3738.75777 J 19.751 0.11034491379307
3738.76559 J 18.631 0.0509215082258961
3738.77218 J 18.838 0.0534509120595711
2536.99054 K 17.65 0.0523927475897189
2949.84061 K 17.236 0.0470744091837593
3738.70821 K 17.663 0.0647610994347687
3738.71964 K 17.63 0.0637887137352682
3738.73123 K 17.562 0.0626418390534633
3738.74891 K 17.716 0.0648459713474939
4400.70547 H 17.373 0.0299666481275434
4401.70461 H 17.475 0.0989949493661167
4400.69841 J 18.316 0.0875556965593901
4400.71635 K 16.93 0.0386005181312376
4401.70091 K 17.176 0.147339743450299
3679.82567 H 18.416 0.086
4116.73647 H 17.495 0.042
4377.88462 H 17.513 0.03
3679.83103 J 18.94 0.101
4118.70483 J 18.435 0.055
4377.8709 J 18.278 0.028
3632.07283 K 17.448 0.051
3661.95599 K 17.702 0.058
3663.88387 K 17.757 0.108
3678.90644 K 17.896 0.184
3679.8211 K 17.756 0.072
3727.74908 K 17.925 0.067
3938.05756 K 17.454 0.042
4074.81058 K 17.243 0.065
4115.76296 K 17.056 0.059
4362.84502 K 17.275 0.039
