332.98229 I 20.457 0.053
333.91186 I 20.413 0.057
334.87982 I 20.513 0.065
348.78194 I 20.233 0.083
349.8853 I 20.179 0.055
350.90135 I 20.284 0.076
353.81288 I 20.564 0.164
353.81408 I 20.474 0.146
357.00941 I 20.145 0.156
357.01441 I 19.931 0.145
357.98535 I 20.546 0.12
357.99615 I 20.293 0.107
358.92218 I 20.111 0.056
358.93128 I 20.047 0.055
359.80832 I 20.152 0.057
359.81752 I 20.156 0.059
361.92419 I 20.179 0.064
361.99639 I 20.059 0.067
362.74811 I 19.999 0.068
362.87722 I 19.844 0.058
363.00022 I 20.495 0.133
363.75644 I 20.021 0.057
363.87965 I 19.97 0.057
364.79017 I 19.884 0.053
364.91107 I 20.011 0.055
365.9215 I 20.065 0.046
645.932 I 19.794 0.049
651.86825 I 19.832 0.098
652.87234 I 19.892 0.067
653.96244 I 19.615 0.062
660.89138 I 19.896 0.047
660.95838 I 19.926 0.04
665.88824 I 19.904 0.046
673.94016 I 20.109 0.058
674.94294 I 20.122 0.064
679.88607 I 20.222 0.09
680.91175 I 20.276 0.111
685.97487 I 20.387 0.088
687.92693 I 20.676 0.094
688.99581 I 20.631 0.084
695.87953 I 20.677 0.089
696.00323 I 20.313 0.073
730.90329 I 21.525 0.229
2499.91494 I 19.834 0.181
2517.79761 I 19.782 0.195
2517.88342 I 19.911 0.062
2531.75827 I 19.825 0.192
2531.76607 I 19.827 0.069
2557.84941 I 19.993 0.062
2557.86051 I 20.103 0.067
2589.81149 I 20.807 0.101
2589.81769 I 20.761 0.108
2646.64085 I 21.167 0.161
2646.64655 I 20.959 0.167
2662.61985 I 20.614 0.149
2662.62615 I 20.43 0.143
2901.78235 I 20.436 0.05
2901.79415 I 20.377 0.072
2908.82431 I 20.447 0.095
2908.83111 I 20.301 0.109
2932.82018 I 20.231 0.032
2932.82658 I 20.211 0.034
2958.83068 I 20.045 0.073
2958.83668 I 20.158 0.09
3000.64824 I 19.696 0.056
3000.66804 I 19.563 0.369
3566.88522 I 21.518 0.101
3567.89171 I 21.477 0.066
3567.92991 I 21.07 0.147
3738.78018 H 18.422 0.0654599113962126
3738.7853 H 17.659 0.0555427763079953
3738.79849 H 17.818 0.0555427763079953
3738.80496 H 17.721 0.0657875368135941
3738.81167 H 17.651 0.0416773319683494
3738.81813 H 17.884 0.0430464865000618
3738.82464 H 17.883 0.034828149534536
3738.75777 J 18.557 0.0852115015710908
3738.76558 J 18.311 0.0707248188403477
4400.70547 H 17.718 0.0587281874401041
4400.69841 J 18.476 0.130545011394538
4400.71635 K 17.236 0.0453541618817943
4400.75694 K 18.133 0.248453214911782
4116.73647 H 18.168 0.056
4377.88462 H 18.094 0.045
3679.83103 J 18.687 0.087
4118.70483 J 19.197 0.05
4377.8709 J 19 0.049
3632.07283 K 17.509 0.053
3661.95599 K 17.568 0.053
3663.88387 K 17.7 0.11
3678.90644 K 17.667 0.156
3679.8211 K 17.508 0.061
3727.74908 K 17.264 0.086
3938.05756 K 17.261 0.034
4074.81058 K 17.389 0.066
4115.76295 K 17.448 0.065
4362.84502 K 17.439 0.045
