2499.91493 I 20.637 0.24
2517.79761 I 20.488 0.286
2517.88342 I 20.533 0.123
2531.75827 I 20.555 0.184
2531.76607 I 20.439 0.097
2557.84941 I 20.851 0.172
2557.86051 I 20.916 0.187
2589.81149 I 21.134 0.191
2589.81769 I 21.062 0.18
2646.64085 I 21.631 0.283
2646.64655 I 21.532 0.208
2662.61985 I 20.858 0.152
2662.62615 I 20.861 0.134
2901.78235 I 21.22 0.192
2901.79415 I 21.335 0.241
2908.8243 I 21.097 0.128
2908.8311 I 20.872 0.128
2932.82018 I 20.732 0.068
2932.82658 I 20.755 0.059
2958.83068 I 20.566 0.082
2958.83668 I 20.475 0.083
3000.64824 I 20.242 0.078
3000.66804 I 20.214 0.473
3566.88522 I 21.193 0.085
3567.89171 I 21.378 0.074
3567.92991 I 21.173 0.198
4400.74658 H 18.033 0.083240615086627
4401.73429 H 18.366 0.150764717357875
4400.74116 J 18.844 0.169649638962186
4400.75694 K 18.135 0.118608600025462
4401.73066 K 17.632 0.136619910701186
3679.82567 H 18.348 0.082
4116.73647 H 18.49 0.067
4377.88462 H 18.288 0.052
3679.83103 J 18.992 0.101
4118.70483 J 19.277 0.087
4377.8709 J 19.124 0.054
3632.07283 K 17.785 0.066
3661.95599 K 17.737 0.059
3663.88387 K 17.938 0.138
3678.90644 K 17.735 0.058
3679.8211 K 17.827 0.076
3727.74908 K 17.658 0.127
3938.05756 K 17.63 0.049
4074.81058 K 17.826 0.076
4115.76295 K 17.986 0.083
4362.84502 K 17.971 0.071
