332.98229 I 19.643 0.039
333.91185 I 19.643 0.04
334.87982 I 19.624 0.041
348.78194 I 19.351 0.034
349.8853 I 19.401 0.031
350.90135 I 19.337 0.043
353.81288 I 19.25 0.051
353.81408 I 19.206 0.049
357.00941 I 19.25 0.076
357.01441 I 19.272 0.082
357.98535 I 19.226 0.037
357.99615 I 19.269 0.041
358.92218 I 19.203 0.028
358.93129 I 19.175 0.031
359.80832 I 19.214 0.028
359.81752 I 19.175 0.027
361.92419 I 19.182 0.03
361.99639 I 19.225 0.034
362.74811 I 19.217 0.034
362.87722 I 19.161 0.032
363.00022 I 19.276 0.042
363.75644 I 19.208 0.035
363.87965 I 19.224 0.031
364.79017 I 19.185 0.03
364.91108 I 19.156 0.03
365.9215 I 19.142 0.029
645.932 I 18.158 0.014
651.86825 I 18.18 0.021
652.87234 I 18.215 0.017
653.96244 I 18.233 0.019
660.89138 I 18.267 0.013
660.95838 I 18.284 0.015
665.88823 I 18.321 0.016
673.94015 I 18.44 0.02
674.94294 I 18.418 0.017
679.88607 I 18.485 0.022
680.91175 I 18.517 0.03
685.97487 I 18.617 0.024
687.92693 I 18.603 0.019
688.99581 I 18.572 0.019
695.87953 I 18.671 0.021
696.00323 I 18.69 0.026
730.9033 I 19.053 0.027
1379.98063 I 19.396 0.056
1384.96179 I 19.479 0.051
1385.96268 I 19.424 0.054
1428.92641 I 19.928 0.07
1428.96581 I 20.007 0.073
1429.75576 I 19.966 0.093
1429.79377 I 19.894 0.072
1429.91557 I 19.953 0.08
1432.82687 I 20.005 0.087
1432.93827 I 19.873 0.065
1433.80233 I 19.924 0.075
1433.91564 I 19.916 0.064
1458.69732 I 20.011 0.1
1458.82192 I 19.97 0.077
1458.91693 I 20.255 0.187
1459.69555 I 19.985 0.103
1459.95566 I 20.075 0.15
1460.88228 I 20.403 0.174
1462.87683 I 20.024 0.081
1462.96433 I 19.976 0.089
1463.70285 I 19.973 0.096
1463.75855 I 19.947 0.084
1463.88336 I 20.221 0.1
1481.6788 I 20.201 0.1
1481.7996 I 20.703 0.256
1481.8647 I 20.19 0.117
1482.66479 I 20.145 0.118
1482.78809 I 20.421 0.25
1483.66088 I 20.35 0.108
1483.80498 I 20.245 0.093
1484.66747 I 20.329 0.124
1484.84187 I 20.127 0.094
1485.65706 I 20.305 0.138
1485.79286 I 20.295 0.109
1486.81044 I 20.249 0.117
2499.90403 I 18.711 0.04
2499.91493 I 18.694 0.017
2517.78971 I 18.611 0.032
2517.79761 I 18.645 0.026
2531.75027 I 18.616 0.025
2531.75827 I 18.731 0.03
2557.79451 I 18.425 0.033
2557.84941 I 18.439 0.031
2557.86051 I 18.404 0.056
2589.80609 I 18.401 0.028
2589.81149 I 18.417 0.035
2589.81769 I 18.301 0.034
2646.63475 I 18.667 0.027
2646.64085 I 18.662 0.029
2662.61355 I 18.76 0.025
2662.61985 I 18.708 0.027
2901.77615 I 20.34 0.08
2901.78235 I 20.374 0.084
2901.79415 I 20.389 0.132
2908.8181 I 20.207 0.064
2908.82431 I 20.321 0.078
2932.81358 I 19.986 0.032
2932.82018 I 20.071 0.038
2932.82658 I 19.959 0.034
2958.82438 I 19.623 0.04
2958.83068 I 19.548 0.035
3000.65494 I 19.117 0.034
3000.66804 I 19.126 0.35
3566.88521 I 20.013 0.031
3566.91682 I 19.95 0.023
3567.92991 I 20.011 0.079
3567.94371 I 19.856 0.081
2536.98417 H 15.839 0.0296816441593117
2949.83365 H 16.185 0.0281602556806574
2949.82822 J 16.911 0.0541479454827235
2536.99054 K 15.389 0.0504876222454574
2949.84061 K 15.664 0.0510392006206994
4400.70547 H 16.107 0.019723082923316
4401.70461 H 15.967 0.0347850542618522
4400.69841 J 16.828 0.0420594816896262
4400.71635 K 15.68 0.0223606797749979
4401.70091 K 15.605 0.0373630833845388
3679.82567 H 15.907 0.041
4116.73647 H 16.289 0.036
4377.88462 H 16.087 0.018
3679.83103 J 16.601 0.043
4118.70483 J 17.177 0.041
4377.8709 J 16.865 0.013
3632.07283 K 15.361 0.021
3661.95599 K 15.342 0.016
3663.88387 K 15.359 0.052
3678.90644 K 15.447 0.03
3679.8211 K 15.41 0.031
3727.74908 K 15.492 0.032
3938.05756 K 15.008 0.013
4074.81058 K 15.293 0.068
4115.76296 K 15.6 0.052
4362.84502 K 15.599 0.014
