332.98229 I 19.093 0.024
333.91185 I 19.107 0.048
334.87982 I 19.053 0.04
348.78194 I 19.074 0.03
349.8853 I 19.072 0.027
350.90135 I 19.145 0.038
353.81288 I 18.987 0.04
353.81408 I 19.027 0.041
357.00941 I 19.138 0.067
357.01441 I 19.205 0.071
357.98535 I 19.158 0.036
357.99615 I 19.163 0.038
358.92218 I 19.166 0.046
358.93129 I 19.17 0.047
359.80832 I 19.142 0.034
359.81752 I 19.146 0.035
361.92419 I 19.175 0.029
361.99639 I 19.151 0.029
362.74811 I 19.166 0.03
362.87722 I 19.338 0.041
363.00022 I 19.24 0.04
363.75644 I 19.187 0.03
363.87965 I 19.177 0.031
364.79017 I 19.157 0.027
364.91108 I 19.213 0.024
365.9215 I 19.254 0.047
645.932 I 20.083 0.077
651.86825 I 20.207 0.136
652.87234 I 20.088 0.113
653.96244 I 20.215 0.102
660.89138 I 20.061 0.065
660.95838 I 20.036 0.078
665.88823 I 19.92 0.061
673.94015 I 19.779 0.058
674.94294 I 19.721 0.049
679.88607 I 19.681 0.046
680.91175 I 19.751 0.076
685.97487 I 19.568 0.052
687.92693 I 19.48 0.033
688.99581 I 19.5 0.042
695.87953 I 19.463 0.038
696.00323 I 19.442 0.038
730.9033 I 19.483 0.045
2499.90403 I 19.715 0.084
2499.91493 I 19.946 0.059
2517.78971 I 19.991 0.066
2517.79761 I 20.085 0.072
2531.75027 I 20.147 0.075
2531.75827 I 20.211 0.077
2557.79451 I 20.388 0.075
2557.84941 I 20.263 0.09
2557.86051 I 20.467 0.074
2589.80609 I 21.021 0.122
2589.81149 I 20.929 0.156
2646.64085 I 22.045 0.411
2662.61355 I 21.752 0.344
2662.61985 I 22.04 0.494
2901.77615 I 19.936 0.053
2901.78235 I 19.944 0.054
2901.79415 I 19.986 0.039
2908.8181 I 20.248 0.069
2908.82431 I 20.267 0.057
2932.81358 I 20.668 0.058
2932.82018 I 20.673 0.058
2932.82658 I 20.546 0.051
2958.82438 I 20.992 0.137
2958.83068 I 20.961 0.126
3000.64824 I 21.211 0.215
3000.65494 I 21.125 0.207
3000.66804 I 21.557 0.703
3566.88521 I 19.503 0.022
3566.91682 I 19.519 0.018
3567.92991 I 19.447 0.031
3567.94371 I 19.463 0.04
2536.98417 H 17.03 0.0259422435421457
2949.83365 H 17.044 0.024738633753706
2949.82822 J 17.801 0.0533385414123783
2536.99054 K 16.629 0.0516236379965612
2949.84061 K 16.592 0.0531507290636732
4400.70547 H 16.982 0.0631506136153878
4400.69841 J 18.884 0.340700748458233
4400.71635 K 16.78 0.047927027865287
