332.98229 I 20.363 0.05
333.91185 I 20.251 0.042
334.87982 I 20.193 0.046
348.78194 I 20.229 0.061
349.8853 I 20.266 0.057
350.90135 I 20.252 0.072
353.81288 I 20.162 0.093
353.81408 I 20.411 0.109
357.00941 I 20.215 0.193
357.01441 I 20.313 0.211
357.98535 I 20.353 0.104
357.99615 I 20.251 0.1
358.92218 I 20.348 0.062
358.93128 I 20.255 0.067
359.80831 I 20.428 0.076
359.81752 I 20.329 0.062
361.92419 I 20.47 0.075
361.99639 I 20.331 0.088
362.74811 I 20.335 0.088
362.87722 I 20.518 0.095
363.00022 I 21.055 0.207
363.75644 I 20.371 0.077
363.87964 I 20.533 0.083
364.79017 I 20.579 0.097
364.91107 I 20.444 0.087
365.9215 I 20.342 0.056
645.932 I 21.891 0.33
651.86825 I 22.052 0.812
652.87234 I 21.401 0.291
653.96244 I 21.848 0.46
660.89138 I 21.456 0.18
660.95838 I 21.848 0.232
665.88823 I 22.011 0.266
673.94015 I 21.83 0.244
674.94294 I 21.69 0.218
679.88607 I 22.096 0.509
680.91175 I 22.048 0.646
685.97487 I 21.701 0.319
687.92692 I 21.745 0.212
688.99581 I 21.76 0.229
695.87952 I 21.509 0.183
696.00323 I 21.351 0.211
730.90329 I 20.726 0.1
1379.98063 I 20.91 0.166
1384.96179 I 20.939 0.139
1385.96268 I 20.898 0.187
1428.9264 I 20.028 0.077
1428.96581 I 19.955 0.07
1429.75576 I 19.951 0.112
1429.79376 I 19.933 0.067
1429.91557 I 19.946 0.076
1432.82687 I 20.024 0.067
1432.93827 I 19.895 0.065
1433.80233 I 19.964 0.072
1433.91564 I 19.923 0.061
1458.69732 I 20.075 0.099
1458.82192 I 20.197 0.086
1458.91692 I 20.38 0.197
1459.69555 I 20.258 0.11
1459.95565 I 20.257 0.142
1460.88228 I 20.493 0.152
1462.87683 I 20.174 0.136
1462.96433 I 20.25 0.118
1463.70285 I 20.247 0.107
1463.75855 I 20.125 0.107
1463.88335 I 20.275 0.108
1481.6788 I 20.652 0.133
1481.7996 I 20.752 0.257
1481.8647 I 20.666 0.179
1482.66479 I 21.089 0.224
1482.78809 I 21.168 0.368
1483.66088 I 20.62 0.148
1483.80498 I 20.853 0.134
1484.66747 I 20.56 0.126
1484.84187 I 20.656 0.158
1485.65706 I 20.633 0.156
1485.79286 I 20.806 0.169
1486.81044 I 21.047 0.196
2499.91493 I 21.109 0.145
2517.79761 I 20.949 0.22
2517.88341 I 20.875 0.135
2531.75827 I 20.851 0.174
2531.76607 I 20.627 0.084
2557.84941 I 20.488 0.062
2557.86051 I 20.43 0.045
2589.81149 I 20.797 0.105
2589.81769 I 20.831 0.137
2646.64085 I 22.309 0.332
2646.64655 I 21.927 0.213
2662.61986 I 22.033 0.379
2662.62615 I 22.106 0.469
2901.78235 I 21.921 0.177
2901.79415 I 22.083 0.217
2908.8243 I 22.439 0.394
2908.8311 I 22.648 0.468
2932.82018 I 21.151 0.066
2932.82658 I 21.194 0.087
2958.83068 I 20.67 0.075
2958.83668 I 20.669 0.082
3000.64824 I 20.323 0.081
3000.66804 I 20.548 0.285
3566.88521 I 21.689 0.119
3567.8917 I 21.869 0.092
3567.92991 I 21.721 0.201
3738.78531 H 18.287 0.034
3738.79207 H 18.283 0.0368917334913934
3738.79849 H 18.222 0.0322024843762092
3738.80496 H 18.33 0.0391152144312159
3738.81167 H 18.254 0.0417252920900501
3738.81813 H 18.144 0.0290688837074973
3738.82464 H 18.341 0.0353411940941446
3738.83113 H 18.216 0.0336154726279432
3738.75777 J 18.98 0.0595399025864168
3738.76559 J 18.908 0.0567978872846517
3738.70821 K 17.722 0.0540832691319598
3738.71964 K 17.901 0.0515460958754395
3738.73123 K 17.607 0.0601664358259653
3738.74891 K 17.651 0.0590338885725818
4400.74658 H 18.029 0.088283633817373
4400.74116 J 18.793 0.141876707038189
4400.75694 K 17.957 0.0946414285606467
4401.73066 K 18.022 0.197428468058687
3679.82567 H 18.039 0.067
4116.73647 H 17.812 0.047
4377.88462 H 18.067 0.044
3679.83103 J 18.839 0.094
4118.70483 J 18.663 0.06
4377.8709 J 18.894 0.045
3632.07283 K 18.009 0.081
3661.95599 K 17.699 0.058
3663.88387 K 17.662 0.102
3678.90644 K 17.737 0.19
3679.8211 K 17.549 0.062
3727.74908 K 18.125 0.23
3938.05756 K 17.629 0.05
4074.81058 K 17.701 0.076
4115.76296 K 17.426 0.065
4362.84502 K 17.51 0.048
