1379.98063 I 19.03 0.098
1384.96179 I 19.04 0.088
1385.96268 I 19.047 0.084
1428.92641 I 18.883 0.077
1428.96581 I 18.894 0.08
1429.75577 I 18.779 0.054
1429.79377 I 18.772 0.054
1429.91558 I 18.962 0.101
1432.82687 I 18.829 0.07
1432.93828 I 18.882 0.076
1433.80233 I 18.884 0.076
1433.91564 I 18.851 0.07
1458.69732 I 18.668 0.042
1458.82192 I 18.689 0.044
1458.91693 I 18.791 0.106
1459.69555 I 18.649 0.036
1459.95566 I 18.816 0.12
1460.88228 I 18.78 0.103
1462.87683 I 18.704 0.046
1462.96433 I 18.629 0.034
1463.70285 I 18.59 0.036
1463.75855 I 18.623 0.04
1463.88336 I 18.689 0.047
1481.6788 I 18.599 0.04
1481.7996 I 18.576 0.117
1481.8647 I 18.537 0.038
1482.66479 I 18.633 0.051
1482.78809 I 18.711 0.132
1483.66088 I 18.758 0.067
1483.80498 I 18.703 0.06
1484.66747 I 18.781 0.081
1484.84187 I 18.733 0.064
1485.65706 I 18.594 0.049
1485.79286 I 18.782 0.072
1486.81044 I 18.626 0.051
2499.90404 I 19.27 0.085
2499.91494 I 19.608 0.149
2517.78971 I 19.636 0.119
2517.79761 I 19.527 0.124
2531.75027 I 19.576 0.131
2531.75827 I 19.777 0.192
2557.79451 I 20.069 0.238
2557.84941 I 20.181 0.255
2589.80609 I 19.577 0.187
2589.81769 I 19.698 0.139
2646.63475 I 19.099 0.094
2662.61355 I 19.155 0.121
2901.77615 I 19.584 0.279
2901.78235 I 19.698 0.175
2901.79415 I 19.767 0.248
2908.81811 I 19.229 0.137
2932.81358 I 19.32 0.1
2932.82018 I 19.368 0.05
2932.82658 I 19.391 0.048
2958.82438 I 19.198 0.131
3000.65493 I 18.698 0.08
3000.66803 I 18.749 0.484
3566.88522 I 18.943 0.017
3567.89171 I 18.944 0.023
3567.92991 I 18.95 0.101
3567.94372 I 19.316 0.347
4400.70547 H 17.373 0.0453541618817943
4400.71635 K 17.176 0.0402616442783948
3679.82567 H 17.29 0.049
4116.73647 H 17.335 0.041
4377.88462 H 17.363 0.027
3679.83103 J 17.757 0.052
4118.70482 J 18.093 0.048
4377.8709 J 18.104 0.024
3632.07283 K 16.617 0.03
3661.95599 K 16.671 0.026
3663.88387 K 16.802 0.067
3678.90644 K 17.093 0.103
3679.8211 K 16.844 0.042
3727.74907 K 17.035 0.076
3938.05756 K 16.72 0.024
4074.81058 K 17.038 0.062
4115.76295 K 16.891 0.057
4362.84503 K 16.941 0.03
