332.98229 I 19.978 0.048
333.91185 I 20.018 0.053
334.87982 I 19.968 0.061
348.78194 I 19.622 0.044
349.8853 I 19.633 0.045
350.90135 I 19.584 0.044
353.81288 I 19.567 0.067
353.81408 I 19.639 0.066
357.00941 I 19.386 0.089
357.01441 I 19.455 0.096
357.98535 I 19.502 0.051
357.99615 I 19.575 0.055
358.92218 I 19.55 0.042
358.93128 I 19.55 0.041
359.80832 I 19.503 0.037
359.81752 I 19.463 0.045
361.92419 I 19.597 0.041
361.99639 I 19.538 0.043
362.74811 I 19.566 0.045
362.87722 I 19.487 0.038
363.00022 I 19.513 0.051
363.75644 I 19.466 0.034
363.87965 I 19.491 0.035
364.79017 I 19.396 0.046
364.91107 I 19.49 0.033
365.9215 I 19.487 0.038
645.932 I 20.031 0.062
651.86824 I 20.184 0.139
652.87234 I 19.996 0.078
653.96244 I 19.71 0.068
660.89137 I 19.873 0.051
660.95838 I 19.915 0.056
665.88823 I 19.908 0.043
673.94015 I 19.758 0.039
674.94294 I 19.838 0.052
679.88606 I 19.856 0.053
680.91175 I 19.802 0.074
685.97487 I 19.593 0.048
687.92692 I 19.606 0.039
688.99581 I 19.628 0.042
695.87952 I 19.492 0.035
696.00323 I 19.457 0.033
730.90329 I 19.59 0.04
1379.98063 I 19.494 0.054
1384.96178 I 19.41 0.043
1385.96268 I 19.42 0.051
1428.9264 I 19.366 0.048
1428.96581 I 19.408 0.041
1429.75576 I 19.458 0.068
1429.79376 I 19.418 0.042
1429.91557 I 19.36 0.05
1432.82686 I 19.451 0.042
1432.93827 I 19.46 0.052
1433.80233 I 19.425 0.049
1433.91563 I 19.423 0.048
1458.69732 I 19.85 0.075
1458.82192 I 19.814 0.07
1458.91692 I 19.941 0.144
1459.69555 I 19.804 0.075
1459.95566 I 20.233 0.205
1460.88228 I 20.184 0.132
1462.87683 I 19.977 0.07
1462.96433 I 19.844 0.08
1463.70285 I 20.119 0.097
1463.75855 I 19.823 0.066
1463.88335 I 19.97 0.077
1481.6788 I 20.163 0.099
1481.7996 I 20.389 0.211
1481.8647 I 20.25 0.116
1482.66479 I 20.169 0.116
1482.78809 I 20.376 0.218
1483.66088 I 20.321 0.104
1483.80498 I 20.235 0.102
1484.66747 I 20.52 0.136
1484.84187 I 20.289 0.151
1485.65706 I 20.445 0.137
1485.79286 I 20.525 0.158
1486.81044 I 20.46 0.113
2499.90403 I 19.521 0.053
2517.78971 I 19.913 0.075
2517.88341 I 19.888 0.084
2531.75027 I 20.241 0.098
2531.76607 I 20.197 0.069
2557.84941 I 20.492 0.136
2557.86051 I 20.607 0.135
2589.80609 I 20.159 0.074
2589.81149 I 20.191 0.092
2589.81769 I 20.261 0.095
2646.63476 I 19.546 0.065
2646.64085 I 19.64 0.035
2646.64655 I 19.584 0.057
2662.61356 I 19.627 0.065
2662.61986 I 19.536 0.049
2662.62616 I 19.612 0.062
2901.77615 I 20.544 0.133
2901.78235 I 20.442 0.116
2901.79415 I 20.647 0.121
2908.8181 I 20.489 0.117
2908.8243 I 20.444 0.089
2908.8311 I 20.4 0.085
2932.81358 I 20.184 0.039
2932.82018 I 20.267 0.05
2932.82658 I 20.139 0.047
2958.82438 I 19.819 0.068
2958.83068 I 19.717 0.051
2958.83668 I 19.85 0.062
3000.64824 I 19.444 0.041
3000.66804 I 19.428 0.418
3566.88521 I 19.667 0.027
3567.8917 I 19.694 0.029
3567.92991 I 19.853 0.084
2537.08957 H 18.394 0.0396232255123179
2537.09669 K 17.859 0.0540832691319598
4400.70547 H 17.817 0.032310988842807
4401.70461 H 17.851 0.144585614775468
4400.71635 K 17.617 0.0539351462406472
3643.07923 H 18.542 0.081
3679.82567 H 18.522 0.091
4037.79475 H 18.029 0.06
4114.81474 H 18.165 0.051
4357.98276 H 18.496 0.05
3643.07686 J 19.14 0.102
3679.83103 J 18.758 0.09
4036.84314 J 18.692 0.066
4037.84135 J 18.68 0.071
4038.81572 J 18.651 0.048
4114.79156 J 18.784 0.073
4357.96885 J 19.015 0.043
3633.0008 K 18.169 0.074
3643.08379 K 17.964 0.076
3662.00389 K 18.197 0.091
3663.88387 K 18.311 0.168
3678.89412 K 17.94 0.061
3679.8211 K 18.071 0.091
3938.03607 K 17.744 0.044
4036.79418 K 17.803 0.078
4037.7659 K 17.771 0.071
4114.76663 K 17.774 0.074
4357.95111 K 18.027 0.059
