332.98229 I 20.354 0.058
333.91185 I 20.369 0.05
334.87982 I 20.322 0.058
348.78194 I 20.107 0.069
349.8853 I 20.287 0.062
350.90135 I 20.054 0.069
353.81288 I 20.193 0.108
353.81408 I 20.37 0.198
357.00941 I 20.134 0.183
357.01441 I 20.131 0.183
357.98535 I 19.958 0.073
357.99615 I 19.868 0.07
358.92218 I 19.95 0.053
358.93128 I 20.097 0.058
359.80831 I 20.06 0.067
359.81752 I 20.026 0.046
361.92419 I 20.113 0.063
361.99639 I 20.171 0.068
362.74811 I 20.156 0.079
362.87722 I 20.199 0.086
363.00022 I 20.167 0.096
363.75644 I 19.937 0.056
363.87965 I 20.13 0.07
364.79017 I 20.097 0.067
364.91107 I 19.979 0.05
365.9215 I 19.969 0.045
645.932 I 19.464 0.037
651.86824 I 19.525 0.075
652.87234 I 19.483 0.047
653.96244 I 19.574 0.056
660.89137 I 19.617 0.036
660.95838 I 19.497 0.027
665.88823 I 19.652 0.032
673.94015 I 19.768 0.04
674.94294 I 19.747 0.043
679.88607 I 19.807 0.055
680.91175 I 19.752 0.06
685.97487 I 20.047 0.056
687.92692 I 19.977 0.047
688.99581 I 20.009 0.041
695.87952 I 20.219 0.056
696.00323 I 20.162 0.064
730.90329 I 21.353 0.19
1379.98063 I 20.983 0.241
1384.96178 I 21.08 0.206
1385.96268 I 20.995 0.214
1428.9264 I 20.317 0.098
1428.96581 I 20.391 0.09
1429.75576 I 20.276 0.126
1429.79376 I 20.306 0.114
1429.91557 I 20.283 0.084
1432.82687 I 20.285 0.096
1432.93827 I 20.306 0.085
1433.80233 I 20.396 0.115
1433.91564 I 20.262 0.089
1458.69732 I 19.87 0.088
1458.82192 I 19.84 0.076
1458.91692 I 20.047 0.17
1459.69555 I 19.893 0.095
1459.95566 I 19.861 0.144
1460.88228 I 19.799 0.111
1462.87683 I 19.852 0.07
1462.96433 I 19.819 0.09
1463.70285 I 19.784 0.083
1463.75855 I 19.765 0.079
1463.88335 I 19.739 0.066
1481.6788 I 19.716 0.07
1481.7996 I 19.788 0.158
1481.8647 I 19.72 0.077
1482.66479 I 19.727 0.086
1482.78809 I 19.723 0.142
1483.66088 I 19.722 0.059
1483.80498 I 19.63 0.056
1484.66747 I 19.676 0.064
1484.84187 I 19.722 0.064
1485.65706 I 19.757 0.077
1485.79286 I 19.7 0.062
1486.81044 I 19.703 0.051
2499.91493 I 21.009 0.133
2517.79761 I 20.605 0.228
2517.88341 I 20.706 0.122
2531.75827 I 20.671 0.164
2531.76607 I 20.484 0.093
2557.84941 I 20.234 0.07
2557.86051 I 20.191 0.079
2589.81149 I 19.833 0.055
2589.81769 I 19.817 0.058
2646.64085 I 19.755 0.048
2646.64655 I 19.732 0.034
2662.61986 I 20.044 0.064
2662.62616 I 20.179 0.08
2901.78235 I 19.548 0.033
2901.79415 I 19.529 0.052
2908.8243 I 19.695 0.039
2908.8311 I 19.638 0.041
2932.82018 I 19.756 0.028
2932.82658 I 19.742 0.025
2958.83068 I 20.173 0.056
2958.83668 I 20.304 0.061
3000.64824 I 21.265 0.224
3000.66804 I 21.162 0.364
3566.88521 I 20.958 0.063
3567.8917 I 20.978 0.046
3567.92991 I 21.014 0.142
2949.82822 J 18.058 0.051662365412358
4400.70547 H 17.299 0.0466154480832267
4400.74658 H 17.652 0.0544058820349418
4401.73429 H 17.982 0.101788997440784
4400.69841 J 18.302 0.14101418368377
4400.71635 K 17.182 0.0560892146495206
4400.75694 K 17.425 0.0956347217280419
4401.67826 K 16.936 0.144499134945508
4401.70091 K 16.883 0.122409149984795
4401.73066 K 17.198 0.111449540151586
4037.79475 H 17.385 0.045
4114.81474 H 17.542 0.041
4357.98276 H 17.336 0.027
4036.84314 J 18.203 0.055
4037.84135 J 18.18 0.054
4038.81571 J 18.171 0.038
4114.79156 J 18.269 0.066
4357.96885 J 18.142 0.024
3633.0008 K 17.487 0.044
3662.00389 K 17.537 0.059
3678.89412 K 17.477 0.042
3938.03607 K 17.57 0.044
4036.79418 K 16.997 0.04
4037.7659 K 16.933 0.06
4114.76663 K 17.015 0.062
4357.95111 K 16.884 0.023
