332.98229 I 20.207 0.055
333.91185 I 20.291 0.06
334.87982 I 20.187 0.053
348.78194 I 19.842 0.054
349.8853 I 19.854 0.051
350.90134 I 19.866 0.059
353.81288 I 19.815 0.076
353.81408 I 19.831 0.077
357.00941 I 19.734 0.113
357.01441 I 19.947 0.133
357.98535 I 19.753 0.063
357.99615 I 19.727 0.06
358.92218 I 19.735 0.042
358.93128 I 19.727 0.04
359.80831 I 19.783 0.043
359.81751 I 19.758 0.045
361.92418 I 19.762 0.045
361.99639 I 19.73 0.048
362.74811 I 19.612 0.049
362.87721 I 19.85 0.058
363.00022 I 19.781 0.074
363.75644 I 19.656 0.042
363.87964 I 19.709 0.051
364.79017 I 19.73 0.05
364.91107 I 19.64 0.041
365.9215 I 19.621 0.036
645.932 I 19.736 0.047
651.86824 I 19.763 0.083
652.87234 I 19.839 0.064
653.96244 I 19.738 0.062
660.89137 I 19.727 0.042
660.95838 I 19.736 0.044
665.88823 I 19.591 0.028
673.94015 I 19.456 0.031
674.94294 I 19.446 0.034
679.88606 I 19.368 0.043
680.91175 I 19.283 0.048
685.97487 I 19.228 0.036
687.92692 I 19.181 0.024
688.99581 I 19.192 0.028
695.87952 I 19.103 0.02
696.00323 I 19.152 0.03
730.90329 I 19.05 0.024
1379.98063 I 19.106 0.032
1384.96178 I 19.067 0.024
1385.96268 I 19.024 0.024
1428.9264 I 19.236 0.025
1428.9658 I 19.222 0.033
1429.75576 I 19.171 0.045
1429.79376 I 19.364 0.044
1429.91557 I 19.266 0.03
1432.82686 I 19.287 0.033
1432.93827 I 19.309 0.036
1433.80233 I 19.256 0.034
1433.91563 I 19.25 0.027
1458.69732 I 19.808 0.072
1458.82192 I 20.019 0.078
1458.91692 I 19.003 0.127
1459.69555 I 19.842 0.074
1459.95565 I 19.183 0.103
1460.88228 I 19.27 0.109
1462.87683 I 19.835 0.071
1462.96433 I 19.999 0.082
1463.70285 I 20.065 0.098
1463.75855 I 19.985 0.081
1463.88335 I 19.832 0.065
1481.6788 I 20.349 0.09
1481.7996 I 19.362 0.162
1481.8647 I 20.375 0.122
1482.66479 I 20.745 0.147
1482.78809 I 19.162 0.149
1483.66088 I 20.493 0.129
1483.80498 I 20.429 0.103
1484.66747 I 20.666 0.129
1484.84187 I 20.384 0.116
1485.65706 I 20.623 0.13
1485.79286 I 20.698 0.145
1486.81044 I 20.593 0.113
2499.91493 I 20.212 0.42
2517.79761 I 20.353 0.532
2517.88341 I 20.026 0.136
2531.75827 I 20.556 0.358
2531.76607 I 20.166 0.11
2557.84941 I 20.484 0.191
2557.86051 I 20.788 0.311
2589.81149 I 20.712 0.192
2589.81769 I 20.411 0.159
2646.64085 I 20.37 0.123
2646.64655 I 20.267 0.126
2662.61986 I 20.04 0.085
2662.62616 I 19.947 0.091
2901.78234 I 20.952 0.254
2901.79415 I 21.009 0.379
2908.8243 I 20.453 0.073
2908.8311 I 20.326 0.095
2932.82018 I 20.858 0.097
2932.82658 I 20.676 0.071
2958.83068 I 20.408 0.109
2958.83668 I 20.348 0.106
3000.64824 I 19.729 0.06
3000.66804 I 19.681 0.574
3566.88521 I 20.71 0.053
3567.8917 I 20.655 0.052
3567.92991 I 20.557 0.156
4400.74658 H 17.719 0.0895600357302296
4401.73429 H 18.046 0.124787819918452
4400.74116 J 18.305 0.0975141015443408
4400.75694 K 17.248 0.0480520551069359
4401.67826 K 17.229 0.16835973390333
4401.73066 K 17.144 0.084717176534632
4037.79475 H 17.578 0.049
4114.81474 H 17.072 0.037
4357.98276 H 17.547 0.029
4036.84313 J 18.205 0.055
4037.84135 J 18.195 0.054
4038.81571 J 18.181 0.038
4114.79156 J 17.755 0.064
4357.96885 J 18.23 0.025
3633.00079 K 17.076 0.034
3662.00389 K 17.036 0.047
3678.89412 K 17.092 0.033
3938.03607 K 17.042 0.029
4036.79417 K 17.135 0.044
4037.7659 K 17.005 0.061
4114.76663 K 16.729 0.06
4357.95111 K 17.129 0.028
