332.98229 I 19.388 0.042
333.91185 I 19.426 0.056
334.87982 I 19.398 0.063
348.78194 I 19.259 0.036
349.8853 I 19.242 0.039
350.90135 I 19.217 0.046
353.81288 I 19.216 0.054
353.81408 I 19.224 0.049
357.00941 I 19.153 0.078
357.01441 I 19.079 0.072
357.98535 I 19.106 0.042
357.99615 I 19.122 0.047
358.92218 I 19.254 0.062
358.93128 I 19.239 0.065
359.80831 I 19.189 0.044
359.81752 I 19.185 0.055
361.92419 I 19.091 0.033
361.99639 I 19.127 0.031
362.74811 I 19.094 0.031
362.87722 I 19.085 0.028
363.00022 I 19.087 0.035
363.75644 I 19.046 0.034
363.87965 I 19.055 0.03
364.79017 I 19.034 0.025
364.91107 I 19.118 0.029
365.9215 I 19.271 0.065
645.932 I 19.088 0.037
651.86824 I 19.085 0.055
652.87233 I 19.178 0.051
653.96244 I 19.059 0.033
660.89137 I 19.124 0.04
660.95838 I 19.183 0.071
665.88823 I 19.085 0.032
673.94015 I 19.085 0.039
674.94294 I 19.081 0.045
679.88606 I 19.113 0.044
680.91175 I 19.129 0.052
685.97487 I 19.215 0.056
687.92692 I 19.209 0.042
688.99581 I 19.21 0.049
695.87952 I 19.316 0.057
696.00323 I 19.24 0.055
730.90329 I 19.342 0.042
1379.98063 I 19.231 0.048
1384.96178 I 19.316 0.057
1385.96268 I 19.302 0.056
1428.9264 I 19.844 0.065
1428.96581 I 19.797 0.064
1429.75576 I 19.699 0.082
1429.79376 I 19.701 0.064
1429.91557 I 19.891 0.082
1432.82686 I 19.724 0.052
1432.93827 I 19.905 0.067
1433.80233 I 19.889 0.071
1433.91563 I 19.854 0.073
1458.69732 I 19.918 0.093
1458.82192 I 20.248 0.108
1458.91692 I 20.391 0.194
1459.69555 I 20.109 0.103
1459.95566 I 20.132 0.177
1460.88228 I 20.2 0.137
1462.87683 I 20.074 0.072
1462.96433 I 20.221 0.098
1463.70285 I 20.413 0.119
1463.75855 I 19.94 0.085
1463.88335 I 20.12 0.087
1481.6788 I 20.264 0.084
1481.7996 I 20.227 0.212
1482.66479 I 20.121 0.099
1482.78809 I 20.78 0.31
1483.66088 I 20.249 0.092
1483.80498 I 20.286 0.08
1484.66747 I 20.324 0.095
1484.84187 I 20.147 0.098
1485.65706 I 20.163 0.102
1485.79286 I 20.204 0.111
1486.81044 I 20.346 0.097
2499.90403 I 19.309 0.046
2499.91493 I 19.512 0.056
2517.78971 I 19.318 0.045
2517.79761 I 19.365 0.056
2517.88341 I 19.619 0.141
2531.75027 I 19.313 0.048
2531.75827 I 19.478 0.076
2531.76607 I 19.453 0.081
2557.79451 I 19.48 0.082
2557.84941 I 19.466 0.07
2557.86051 I 19.439 0.142
2589.80609 I 19.639 0.087
2589.81769 I 19.715 0.06
2646.63476 I 19.738 0.125
2646.64086 I 19.95 0.178
2646.64655 I 19.946 0.166
2662.61356 I 19.762 0.126
2662.62616 I 19.754 0.122
2901.77615 I 20.305 0.262
2901.78235 I 20.286 0.155
2901.79415 I 20.509 0.175
2908.8181 I 19.827 0.173
2908.8243 I 19.78 0.139
2908.8311 I 19.757 0.135
2932.81358 I 19.81 0.062
2932.82658 I 19.941 0.044
2958.82438 I 19.536 0.102
2958.83068 I 19.538 0.114
2958.83668 I 19.515 0.104
3000.64824 I 19.248 0.051
3000.65494 I 19.281 0.052
3000.66804 I 19.363 0.364
3566.88521 I 19.633 0.022
3567.8917 I 19.694 0.026
3567.92991 I 19.715 0.083
2537.08957 H 17.836 0.0396232255123179
2537.09669 K 18.305 0.0820060973342836
4400.70547 H 17.861 0.0480520551069359
4400.69841 J 18.505 0.115316954521007
4400.71635 K 17.428 0.0551089829338194
3643.07923 H 17.628 0.037
3679.82567 H 17.571 0.053
4037.79475 H 17.1 0.042
4114.81474 H 17.353 0.039
4357.98276 H 17.304 0.027
3679.83103 J 17.844 0.055
4036.84314 J 17.879 0.051
4037.84135 J 17.887 0.048
4038.81572 J 17.931 0.035
4114.79156 J 18.067 0.065
4357.96885 J 18.013 0.023
3633.0008 K 17.236 0.037
3643.08379 K 17.101 0.044
3663.88387 K 16.857 0.067
3678.89412 K 17.201 0.034
3679.8211 K 17.227 0.05
3938.03607 K 17.131 0.017
4357.95111 K 17.168 0.029
