332.98229 I 19.292 0.024
333.91185 I 19.305 0.024
334.87982 I 19.294 0.028
348.78194 I 19.303 0.032
349.8853 I 19.297 0.029
350.90134 I 19.357 0.04
353.81288 I 19.359 0.048
353.81408 I 19.367 0.055
357.00941 I 19.339 0.07
357.01441 I 19.402 0.075
357.98535 I 19.289 0.037
357.99615 I 19.309 0.043
358.92218 I 19.397 0.032
358.93128 I 19.416 0.028
359.80831 I 19.351 0.036
359.81751 I 19.362 0.032
361.92419 I 19.427 0.033
361.99639 I 19.375 0.035
362.74811 I 19.373 0.036
362.87721 I 19.371 0.036
363.00022 I 19.431 0.045
363.75644 I 19.428 0.035
363.87964 I 19.384 0.033
364.79017 I 19.387 0.036
364.91107 I 19.401 0.032
365.9215 I 19.478 0.034
645.932 I 19.419 0.036
651.86824 I 19.424 0.066
652.87233 I 19.446 0.052
653.96243 I 19.46 0.047
660.89137 I 19.485 0.033
660.95838 I 19.422 0.025
665.88823 I 19.51 0.03
673.94015 I 19.514 0.035
674.94294 I 19.591 0.043
679.88606 I 19.584 0.052
680.91175 I 19.541 0.066
685.97487 I 19.669 0.042
687.92692 I 19.69 0.037
688.9958 I 19.831 0.039
695.87952 I 19.834 0.043
696.00323 I 19.893 0.053
730.90329 I 20.346 0.083
2499.90403 I 20.039 0.094
2499.91493 I 20.111 0.082
2517.7897 I 19.737 0.071
2517.7976 I 19.616 0.055
2517.88341 I 19.587 0.075
2531.75027 I 19.409 0.057
2531.75827 I 19.472 0.055
2531.76607 I 19.314 0.044
2557.79451 I 19.479 0.061
2557.84941 I 19.334 0.107
2557.86051 I 19.399 0.122
2589.8061 I 19.621 0.056
2589.8115 I 19.709 0.103
2589.8177 I 19.597 0.106
2646.63476 I 21.134 0.213
2646.64086 I 20.751 0.123
2646.64656 I 20.482 0.103
2662.61356 I 21.031 0.184
2662.62616 I 20.808 0.167
2901.77614 I 19.758 0.058
2901.78234 I 19.602 0.1
2901.79415 I 19.788 0.134
2908.8181 I 19.685 0.044
2908.8243 I 19.612 0.042
2908.8311 I 19.538 0.045
2932.81358 I 19.96 0.028
2932.82658 I 19.953 0.035
2958.82439 I 20.507 0.085
2958.83068 I 20.315 0.069
2958.83668 I 20.214 0.084
3000.64824 I 21.12 0.211
3000.65494 I 21.015 0.185
3000.66804 I 21.372 0.574
3566.88521 I 20.459 0.044
3567.8917 I 20.467 0.034
3567.9299 I 20.479 0.114
4400.70547 H 17.537 0.0373630833845388
4401.70461 H 17.651 0.119507321951419
4400.69841 J 18.423 0.0894986033410578
4400.71635 K 17.14 0.0521727898429823
3643.07923 H 17.946 0.048
4037.79475 H 17.952 0.057
4114.81474 H 17.329 0.038
4357.98276 H 17.821 0.033
3643.07686 J 18.73 0.073
4036.84314 J 18.608 0.064
4037.84135 J 18.628 0.07
4038.81572 J 18.533 0.046
4114.79156 J 18.063 0.065
4357.96885 J 18.567 0.031
3633.0008 K 17.337 0.039
3643.08379 K 17.361 0.051
3662.00389 K 17.356 0.054
3663.88387 K 17.414 0.087
3678.89413 K 17.403 0.04
3938.03607 K 17.307 0.035
4036.79418 K 17.576 0.064
4037.7659 K 17.418 0.066
4114.76664 K 17.007 0.062
4357.95111 K 17.464 0.037
