332.98229 I 20.495 0.087
333.91185 I 20.464 0.111
334.87982 I 20.579 0.107
348.78194 I 20.456 0.099
349.8853 I 20.55 0.096
350.90134 I 20.746 0.125
353.81288 I 20.455 0.145
353.81408 I 20.636 0.176
357.00941 I 20.661 0.274
357.01441 I 20.254 0.183
357.98535 I 20.618 0.121
357.99615 I 20.608 0.149
358.92218 I 20.706 0.119
358.93128 I 20.796 0.145
359.80831 I 20.576 0.116
359.81751 I 20.651 0.115
361.92418 I 20.672 0.106
361.99639 I 20.422 0.089
362.74811 I 20.504 0.107
362.87721 I 20.601 0.114
363.00022 I 20.69 0.145
363.75644 I 20.563 0.109
363.87964 I 20.583 0.099
364.79017 I 20.288 0.08
364.91107 I 20.697 0.126
365.9215 I 20.739 0.12
645.932 I 20.062 0.061
651.86824 I 19.893 0.102
652.87233 I 20.254 0.111
653.96243 I 20.201 0.106
660.89137 I 20.036 0.072
660.95838 I 20.208 0.102
665.88823 I 20.238 0.071
673.94015 I 20.234 0.071
674.94294 I 20.306 0.091
679.88606 I 20.355 0.096
680.91175 I 20.504 0.162
685.97487 I 20.432 0.127
687.92692 I 20.44 0.114
688.99581 I 20.471 0.091
695.87952 I 20.522 0.096
696.00323 I 20.405 0.098
730.90329 I 20.749 0.105
2499.91493 I 20.051 0.174
2517.7976 I 20.527 0.295
2517.88341 I 20.503 0.229
2531.75827 I 20.733 0.278
2531.76607 I 20.854 0.165
2557.84941 I 21.071 0.154
2557.86051 I 21.143 0.193
2589.81149 I 21.516 0.294
2589.81769 I 21.216 0.173
2646.64086 I 21.498 0.206
2646.64656 I 22.211 0.472
2662.61986 I 21.281 0.241
2662.62616 I 21.272 0.207
2901.78234 I 20.43 0.082
2901.79415 I 20.466 0.109
2908.8243 I 20.612 0.083
2908.8311 I 20.414 0.082
2932.82018 I 20.932 0.069
2932.82658 I 20.826 0.073
2958.83068 I 21.267 0.163
2958.83668 I 21.435 0.182
3000.64824 I 21.598 0.255
3566.88521 I 19.711 0.025
3567.8917 I 19.783 0.023
3567.9299 I 19.797 0.062
2537.06855 H 16.884 0.0295296461204668
2949.87871 H 17.105 0.034132096331752
2949.87299 J 17.861 0.0557853027239254
2537.07751 K 16.406 0.051662365412358
2949.88586 K 16.558 0.0543415126767741
4400.74658 H 16.797 0.0449221548904324
4401.68353 H 16.801 0.067468511173732
4401.73429 H 16.742 0.0376961536499415
4400.74116 J 17.504 0.0554616984954482
4400.75694 K 16.554 0.0402616442783948
4401.67826 K 16.236 0.0570701322935211
4401.73066 K 16.489 0.0539351462406472
3643.07923 H 16.869 0.021
3679.82567 H 17.078 0.046
4037.79475 H 16.829 0.04
4114.81474 H 17.187 0.037
4357.98276 H 16.923 0.025
3643.07686 J 17.607 0.03
3679.83103 J 17.771 0.053
4036.84314 J 17.593 0.049
4037.84135 J 17.61 0.044
4038.81571 J 17.668 0.032
4114.79156 J 17.977 0.065
4357.96885 J 17.725 0.02
3633.0008 K 16.411 0.025
3643.08379 K 16.395 0.035
3662.00389 K 16.439 0.041
3663.88387 K 16.439 0.059
3678.89412 K 16.457 0.023
3679.8211 K 16.626 0.038
3938.03607 K 16.768 0.026
4036.79418 K 16.407 0.026
4037.7659 K 16.398 0.058
4114.76663 K 16.661 0.059
4357.95111 K 16.514 0.018
