332.98229 I 19.628 0.052
333.91185 I 19.669 0.072
334.87982 I 19.669 0.079
348.78194 I 19.464 0.05
349.8853 I 19.468 0.047
350.90135 I 19.38 0.049
353.81288 I 19.427 0.067
353.81408 I 19.491 0.063
357.00941 I 19.233 0.075
357.01441 I 19.39 0.096
357.98535 I 19.298 0.045
357.99615 I 19.338 0.05
358.92218 I 19.378 0.06
358.93128 I 19.455 0.055
359.80831 I 19.367 0.045
359.81752 I 19.362 0.056
361.92419 I 19.365 0.04
361.99639 I 19.307 0.041
362.74811 I 19.247 0.036
362.87722 I 19.23 0.034
363.00022 I 19.31 0.048
363.75644 I 19.294 0.037
363.87965 I 19.255 0.033
364.79017 I 19.298 0.037
364.91107 I 19.332 0.036
365.9215 I 19.386 0.06
645.932 I 19.334 0.043
651.86824 I 19.331 0.057
652.87233 I 19.404 0.064
653.96243 I 19.38 0.048
660.89137 I 19.387 0.046
660.95838 I 19.411 0.06
665.88823 I 19.296 0.044
673.94015 I 19.24 0.041
674.94294 I 19.273 0.045
679.88606 I 19.221 0.044
680.91175 I 19.273 0.063
685.97487 I 19.195 0.053
687.92692 I 19.198 0.041
688.99581 I 19.237 0.044
695.87952 I 19.274 0.05
696.00323 I 19.208 0.046
730.90329 I 18.863 0.032
2499.90403 I 19.456 0.055
2499.91493 I 19.378 0.043
2517.7897 I 19.501 0.053
2517.7976 I 19.453 0.047
2531.75027 I 19.514 0.047
2531.75827 I 19.505 0.056
2557.79451 I 19.454 0.045
2557.84941 I 19.365 0.047
2557.86051 I 19.327 0.044
2589.8061 I 19.168 0.033
2589.8115 I 19.264 0.047
2646.63476 I 18.958 0.03
2646.64086 I 18.968 0.029
2662.61356 I 18.797 0.025
2662.61986 I 18.76 0.03
2901.77614 I 19.227 0.035
2901.78235 I 19.192 0.033
2901.79415 I 19.367 0.078
2908.8181 I 19.043 0.027
2908.8243 I 19.168 0.03
2932.81358 I 18.776 0.014
2932.82018 I 18.837 0.019
2932.82658 I 18.761 0.016
2958.82439 I 18.773 0.022
2958.83068 I 18.702 0.022
3000.64824 I 19.019 0.029
3000.65494 I 19.037 0.034
3000.66804 I 18.888 0.432
3566.88521 I 19.043 0.016
3566.91681 I 19.033 0.012
3567.9299 I 19.061 0.05
3567.9437 I 19.011 0.051
4400.70547 H 17.191 0.0345398320783411
4400.69841 J 17.734 0.0702139587261678
4400.71635 K 16.868 0.0383275357934736
4401.70091 K 16.635 0.0875728268357257
3643.07923 H 17.662 0.038
4037.79475 H 17.108 0.042
4114.81474 H 17.098 0.037
4357.98276 H 16.916 0.025
3643.07686 J 18.383 0.055
4036.84314 J 17.782 0.051
4037.84135 J 17.765 0.046
4038.81572 J 17.764 0.033
4114.79156 J 17.762 0.064
4357.96885 J 17.628 0.019
3633.0008 K 17.052 0.033
3643.08379 K 17.232 0.047
3662.00389 K 17.234 0.051
3663.88387 K 17.119 0.075
3678.89413 K 17.24 0.036
3938.03607 K 17.217 0.033
4036.79418 K 16.863 0.035
4037.7659 K 16.833 0.059
4114.76663 K 16.781 0.06
4357.95111 K 16.676 0.02
