2499.91494 I 21.689 0.281
2517.79761 I 21.24 0.261
2517.88342 I 21.328 0.219
2531.75827 I 20.655 0.144
2531.76607 I 20.883 0.112
2557.84941 I 20.713 0.106
2557.86051 I 20.715 0.101
2589.81149 I 20.781 0.122
2589.81769 I 21.083 0.188
2646.64085 I 21.151 0.136
2646.64655 I 21.236 0.164
2662.61985 I 20.867 0.163
2662.62615 I 21.008 0.181
2901.78235 I 21.349 0.134
2901.79415 I 21.445 0.148
2908.82431 I 21.241 0.133
2908.83111 I 21.345 0.173
2932.82018 I 20.695 0.053
2932.82658 I 20.714 0.058
2958.83068 I 20.655 0.094
2958.83668 I 20.399 0.071
3000.64823 I 21.914 0.432
3566.88522 I 21.454 0.106
3567.89171 I 21.402 0.084
3567.92991 I 21.787 0.23
4400.75694 K 18.847 0.229218236621784
3679.82567 H 18.975 0.13
4116.73647 H 19.071 0.102
4377.88462 H 19.33 0.124
3679.83103 J 19.612 0.162
4118.70482 J 20.027 0.161
4377.8709 J 19.924 0.107
3632.07283 K 18.796 0.154
3661.95599 K 18.32 0.097
3663.88387 K 18.385 0.193
3678.90644 K 18.698 0.129
3679.8211 K 18.72 0.155
3727.74907 K 19.166 0.192
3938.05756 K 18.286 0.086
4074.81058 K 18.428 0.104
4115.76295 K 18.734 0.135
4362.84502 K 18.692 0.132
