332.98229 I 20.279 0.045
333.91185 I 20.249 0.056
334.87982 I 20.308 0.066
348.78194 I 20.116 0.054
349.8853 I 20.186 0.065
350.90135 I 20.185 0.07
353.81288 I 20.32 0.128
353.81408 I 19.93 0.091
357.00941 I 20.415 0.196
357.01441 I 20.388 0.247
357.98535 I 20.192 0.095
357.99615 I 19.996 0.087
358.92218 I 20.399 0.071
358.93128 I 20.214 0.061
359.80832 I 20.202 0.068
359.81752 I 20.271 0.071
361.92419 I 20.48 0.086
361.99639 I 20.072 0.082
362.74811 I 19.987 0.071
362.87722 I 19.989 0.064
363.00022 I 20.192 0.1
363.75644 I 19.928 0.059
363.87965 I 20.384 0.086
364.79017 I 20.503 0.093
364.91107 I 20.338 0.068
365.9215 I 20.276 0.067
645.932 I 19.717 0.058
651.86824 I 19.881 0.095
652.87233 I 20.008 0.094
653.96244 I 19.911 0.081
660.89137 I 20.025 0.053
660.95838 I 20.174 0.06
665.88823 I 20.144 0.051
673.94015 I 20.249 0.062
674.94294 I 20.352 0.077
679.88606 I 20.679 0.127
680.91175 I 20.81 0.219
685.97487 I 20.519 0.09
687.92692 I 20.662 0.097
688.99581 I 20.575 0.079
695.87952 I 20.818 0.107
696.00323 I 20.73 0.101
730.90329 I 21.589 0.246
2499.90403 I 21.621 0.419
2499.91493 I 21.351 0.269
2517.78971 I 21.383 0.311
2517.79761 I 21.375 0.326
2531.75027 I 21.664 0.345
2531.75827 I 21.487 0.311
2557.79451 I 21.346 0.296
2557.84941 I 21.16 0.234
2557.86051 I 21.398 0.344
2589.80609 I 20.74 0.138
2589.81149 I 20.914 0.181
2589.81769 I 20.66 0.141
2646.63476 I 20.679 0.145
2662.61356 I 20.281 0.12
2662.61986 I 20.115 0.092
2901.77615 I 20.969 0.218
2901.78235 I 20.895 0.24
2901.79415 I 20.871 0.247
2908.8181 I 20.762 0.132
2908.8243 I 20.794 0.13
2932.81358 I 20.573 0.057
2932.82658 I 20.44 0.063
2958.82438 I 20.343 0.109
3000.65494 I 20.894 0.187
3000.66804 I 20.283 0.423
3566.88521 I 20.405 0.048
3566.91681 I 20.378 0.042
3567.92991 I 20.268 0.095
3567.94371 I 20.377 0.146
2537.08957 H 17.859 0.0282311884269862
2537.09669 K 17.396 0.0531507290636732
4400.70547 H 18.049 0.0460977222864644
4401.70461 H 17.691 0.120702112657567
4400.69841 J 18.549 0.120838735511424
4400.71635 K 17.449 0.0412310562561766
3643.07923 H 17.483 0.033
3679.82567 H 17.787 0.058
4037.79475 H 17.727 0.051
4114.81474 H 17.694 0.043
4357.98276 H 17.75 0.032
3643.07686 J 18.049 0.042
3679.83103 J 18.458 0.074
4036.84314 J 18.449 0.059
4037.84135 J 18.493 0.063
4038.81572 J 18.547 0.045
4114.79156 J 18.447 0.068
4357.96885 J 18.612 0.032
3633.0008 K 16.934 0.031
3643.08379 K 16.882 0.04
3662.00389 K 16.98 0.046
3663.88387 K 17 0.071
3678.89412 K 17.104 0.033
3679.8211 K 17.095 0.047
3938.03607 K 16.999 0.028
4036.79418 K 17.312 0.052
4037.7659 K 17.204 0.062
4114.76663 K 17.247 0.064
4357.95111 K 17.327 0.033
