332.98229 I 19.66 0.04
333.91185 I 19.728 0.053
334.87982 I 19.686 0.047
348.78194 I 19.567 0.041
349.88529 I 19.641 0.044
350.90134 I 19.551 0.04
353.81288 I 19.662 0.07
353.81408 I 19.596 0.061
357.00941 I 19.53 0.093
357.01441 I 19.678 0.113
357.98535 I 19.619 0.057
357.99615 I 19.647 0.061
358.92218 I 19.731 0.048
358.93128 I 19.661 0.049
359.80831 I 19.734 0.045
359.81751 I 19.661 0.043
361.92418 I 19.704 0.049
361.99639 I 19.758 0.053
362.74811 I 19.68 0.055
362.87721 I 19.573 0.044
363.00022 I 19.681 0.063
363.75644 I 19.769 0.053
363.87964 I 19.644 0.045
364.79017 I 19.6 0.046
364.91107 I 19.681 0.044
365.9215 I 19.789 0.05
645.932 I 20.149 0.076
651.86824 I 20.198 0.151
652.87233 I 20.23 0.121
653.96243 I 20.011 0.09
660.89137 I 20.125 0.056
660.95838 I 20.072 0.058
665.88823 I 19.987 0.047
673.94015 I 19.724 0.041
674.94294 I 19.841 0.05
679.88606 I 19.716 0.059
680.91175 I 19.86 0.094
685.97486 I 19.7 0.056
687.92692 I 19.678 0.045
688.9958 I 19.669 0.045
695.87952 I 19.739 0.045
696.00323 I 19.784 0.054
730.90329 I 19.954 0.063
2499.91493 I 20.188 0.181
2517.7976 I 20.638 0.241
2517.88341 I 20.396 0.095
2531.75826 I 21.016 0.241
2531.76607 I 20.435 0.096
2557.84941 I 20.231 0.116
2557.86051 I 20.246 0.106
2589.81149 I 20.038 0.081
2589.81769 I 20.028 0.08
2646.64086 I 19.832 0.058
2646.64656 I 19.74 0.075
2662.61986 I 19.877 0.076
2662.62616 I 20.064 0.092
2901.78234 I 20.562 0.138
2901.79414 I 20.739 0.14
2908.8243 I 20.406 0.096
2908.8311 I 20.515 0.104
2932.82018 I 20.341 0.046
2932.82658 I 20.36 0.047
2958.83068 I 20.001 0.049
2958.83668 I 20.03 0.056
3000.64824 I 19.73 0.054
3000.66804 I 19.746 0.314
3566.88521 I 20.471 0.044
3567.8917 I 20.53 0.04
3567.9299 I 20.37 0.083
4400.74658 H 17.989 0.072691127381545
4401.73429 H 17.952 0.0787718223732319
4400.74116 J 18.753 0.157686397637843
4400.75694 K 17.652 0.0799061950038919
4401.73066 K 17.596 0.129468142799686
3643.07922 H 18.516 0.079
4037.79475 H 18.082 0.061
4114.81474 H 18.395 0.059
4357.98276 H 18.543 0.052
3643.07685 J 19.143 0.102
4036.84314 J 18.915 0.074
4037.84135 J 18.826 0.077
4038.81571 J 18.83 0.053
4114.79156 J 19.09 0.08
4357.96884 J 19.174 0.048
3633.00079 K 18.358 0.086
3643.08379 K 18.387 0.106
3662.00389 K 18.038 0.079
3663.88387 K 18.175 0.147
3678.89412 K 17.811 0.055
3938.03607 K 17.853 0.052
4036.79418 K 17.926 0.085
4037.7659 K 17.821 0.073
4114.76664 K 17.882 0.078
4357.9511 K 18.26 0.072
