332.98229 I 19.581 0.029
333.91185 I 19.547 0.031
334.87982 I 19.544 0.031
348.78194 I 19.271 0.033
349.8853 I 19.217 0.025
350.90135 I 19.323 0.029
353.81288 I 19.188 0.045
353.81408 I 19.25 0.051
357.00941 I 19.232 0.071
357.01441 I 19.222 0.074
357.98535 I 19.162 0.037
357.99615 I 19.226 0.04
358.92218 I 19.259 0.029
358.93128 I 19.242 0.029
359.80831 I 19.198 0.03
359.81751 I 19.226 0.029
361.92419 I 19.205 0.028
361.99639 I 19.259 0.032
362.74811 I 19.192 0.031
362.87722 I 19.213 0.03
363.00022 I 19.296 0.04
363.75644 I 19.174 0.03
363.87964 I 19.13 0.028
364.79017 I 19.141 0.027
364.91107 I 19.217 0.023
365.9215 I 19.208 0.027
645.932 I 20.77 0.133
651.86824 I 20.653 0.173
652.87233 I 20.685 0.13
653.96243 I 21.076 0.23
660.89137 I 20.84 0.106
660.95838 I 20.72 0.097
665.88823 I 20.726 0.088
673.94015 I 20.498 0.088
674.94294 I 20.436 0.093
679.88606 I 20.428 0.096
680.91175 I 20.349 0.117
685.97487 I 20.56 0.124
687.92692 I 20.376 0.072
688.99581 I 20.35 0.065
695.87952 I 20.431 0.068
696.00323 I 20.509 0.082
730.90329 I 20.382 0.073
2499.90403 I 19.613 0.073
2499.91493 I 19.755 0.062
2517.7897 I 19.576 0.049
2517.7976 I 19.64 0.058
2517.88341 I 19.696 0.065
2531.75027 I 19.759 0.072
2531.75827 I 19.75 0.058
2531.76607 I 19.68 0.077
2557.79451 I 20.047 0.083
2557.84941 I 19.921 0.072
2557.86051 I 20.009 0.109
2589.8061 I 20.405 0.088
2589.8115 I 20.517 0.16
2589.81769 I 20.252 0.088
2646.63476 I 20.997 0.163
2646.64086 I 21.086 0.198
2646.64656 I 21.227 0.158
2662.61356 I 21.585 0.324
2662.62616 I 21.194 0.212
2901.77614 I 19.407 0.061
2901.78235 I 19.318 0.062
2901.79415 I 19.405 0.087
2908.8181 I 19.191 0.033
2908.8243 I 19.293 0.029
2908.8311 I 19.277 0.028
2932.81358 I 19.118 0.02
2932.82658 I 19.102 0.02
2958.82438 I 19.509 0.043
2958.83068 I 19.553 0.044
2958.83668 I 19.666 0.03
3000.64824 I 20.252 0.084
3000.65494 I 20.213 0.091
3000.66804 I 19.822 0.342
3566.88521 I 21.205 0.1
3567.8917 I 21.607 0.118
3567.9299 I 21.631 0.368
2537.08957 H 16.753 0.0302324329156619
2537.09669 K 16.291 0.0540832691319598
4400.70547 H 17.695 0.0580517010948
4401.70461 H 17.13 0.0553172667437573
4400.71635 K 16.942 0.029732137494637
3643.07923 H 17.215 0.027
4037.79475 H 17.386 0.045
4114.81474 H 17.205 0.037
4357.98276 H 17.128 0.026
3643.07686 J 17.875 0.037
4036.84314 J 18.203 0.055
4037.84135 J 18.191 0.054
4038.81572 J 18.181 0.038
4114.79156 J 17.861 0.064
4357.96885 J 17.895 0.022
3633.0008 K 16.579 0.026
3643.08379 K 16.617 0.037
3662.00389 K 16.57 0.042
3663.88387 K 16.557 0.061
3678.89413 K 16.582 0.025
3938.03607 K 16.422 0.02
4036.79418 K 16.819 0.034
4037.7659 K 16.761 0.059
4114.76663 K 16.639 0.059
4357.95111 K 16.476 0.018
