332.98229 I 21.222 0.115
333.91185 I 21.511 0.172
334.87982 I 21.413 0.165
348.78194 I 21.703 0.249
349.88529 I 21.386 0.195
350.90134 I 21.194 0.205
353.81288 I 22.122 0.679
357.00941 I 20.823 0.317
357.01441 I 21.212 0.415
357.98535 I 21.087 0.19
357.99615 I 21.333 0.261
358.92218 I 21.753 0.256
358.93128 I 21.804 0.307
359.80831 I 21.504 0.253
359.81751 I 21.724 0.244
361.92418 I 21.295 0.165
361.99639 I 21.475 0.224
362.74811 I 21.745 0.33
362.87721 I 21.561 0.291
363.00022 I 21.148 0.204
363.75644 I 21.509 0.23
363.87964 I 21.4 0.191
364.79017 I 21.554 0.253
364.91107 I 21.559 0.245
365.9215 I 21.737 0.281
645.932 I 19.414 0.035
651.86824 I 19.621 0.081
652.87233 I 19.577 0.061
653.96243 I 19.583 0.058
660.89137 I 19.598 0.039
660.95838 I 19.681 0.042
665.88823 I 19.678 0.034
673.94015 I 19.837 0.045
674.94294 I 19.879 0.057
679.88606 I 19.869 0.064
680.91175 I 19.803 0.081
685.97486 I 19.982 0.063
687.92692 I 19.918 0.047
688.9958 I 20.004 0.049
695.87952 I 20.156 0.069
696.00323 I 20.087 0.067
730.90329 I 20.497 0.093
1379.98062 I 20.59 0.21
1384.96178 I 20.631 0.182
1385.96267 I 20.457 0.178
1428.9264 I 19.594 0.074
1428.9658 I 19.585 0.07
1429.75576 I 19.562 0.079
1429.79376 I 19.475 0.052
1429.91557 I 19.653 0.081
1432.82686 I 19.416 0.061
1432.93827 I 19.484 0.074
1433.80233 I 19.588 0.058
1433.91563 I 19.477 0.066
1458.69732 I 19.182 0.045
1458.82192 I 19.021 0.044
1458.91692 I 18.981 0.148
1459.69555 I 19.07 0.038
1459.95565 I 18.793 0.136
1460.88228 I 19.002 0.121
1462.87683 I 19.059 0.042
1462.96433 I 18.89 0.043
1463.70285 I 19.033 0.039
1463.75855 I 19.041 0.043
1463.88335 I 19.089 0.04
1481.6788 I 19.006 0.038
1481.7996 I 18.66 0.145
1481.8647 I 19.051 0.039
1482.66479 I 19.003 0.041
1482.78809 I 18.711 0.146
1483.66088 I 19.065 0.047
1483.80498 I 19.044 0.043
1484.66747 I 19.115 0.034
1484.84187 I 19.073 0.039
1485.65706 I 19.076 0.039
1485.79286 I 19.026 0.04
1486.81044 I 19.004 0.041
2499.91493 I 20.491 0.216
2517.7976 I 20.587 0.212
2531.75826 I 21.189 0.234
2557.84941 I 21.286 0.347
2557.86051 I 21.006 0.175
2589.81769 I 21.325 0.326
2901.78234 I 19.999 0.083
2901.79414 I 19.872 0.057
2932.82018 I 20.49 0.046
2932.82658 I 20.506 0.054
3566.88521 I 22.06 0.271
3567.8917 I 22.605 0.317
3567.9299 I 21.927 0.489
2537.06855 H 17.336 0.0484664832642105
2949.87871 H 16.677 0.0284429253066558
2949.87299 J 17.4 0.0622655603042324
2537.07751 K 16.36 0.0524976189936268
2949.88586 K 16.137 0.0553263047744922
4400.74658 H 17.228 0.0366878726556883
4401.73429 H 17.223 0.0492442890089805
4400.74116 J 18.096 0.077884529914483
4400.75694 K 16.966 0.0431740662898458
4401.67826 K 16.906 0.129468142799686
4401.73066 K 16.804 0.0631506136153878
3643.07923 H 16.886 0.021
3679.82567 H 16.803 0.044
4037.79475 H 17.67 0.05
4114.81474 H 17.685 0.042
4357.98276 H 16.994 0.025
3643.07686 J 17.548 0.029
3679.83103 J 17.417 0.048
4036.84314 J 18.366 0.058
4037.84135 J 18.414 0.063
4038.81571 J 18.38 0.041
4114.79156 J 18.306 0.067
4357.96885 J 17.71 0.02
3633.00079 K 16.223 0.024
3643.08379 K 16.26 0.034
3662.00389 K 16.214 0.04
3663.88387 K 16.304 0.058
3678.89412 K 16.2 0.021
3679.8211 K 16.287 0.035
3938.03607 K 16.499 0.022
4036.79418 K 17.013 0.041
4037.7659 K 16.94 0.06
4114.76663 K 16.895 0.061
4357.9511 K 16.371 0.017
