332.98229 I 19.849 0.047
333.91185 I 19.864 0.051
334.87982 I 19.767 0.047
348.78194 I 19.631 0.046
349.8853 I 19.707 0.045
350.90135 I 19.762 0.057
353.81288 I 19.631 0.065
353.81408 I 19.679 0.084
357.00941 I 19.71 0.107
357.01441 I 19.772 0.112
357.98535 I 19.713 0.064
357.99615 I 19.742 0.062
358.92218 I 19.762 0.046
358.93128 I 19.79 0.054
359.80831 I 19.747 0.047
359.81751 I 19.676 0.05
361.92419 I 19.682 0.046
361.99639 I 19.773 0.055
362.74811 I 19.824 0.061
362.87722 I 19.706 0.052
363.00022 I 19.811 0.07
363.75644 I 19.817 0.058
363.87964 I 19.691 0.054
364.79017 I 19.711 0.052
364.91107 I 19.707 0.054
365.9215 I 19.727 0.045
645.932 I 20.503 0.128
651.86824 I 21.416 0.364
652.87233 I 20.99 0.225
653.96243 I 20.99 0.231
660.89137 I 20.97 0.145
660.95838 I 20.968 0.133
665.88823 I 20.878 0.144
673.94015 I 20.812 0.12
674.94294 I 21.209 0.202
679.88606 I 20.939 0.166
680.91175 I 21.163 0.296
685.97487 I 20.762 0.139
687.92692 I 20.65 0.1
688.99581 I 20.751 0.107
695.87952 I 20.637 0.11
696.00323 I 20.739 0.136
730.90329 I 20.206 0.081
2499.91493 I 21.256 0.255
2517.79761 I 21.796 0.405
2517.88341 I 21.211 0.16
2531.75827 I 21.938 0.396
2531.76607 I 21.677 0.277
2557.84941 I 20.734 0.114
2557.86051 I 20.867 0.154
2589.81149 I 20.403 0.119
2589.81769 I 20.411 0.1
2646.64086 I 20.039 0.086
2646.64656 I 20.088 0.066
2662.61986 I 20.042 0.081
2662.62616 I 19.967 0.065
2901.78235 I 19.684 0.062
2901.79415 I 19.743 0.042
2908.8243 I 19.94 0.048
2908.8311 I 19.838 0.042
2932.82018 I 20.311 0.044
2932.82658 I 20.276 0.045
2958.83068 I 20.974 0.139
2958.83668 I 21.056 0.16
3000.64824 I 20.896 0.15
3000.66804 I 21.328 0.512
3566.88521 I 19.649 0.03
3567.8917 I 19.721 0.021
3567.9299 I 19.776 0.052
4400.70547 H 18.376 0.0559016994374947
4400.69841 J 19.19 0.185558616075891
4400.71635 K 17.915 0.0651152823843988
3643.07923 H 17.905 0.047
3679.82567 H 18.093 0.069
4037.79475 H 17.854 0.055
4114.81474 H 18.582 0.067
4357.98276 H 18.422 0.047
3643.07686 J 18.762 0.075
3679.83103 J 18.885 0.097
4036.84314 J 18.703 0.066
4037.84135 J 18.693 0.073
4038.81572 J 18.672 0.048
4114.79156 J 19.136 0.081
4357.96885 J 19.085 0.046
3633.0008 K 17.462 0.043
3643.08379 K 17.571 0.058
3662.00389 K 17.758 0.067
3663.88387 K 17.728 0.106
3678.89412 K 17.761 0.052
3679.8211 K 17.909 0.08
3938.03607 K 17.918 0.062
4036.79418 K 17.651 0.068
4037.7659 K 17.664 0.069
4114.76663 K 18.027 0.083
4357.95111 K 17.946 0.055
