332.98229 I 20.36 0.067
333.91185 I 20.391 0.077
334.87982 I 20.423 0.099
348.78194 I 20.431 0.088
349.8853 I 20.563 0.087
350.90135 I 20.445 0.1
353.81288 I 20.489 0.147
353.81408 I 20.465 0.133
357.00941 I 20.483 0.222
357.01441 I 20.31 0.199
357.98535 I 20.508 0.12
357.99615 I 20.844 0.157
358.92218 I 20.801 0.124
358.93128 I 20.716 0.112
359.80831 I 20.62 0.086
359.81751 I 20.791 0.114
361.92419 I 20.645 0.084
361.99639 I 20.693 0.117
362.74811 I 20.615 0.122
362.87721 I 20.363 0.096
363.00022 I 20.71 0.157
363.75644 I 20.765 0.11
363.87964 I 20.762 0.117
364.79017 I 20.782 0.119
364.91107 I 20.758 0.107
365.9215 I 20.856 0.127
645.932 I 21.598 0.289
651.86824 I 21.296 0.379
652.87233 I 21.809 0.396
660.89137 I 22.3 0.423
660.95838 I 22.041 0.317
665.88823 I 21.968 0.328
673.94015 I 21.79 0.31
674.94294 I 22.257 0.476
679.88606 I 22.195 0.498
680.91175 I 22.402 0.856
685.97487 I 22.065 0.508
687.92692 I 21.987 0.342
688.99581 I 22.549 0.558
695.87952 I 21.888 0.329
696.00323 I 22.22 0.489
730.90329 I 21.263 0.163
2499.91493 I 20.675 0.182
2517.79761 I 20.01 0.254
2517.88341 I 20.056 0.068
2531.75827 I 20.025 0.16
2531.76607 I 19.939 0.056
2557.84941 I 20.126 0.103
2557.86051 I 20.161 0.161
2589.81149 I 20.813 0.113
2589.81769 I 20.567 0.121
2646.64086 I 21.796 0.363
2646.64656 I 22.416 0.627
2662.61986 I 22.522 0.789
2901.78235 I 22.49 0.492
2901.79415 I 22.13 0.326
2908.8243 I 22.028 0.431
2932.82018 I 21.914 0.181
2932.82658 I 21.635 0.152
2958.83068 I 21.356 0.2
2958.83668 I 21.476 0.214
3000.64824 I 20.326 0.082
3000.66804 I 20.127 0.364
3566.88521 I 20.193 0.032
3567.8917 I 20.2 0.028
3567.9299 I 20.261 0.074
4400.70547 H 18.195 0.0757693869580585
4400.74658 H 18.089 0.0873613186713662
4400.71635 K 17.485 0.0578705451849211
4400.75694 K 17.939 0.11443775600736
4401.70091 K 16.976 0.100498756211209
4401.73066 K 17.754 0.16729913329124
3679.82567 H 18.491 0.089
4037.79475 H 17.845 0.055
4114.81474 H 18.213 0.053
4357.98276 H 18.038 0.037
3643.07686 J 19.265 0.113
4036.84314 J 18.72 0.066
4037.84135 J 18.582 0.066
4038.81572 J 18.683 0.047
4114.79156 J 18.838 0.074
4357.96885 J 18.726 0.035
3633.0008 K 17.708 0.051
3643.08379 K 17.89 0.072
3662.00389 K 18.063 0.082
3663.88387 K 18.012 0.13
3678.89412 K 17.996 0.063
3679.8211 K 18.144 0.096
3938.03607 K 17.922 0.057
4036.79418 K 17.456 0.051
4037.7659 K 17.448 0.065
4114.76663 K 17.608 0.07
4357.95111 K 17.471 0.037
