332.98228 I 21.116 0.104
333.91185 I 21.366 0.127
334.87981 I 21.135 0.115
348.78194 I 21.145 0.152
349.88529 I 21.283 0.142
350.90134 I 21.541 0.26
353.81288 I 21.133 0.27
353.81408 I 21.188 0.274
357.00941 I 21.333 0.495
357.01441 I 21.086 0.42
357.98535 I 21.242 0.26
357.99615 I 21.202 0.226
358.92218 I 21.49 0.193
358.93128 I 21.484 0.208
359.80831 I 21.189 0.145
359.81751 I 21.934 0.321
361.92418 I 21.141 0.151
361.99639 I 21.129 0.165
362.74811 I 21.295 0.229
362.87721 I 21.033 0.148
363.00022 I 21.051 0.186
363.75644 I 20.982 0.127
363.87964 I 21.19 0.15
364.79017 I 21.285 0.173
364.91107 I 21.152 0.151
365.9215 I 21.398 0.185
645.932 I 21.153 0.165
651.86824 I 20.73 0.225
652.87233 I 21.004 0.181
653.96243 I 20.977 0.198
660.89137 I 20.999 0.123
660.95838 I 21.303 0.16
665.88823 I 21.171 0.136
673.94015 I 21.375 0.141
674.94293 I 21.229 0.153
679.88606 I 21.849 0.334
680.91175 I 20.872 0.194
685.97486 I 21.103 0.188
687.92692 I 21.231 0.152
688.9958 I 21.516 0.208
695.87952 I 21.251 0.146
696.00323 I 21.149 0.149
730.90329 I 20.867 0.118
2499.91493 I 21.791 0.308
2517.7976 I 22.256 0.668
2517.88341 I 21.897 0.276
2531.76606 I 22.679 0.569
2557.84941 I 21.833 0.305
2589.81149 I 21.183 0.113
2589.81769 I 21.22 0.169
2646.64086 I 20.129 0.061
2646.64656 I 20.212 0.055
2662.61986 I 20.002 0.071
2662.62616 I 19.871 0.059
2901.78234 I 21.236 0.09
2901.79414 I 21.273 0.119
2908.8243 I 21.223 0.138
2908.8311 I 21.45 0.173
2932.82018 I 20.453 0.038
2932.82658 I 20.495 0.047
2958.83068 I 20.513 0.072
2958.83668 I 20.287 0.071
3000.64824 I 19.794 0.057
3566.88521 I 20.694 0.048
3567.8917 I 20.636 0.032
3567.9299 I 20.662 0.07
4400.74658 H 17.723 0.0502195181179589
4401.73429 H 17.79 0.0657647321898295
4400.74116 J 18.487 0.0936215787091843
4400.75694 K 17.405 0.0600166643524946
3643.07922 H 17.362 0.03
4037.79475 H 17.68 0.05
4114.81474 H 17.967 0.047
4357.98275 H 17.64 0.03
3643.07685 J 18.174 0.046
4036.84313 J 18.419 0.059
4037.84135 J 18.408 0.06
4038.81571 J 18.413 0.042
4114.79156 J 18.619 0.07
4357.96884 J 18.407 0.028
3633.00079 K 16.879 0.03
3643.08378 K 16.855 0.04
3662.00389 K 16.856 0.045
3663.88387 K 16.837 0.067
3678.89412 K 16.765 0.027
3938.03607 K 16.856 0.026
4036.79417 K 17.077 0.042
4037.7659 K 17.097 0.061
4114.76664 K 17.315 0.065
4357.9511 K 17.057 0.027
