332.98229 I 19.914 0.061
333.91185 I 20.001 0.078
334.87982 I 19.96 0.085
348.78194 I 19.664 0.063
349.8853 I 19.718 0.063
350.90134 I 19.628 0.05
353.81288 I 19.458 0.062
353.81408 I 19.551 0.061
357.00941 I 19.847 0.141
357.01441 I 19.72 0.117
357.98535 I 19.675 0.069
357.99615 I 19.782 0.075
358.92218 I 19.601 0.062
358.93128 I 19.647 0.053
359.80831 I 19.599 0.046
359.81751 I 19.659 0.062
361.92418 I 19.551 0.044
361.99639 I 19.49 0.047
362.74811 I 19.421 0.044
362.87721 I 19.444 0.045
363.00022 I 19.476 0.053
363.75644 I 19.485 0.046
363.87964 I 19.405 0.037
364.79017 I 19.514 0.044
364.91107 I 19.53 0.045
365.9215 I 19.687 0.065
645.932 I 20.118 0.072
651.86824 I 20.024 0.117
652.87233 I 20.026 0.089
653.96243 I 19.718 0.061
660.89137 I 19.951 0.067
660.95838 I 20.071 0.086
665.88823 I 19.957 0.06
673.94015 I 19.719 0.057
674.94294 I 19.628 0.06
679.88606 I 19.55 0.056
680.91175 I 19.544 0.068
685.97487 I 19.639 0.063
687.92692 I 19.519 0.055
688.99581 I 19.564 0.054
695.87952 I 19.454 0.047
696.00323 I 19.458 0.048
730.90329 I 19.422 0.046
1379.98062 I 19.906 0.082
1384.96178 I 19.728 0.07
1385.96267 I 19.728 0.07
1428.9264 I 20.539 0.124
1428.9658 I 20.609 0.125
1429.75576 I 21.343 0.315
1429.79376 I 20.768 0.153
1429.91557 I 20.802 0.14
1432.82686 I 20.925 0.135
1432.93827 I 20.686 0.14
1433.80233 I 21.179 0.212
1433.91563 I 20.657 0.129
1458.69732 I 21.338 0.344
1458.82192 I 21.077 0.188
1459.69555 I 21.464 0.349
1459.95565 I 21.65 0.655
1460.88228 I 21.248 0.277
1462.87683 I 21.502 0.297
1462.96433 I 20.899 0.184
1463.70285 I 21.616 0.357
1463.75855 I 20.993 0.214
1463.88335 I 21.711 0.363
1481.6788 I 21.729 0.364
1481.7996 I 20.727 0.249
1481.8647 I 21.244 0.288
1482.66479 I 21.404 0.299
1482.78809 I 21.193 0.423
1483.66088 I 20.953 0.216
1483.80498 I 21.191 0.214
1484.66747 I 21.597 0.357
1484.84187 I 21.317 0.243
1485.79286 I 21.269 0.26
1486.81044 I 21.373 0.295
2499.91493 I 22.599 0.64
2517.88341 I 22.771 0.563
2531.75827 I 21.573 0.338
2531.76607 I 21.64 0.327
2557.84941 I 20.792 0.129
2557.86051 I 20.64 0.09
2589.81149 I 20.309 0.085
2589.81769 I 20.33 0.099
2646.64086 I 19.555 0.038
2646.64656 I 19.531 0.036
2662.61986 I 19.515 0.047
2662.62616 I 19.613 0.053
2901.78234 I 20.556 0.107
2901.79415 I 20.611 0.088
2908.8243 I 20.545 0.097
2908.8311 I 20.434 0.088
2932.82018 I 20.155 0.051
2932.82658 I 20.059 0.04
2958.83068 I 19.435 0.034
2958.83668 I 19.521 0.036
3000.64824 I 19.655 0.038
3000.66804 I 19.375 0.434
3566.88521 I 20.365 0.045
3567.8917 I 20.382 0.039
3567.9299 I 20.485 0.117
2537.0072 H 18.599 0.0363593179253957
2537.01464 K 18.011 0.0531413210223457
4400.74658 H 18.2 0.199812412026881
4400.75694 K 17.369 0.0826075057122535
4401.73066 K 17.22 0.132378245946983
3643.07923 H 17.103 0.024
3679.82567 H 17.121 0.046
4037.79475 H 17.323 0.044
4114.81474 H 17.758 0.043
4357.98276 H 17.341 0.027
3643.07686 J 17.975 0.04
3679.83103 J 17.795 0.054
4036.84314 J 18.131 0.054
4037.84135 J 18.136 0.053
4038.81572 J 18.158 0.037
4114.79156 J 18.561 0.069
4357.96885 J 18.221 0.025
3633.0008 K 16.811 0.029
3643.08379 K 16.721 0.038
3662.00389 K 16.677 0.043
3663.88387 K 16.725 0.064
3678.89412 K 16.688 0.026
3679.8211 K 16.708 0.039
3938.03607 K 16.759 0.025
4036.79418 K 16.887 0.036
4037.7659 K 16.927 0.06
4114.76663 K 17.215 0.064
4357.95111 K 16.874 0.023
