332.98229 I 21.176 0.118
333.91185 I 21.43 0.122
334.87982 I 21.46 0.135
348.78194 I 21.957 0.331
349.88529 I 22.07 0.331
350.90134 I 21.754 0.265
353.81288 I 22.065 0.673
353.81408 I 21.677 0.45
357.00941 I 21.507 0.461
357.01441 I 21.938 0.828
357.98535 I 21.927 0.465
357.99615 I 21.494 0.306
358.92218 I 21.968 0.262
358.93128 I 21.824 0.29
359.80831 I 22.253 0.476
359.81751 I 21.905 0.347
361.92418 I 22.2 0.431
363.75644 I 22.516 0.653
363.87964 I 22.236 0.436
364.79017 I 21.614 0.272
364.91107 I 21.784 0.265
365.9215 I 21.607 0.265
645.932 I 19.997 0.058
651.86824 I 19.968 0.11
652.87233 I 19.947 0.071
653.96243 I 20.272 0.1
660.89137 I 19.941 0.045
660.95838 I 19.867 0.043
665.88823 I 19.717 0.036
673.94015 I 19.709 0.035
674.94294 I 19.79 0.048
679.88606 I 19.788 0.064
680.91175 I 19.663 0.067
685.97486 I 19.713 0.046
687.92692 I 19.677 0.044
688.9958 I 19.691 0.035
695.87952 I 19.705 0.045
696.00323 I 19.688 0.042
730.90329 I 20.2 0.067
1379.98062 I 19.916 0.07
1384.96178 I 19.963 0.063
1385.96267 I 19.982 0.075
1428.9264 I 20.552 0.1
1428.9658 I 20.656 0.118
1429.91557 I 20.909 0.135
1432.82686 I 21.265 0.261
1432.93827 I 21.102 0.185
1433.80233 I 21.335 0.285
1433.91563 I 21.341 0.211
1481.6788 I 21.454 0.306
1481.7996 I 21.15 0.406
1481.8647 I 21.537 0.426
1482.66479 I 21.147 0.328
1483.66088 I 20.801 0.15
1483.80498 I 21.133 0.182
1484.66747 I 20.99 0.19
1484.84187 I 21.019 0.234
1485.79286 I 20.752 0.175
2499.90403 I 20.001 0.103
2499.91493 I 20.011 0.065
2517.7897 I 20.318 0.072
2517.7976 I 20.219 0.076
2517.88341 I 20.277 0.084
2531.75026 I 20.855 0.139
2531.75826 I 20.919 0.179
2531.76607 I 20.522 0.108
2557.79451 I 21.741 0.233
2557.84941 I 21.432 0.206
2557.86051 I 21.385 0.212
2589.8061 I 21.183 0.174
2589.8115 I 21.337 0.211
2589.8177 I 21.448 0.244
2646.63476 I 19.818 0.067
2646.64086 I 19.836 0.042
2646.64656 I 19.993 0.069
2662.61356 I 19.799 0.064
2662.61986 I 19.604 0.059
2662.62616 I 19.862 0.054
2901.77614 I 19.783 0.061
2901.78234 I 19.633 0.049
2901.79414 I 19.892 0.087
2908.8181 I 19.713 0.04
2908.8311 I 19.691 0.039
2932.81358 I 19.773 0.023
2932.82018 I 19.771 0.027
2932.82658 I 19.776 0.028
2958.82439 I 20.44 0.075
2958.83069 I 20.244 0.056
2958.83669 I 20.427 0.09
3000.64825 I 21.743 0.283
3000.65494 I 21.146 0.207
3566.88521 I 19.655 0.021
3567.8917 I 19.65 0.018
3567.9299 I 19.704 0.074
3567.9437 I 19.756 0.062
4400.70547 H 18.574 0.0704059656563277
4400.71635 K 18.453 0.109457754407808
3643.07923 H 18.133 0.057
4037.79475 H 17.773 0.052
4114.81474 H 18.425 0.061
4357.98276 H 18.658 0.056
3643.07686 J 19.054 0.095
4036.84314 J 18.467 0.06
4037.84135 J 18.488 0.065
4038.81572 J 18.518 0.044
4114.79156 J 19.072 0.079
4357.96885 J 19.322 0.054
3633.00079 K 17.669 0.05
3643.08379 K 17.641 0.061
3662.00389 K 17.802 0.069
3663.88387 K 18.077 0.136
3678.89413 K 18.02 0.065
3938.03607 K 18.093 0.071
4036.79418 K 17.472 0.058
4037.7659 K 17.442 0.065
4114.76664 K 17.807 0.075
4357.9511 K 18.19 0.068
