332.98228 I 20.416 0.063
333.91185 I 20.379 0.068
334.87981 I 20.371 0.068
348.78194 I 20.829 0.123
349.88529 I 20.713 0.106
350.90134 I 20.852 0.13
353.81288 I 21.214 0.294
353.81408 I 21.094 0.243
357.00941 I 21.088 0.372
357.01441 I 20.785 0.286
357.98535 I 20.99 0.192
357.99615 I 21.047 0.19
358.92218 I 20.982 0.125
358.93128 I 20.883 0.107
359.80831 I 20.952 0.142
359.81751 I 20.955 0.136
361.92418 I 21.038 0.127
361.99639 I 21.394 0.207
363.00022 I 21.137 0.222
363.75644 I 21.482 0.243
363.87964 I 21.362 0.187
364.79017 I 21.123 0.161
364.91107 I 20.972 0.12
365.9215 I 21 0.128
645.93199 I 20.049 0.062
651.86824 I 20.189 0.137
652.87233 I 20.068 0.076
653.96243 I 20.235 0.101
660.89137 I 20.351 0.075
660.95837 I 20.226 0.061
665.88823 I 20.318 0.059
673.94015 I 20.455 0.071
674.94293 I 20.495 0.097
679.88606 I 20.714 0.114
680.91175 I 21.089 0.281
685.97486 I 20.599 0.118
687.92692 I 20.699 0.095
688.9958 I 20.853 0.097
695.87952 I 20.869 0.112
696.00323 I 21.328 0.201
730.90329 I 20.952 0.138
1379.98062 I 21.089 0.233
1384.96178 I 20.968 0.169
1385.96267 I 21.117 0.272
1428.9264 I 20.126 0.073
1428.9658 I 20.194 0.083
1429.75576 I 20.015 0.122
1429.79376 I 20.252 0.104
1429.91557 I 20.066 0.074
1432.82686 I 20.162 0.097
1432.93827 I 20.079 0.087
1433.80232 I 20.071 0.092
1433.91563 I 20.142 0.08
1458.69732 I 19.672 0.087
1458.82192 I 19.673 0.065
1458.91692 I 20.062 0.164
1459.69555 I 19.634 0.067
1459.95565 I 20.007 0.14
1460.88228 I 19.547 0.063
1462.87683 I 19.543 0.053
1462.96433 I 19.704 0.077
1463.70285 I 19.673 0.068
1463.75855 I 19.557 0.063
1463.88335 I 19.627 0.062
1481.6788 I 19.621 0.061
1481.7996 I 20.255 0.2
1481.8647 I 19.734 0.09
1482.66479 I 19.691 0.074
1482.78809 I 20.302 0.226
1483.66088 I 19.641 0.058
1483.80498 I 19.601 0.065
1484.66747 I 19.629 0.065
1484.84187 I 19.549 0.073
1485.65706 I 19.655 0.082
1485.79286 I 19.754 0.094
1486.81045 I 19.706 0.062
2499.90402 I 19.96 0.081
2499.91493 I 19.899 0.043
2517.7897 I 19.996 0.084
2517.7976 I 20.225 0.089
2517.88341 I 20.056 0.061
2531.75026 I 20.295 0.077
2531.75826 I 20.227 0.061
2531.76606 I 20.282 0.065
2557.79451 I 20.62 0.099
2557.84941 I 20.293 0.078
2557.86051 I 20.195 0.059
2589.8061 I 19.815 0.062
2589.8115 I 19.757 0.057
2589.8177 I 19.825 0.048
2646.63476 I 19.465 0.046
2646.64086 I 19.505 0.061
2646.64656 I 19.586 0.04
2662.61356 I 19.796 0.051
2662.61986 I 19.696 0.046
2662.62616 I 20.009 0.066
2901.77614 I 20.658 0.072
2901.79414 I 21.161 0.184
2908.8181 I 20.422 0.065
2908.8311 I 20.855 0.119
2932.81358 I 19.838 0.027
2932.82018 I 19.876 0.027
2932.82658 I 19.95 0.028
2958.82439 I 20.013 0.058
2958.83069 I 19.984 0.05
2958.83669 I 20.137 0.045
3000.64825 I 20.456 0.088
3000.66804 I 20.244 0.393
3567.9299 I 20.457 0.06
3567.9437 I 20.454 0.075
4400.70547 H 18.736 0.0998498873309329
4400.71635 K 17.94 0.0746726188103779
3643.07923 H 17.828 0.044
4037.79475 H 18.535 0.082
4114.81474 H 18.522 0.064
4357.98276 H 18.125 0.039
3643.07686 J 18.52 0.061
4036.84314 J 18.959 0.075
4037.84135 J 19.058 0.092
4038.81572 J 19.007 0.06
4114.79157 J 19.045 0.079
4357.96884 J 18.792 0.036
3633.00079 K 17.625 0.048
3643.08379 K 17.403 0.052
3662.00389 K 17.447 0.056
3663.88387 K 17.501 0.092
3678.89413 K 17.639 0.048
3938.03607 K 18.178 0.084
4036.79418 K 18.197 0.106
4037.7659 K 18.01 0.079
4114.76664 K 18.129 0.087
4357.9511 K 17.786 0.048
