332.98228 I 20.496 0.076
333.91185 I 20.64 0.098
334.87981 I 20.518 0.094
348.78194 I 20.454 0.102
349.88529 I 20.49 0.099
350.90134 I 20.572 0.102
353.81288 I 20.411 0.156
353.81408 I 20.212 0.108
357.00941 I 20.422 0.238
357.01441 I 20.487 0.264
357.98535 I 20.149 0.088
357.99615 I 20.293 0.103
358.92218 I 20.469 0.099
358.93128 I 20.373 0.094
359.80831 I 20.263 0.085
359.81751 I 20.322 0.093
361.92418 I 20.198 0.064
361.99639 I 20.218 0.079
362.74811 I 20.282 0.087
362.87721 I 19.986 0.064
363.00022 I 20.354 0.102
363.75644 I 20.129 0.076
363.87964 I 20.111 0.069
364.79017 I 20.167 0.076
364.91107 I 20.218 0.078
365.9215 I 20.32 0.082
645.93199 I 19.298 0.032
651.86824 I 19.552 0.073
652.87233 I 19.333 0.047
653.96243 I 19.261 0.039
660.89137 I 19.371 0.039
660.95837 I 19.394 0.038
665.88823 I 19.387 0.03
673.94015 I 19.396 0.036
674.94293 I 19.419 0.04
679.88606 I 19.455 0.043
680.91175 I 19.423 0.05
685.97486 I 19.568 0.046
687.92692 I 19.587 0.036
688.9958 I 19.563 0.041
695.87952 I 19.726 0.044
696.00323 I 19.788 0.049
730.90329 I 20.255 0.075
2499.91493 I 20.314 0.174
2517.7976 I 20.041 0.208
2517.88341 I 19.969 0.07
2531.75826 I 19.561 0.136
2531.76606 I 19.66 0.054
2557.84941 I 19.521 0.039
2557.86051 I 19.399 0.049
2589.8115 I 19.646 0.034
2589.8177 I 19.699 0.045
2646.64086 I 20.669 0.103
2646.64656 I 20.586 0.105
2662.61986 I 20.946 0.188
2662.62616 I 20.544 0.104
2901.78234 I 21.252 0.184
2901.79414 I 21.179 0.146
2908.8243 I 20.798 0.107
2908.8311 I 20.764 0.107
2932.82018 I 20.417 0.036
2932.82658 I 20.438 0.046
2958.83068 I 19.634 0.047
2958.83668 I 19.698 0.046
3000.64825 I 19.512 0.042
3000.66804 I 19.358 0.344
3566.88521 I 20.628 0.043
3567.8917 I 20.509 0.03
3567.9299 I 20.734 0.074
2537.13992 H 18.063 0.0500899191454728
4400.75694 K 17.896 0.116430236622623
3643.07922 H 17.764 0.041
4037.79475 H 17.787 0.053
4114.81474 H 17.759 0.043
4357.98275 H 18.309 0.044
3643.07685 J 18.423 0.056
4036.84314 J 18.407 0.059
4037.84135 J 18.476 0.063
4038.81572 J 18.438 0.044
4114.79157 J 18.451 0.068
4357.96884 J 18.905 0.04
3633.00079 K 17.552 0.046
3643.08378 K 17.354 0.051
3662.00389 K 17.456 0.056
3663.88387 K 17.342 0.084
3678.89412 K 17.402 0.04
3938.03607 K 17.671 0.049
4036.79418 K 17.519 0.059
4037.7659 K 17.372 0.065
4114.76664 K 17.386 0.066
4357.9511 K 17.83 0.05
