2499.90404 I 21.984 0.46
2499.91494 I 21.282 0.158
2517.78971 I 20.837 0.151
2517.79761 I 21.281 0.238
2517.88342 I 21.16 0.141
2531.75027 I 20.708 0.121
2531.75827 I 20.913 0.112
2531.76607 I 20.784 0.128
2557.79451 I 20.688 0.095
2557.84941 I 20.358 0.082
2557.86051 I 20.541 0.106
2589.80609 I 20.15 0.07
2589.81769 I 20.286 0.226
2646.63475 I 20.439 0.094
2646.64085 I 20.521 0.09
2646.64655 I 20.484 0.098
2662.61355 I 20.895 0.161
2662.62615 I 20.661 0.127
2901.77615 I 20.964 0.116
2901.78235 I 20.827 0.097
2901.79415 I 20.836 0.12
2908.81811 I 20.939 0.116
2908.82431 I 21.104 0.112
2908.83111 I 21.017 0.098
2932.81358 I 21.082 0.068
2932.82018 I 20.964 0.051
2932.82658 I 21.141 0.076
2958.82438 I 21.218 0.152
2958.83068 I 20.813 0.084
2958.83668 I 21.152 0.123
3000.64824 I 20.127 0.058
3000.66803 I 19.944 0.319
3566.88522 I 21.123 0.075
3567.89171 I 21.095 0.046
3567.92991 I 20.797 0.124
3567.94371 I 21.362 0.143
4400.70547 H 18.253 0.0543415126767741
4400.69841 J 19.014 0.207511445467473
4400.71635 K 18.047 0.0789176786277954
3679.82567 H 18.323 0.08
4116.73647 H 18.098 0.053
4377.88462 H 18.316 0.053
3679.83103 J 19.016 0.104
4118.70483 J 19.059 0.076
4377.8709 J 19.224 0.059
3632.07283 K 18.045 0.082
3661.95599 K 17.891 0.068
3663.88387 K 17.708 0.115
3678.90644 K 17.773 0.06
3679.8211 K 17.929 0.082
3727.74907 K 18.022 0.196
3938.05756 K 17.76 0.055
4074.81058 K 17.929 0.083
4115.76295 K 17.755 0.074
4362.84502 K 18.049 0.076
