332.98229 I 19.9 0.038
333.91185 I 19.895 0.046
334.87982 I 19.919 0.056
348.78194 I 19.645 0.052
349.8853 I 19.708 0.049
350.90135 I 19.634 0.056
353.81288 I 19.606 0.064
353.81408 I 19.571 0.065
357.00941 I 19.67 0.106
357.01441 I 19.338 0.099
357.98535 I 19.582 0.058
357.99615 I 19.736 0.062
358.92218 I 19.635 0.045
358.93129 I 19.628 0.051
359.80832 I 19.658 0.044
359.81752 I 19.585 0.046
361.92419 I 19.624 0.042
361.99639 I 19.61 0.046
362.74811 I 19.557 0.046
362.87722 I 19.551 0.045
363.00022 I 19.625 0.055
363.75644 I 19.51 0.044
363.87965 I 19.528 0.042
364.79017 I 19.554 0.043
364.91108 I 19.52 0.036
365.9215 I 19.663 0.052
645.932 I 19.88 0.055
651.86825 I 19.887 0.108
652.87234 I 20.156 0.096
653.96244 I 20.078 0.089
660.89138 I 20.095 0.072
660.95838 I 20.375 0.106
665.88823 I 20.348 0.078
673.94015 I 20.563 0.097
674.94294 I 20.505 0.097
679.88607 I 20.511 0.119
680.91175 I 20.446 0.139
685.97487 I 20.792 0.146
687.92693 I 20.734 0.114
688.99581 I 20.803 0.137
695.87953 I 20.675 0.135
696.00323 I 20.763 0.144
730.9033 I 20.441 0.097
1379.98063 I 21.008 0.203
1384.96179 I 20.881 0.137
1385.96268 I 20.851 0.148
1428.92641 I 21.003 0.182
1428.96581 I 20.977 0.164
1429.75576 I 20.824 0.2
1429.79377 I 21.054 0.178
1429.91557 I 21.075 0.184
1432.82687 I 20.991 0.179
1432.93827 I 20.775 0.132
1433.80233 I 21.121 0.178
1433.91564 I 20.966 0.14
1458.69732 I 20.577 0.167
1458.82192 I 20.617 0.143
1458.91693 I 21.003 0.312
1459.69555 I 20.78 0.183
1459.95566 I 21.069 0.368
1460.88228 I 21.069 0.269
1462.87683 I 20.728 0.151
1462.96433 I 20.479 0.133
1463.70285 I 20.374 0.125
1463.75855 I 20.601 0.15
1463.88336 I 20.454 0.122
1481.6788 I 20.357 0.111
1481.7996 I 20.906 0.28
1481.8647 I 20.25 0.116
1482.66479 I 20.363 0.128
1482.78809 I 20.841 0.331
1483.66088 I 20.316 0.106
1483.80498 I 20.399 0.103
1484.66747 I 20.395 0.12
1484.84187 I 20.436 0.14
1485.65706 I 20.301 0.119
1485.79286 I 20.366 0.145
1486.81044 I 20.279 0.09
2499.90403 I 19.672 0.082
2499.91493 I 20.187 0.135
2517.78971 I 20.512 0.127
2517.79761 I 20.25 0.134
2531.75027 I 20.583 0.175
2531.75827 I 21.001 0.225
2557.79451 I 21.839 0.467
2557.84941 I 21.433 0.435
2589.80609 I 20.94 0.206
2589.81149 I 21.374 0.317
2646.63475 I 20.176 0.076
2662.61355 I 19.917 0.082
2662.61985 I 19.945 0.092
2901.77615 I 19.774 0.166
2901.78235 I 19.833 0.179
2908.8181 I 19.567 0.081
2908.82431 I 19.696 0.058
2932.81358 I 19.653 0.044
2932.82018 I 19.751 0.07
2958.82438 I 19.952 0.084
2958.83068 I 19.86 0.09
3000.65494 I 20.093 0.095
3566.88521 I 19.968 0.038
3566.91682 I 19.982 0.032
3567.94371 I 20.265 0.177
2536.98417 H 17.966 0.0264196896272458
2949.83365 H 17.579 0.0237697286480094
2949.82822 J 18.378 0.0519711458407451
2536.99054 K 17.608 0.0531507290636732
2949.84061 K 17.212 0.0494974746830583
4400.70547 H 18.211 0.0857088093488645
4400.71635 K 17.578 0.0463249392876019
3679.82567 H 17.612 0.054
4116.73647 H 17.477 0.042
4377.88462 H 17.626 0.032
3679.83103 J 18.358 0.069
4118.70483 J 18.416 0.054
4377.8709 J 18.492 0.033
3632.07283 K 17.103 0.04
3661.95599 K 17.144 0.037
3663.88387 K 17.098 0.074
3678.90644 K 17.29 0.112
3679.8211 K 17.264 0.052
3727.74908 K 17.564 0.052
3938.05756 K 17.35 0.041
4074.81058 K 17.172 0.064
4115.76296 K 17.206 0.061
4362.84502 K 17.269 0.039
