1428.92641 I 19.991 0.114
1428.96581 I 19.996 0.083
1429.91558 I 20.024 0.077
1432.93828 I 20.033 0.101
1433.91564 I 19.784 0.153
2499.90404 I 20.33 0.157
2499.91494 I 20.333 0.102
2517.78971 I 20.638 0.14
2517.79761 I 20.489 0.147
2531.75027 I 20.481 0.122
2531.75827 I 20.65 0.178
2557.79451 I 20.911 0.23
2557.84942 I 20.759 0.141
2589.80609 I 20.795 0.146
2589.81149 I 20.785 0.142
2646.63475 I 20.582 0.139
2646.64085 I 20.602 0.129
2662.61355 I 20.394 0.104
2662.61985 I 20.383 0.13
2901.77615 I 20.047 0.137
2901.78235 I 20.051 0.143
2908.81811 I 20.088 0.086
2908.82431 I 20.156 0.061
2932.81358 I 20.372 0.047
2932.82018 I 20.359 0.066
2958.82438 I 20.638 0.12
2958.83068 I 20.464 0.115
3000.64824 I 20.974 0.137
3000.65494 I 20.829 0.165
3566.88522 I 20.28 0.039
3566.91682 I 20.396 0.032
3567.94371 I 20.619 0.182
4400.70547 H 17.588 0.032649655434629
4400.69841 J 18.753 0.146972786596703
4400.71635 K 16.68 0.0353553390593274
4401.70091 K 16.553 0.0598414572015087
3667.81337 H 17.311 0.041
3679.82567 H 17.262 0.049
3720.69614 H 17.046 0.044
4116.73647 H 16.872 0.038
4377.88462 H 17.912 0.039
3667.81104 J 18.177 0.067
3720.69277 J 18.002 0.059
4118.70483 J 18.055 0.048
4377.8709 J 19.536 0.077
3632.07283 K 16.512 0.029
3661.95599 K 16.343 0.022
3663.88387 K 16.382 0.059
3667.8179 K 16.393 0.029
3678.90644 K 16.32 0.052
3679.8211 K 16.36 0.036
3720.70071 K 16.224 0.028
3727.74908 K 16.22 0.042
3938.05756 K 16.556 0.023
4074.81058 K 16.354 0.058
4115.76295 K 16.108 0.053
4362.84503 K 16.738 0.026
