332.98229 I 19.395 0.051
333.91186 I 19.381 0.072
334.87982 I 19.374 0.075
348.78195 I 19.449 0.095
349.8853 I 19.622 0.075
350.90135 I 19.379 0.056
357.00942 I 19.803 0.152
357.98535 I 19.649 0.087
358.92219 I 19.65 0.077
358.93129 I 19.634 0.062
359.80832 I 19.592 0.096
359.81752 I 19.76 0.071
363.87965 I 19.123 0.119
364.91108 I 19.638 0.096
365.9215 I 19.914 0.088
645.93201 I 20.089 0.091
651.86825 I 19.707 0.104
652.87234 I 20.173 0.121
653.96244 I 19.825 0.086
660.89138 I 20.09 0.099
660.95839 I 20.189 0.109
665.88824 I 20.302 0.105
673.94016 I 20.271 0.118
674.94295 I 19.844 0.103
679.88607 I 20.006 0.099
680.91176 I 19.956 0.11
685.97487 I 20.152 0.141
687.92693 I 20.051 0.085
688.99581 I 19.998 0.111
695.87953 I 19.897 0.084
696.00324 I 19.805 0.082
730.9033 I 19.414 0.048
2499.90404 I 20.188 0.138
2499.91494 I 20.774 0.155
2499.94584 I 20.394 0.138
2517.78971 I 20.363 0.165
2517.79761 I 20.891 0.22
2517.80431 I 20.327 0.152
2531.75027 I 20.501 0.149
2531.75827 I 20.634 0.17
2531.78928 I 20.546 0.163
2557.79452 I 20.191 0.125
2557.80622 I 20.204 0.146
2557.84942 I 20.42 0.136
2589.80009 I 19.612 0.075
2589.81149 I 19.714 0.066
2646.62805 I 19.373 0.071
2646.63475 I 19.369 0.052
2646.64085 I 19.474 0.057
2662.60575 I 19.475 0.074
2662.61985 I 19.545 0.055
2901.76995 I 19.615 0.105
2901.77615 I 19.717 0.081
2901.78235 I 19.668 0.083
2908.81181 I 19.694 0.109
2908.81811 I 19.636 0.066
2908.82431 I 19.672 0.053
2932.80678 I 20.017 0.051
2932.81358 I 20.197 0.051
2932.82018 I 20.19 0.051
2958.81828 I 20.053 0.132
2958.82438 I 20.823 0.168
2958.83068 I 20.726 0.145
3000.64214 I 19.881 0.085
3000.64824 I 21.075 0.194
3000.65494 I 20.857 0.187
3566.88522 I 19.505 0.027
3566.91682 I 19.572 0.023
3567.94371 I 19.658 0.083
3567.94991 I 19.447 0.074
4400.70547 H 18.071 0.0492442890089805
4400.71635 K 17.791 0.0756637297521078
4401.70091 K 17.761 0.20724140512938
3667.81337 H 17.952 0.063
3679.82567 H 18.568 0.107
4081.74817 H 17.892 0.091
4125.74742 H 18.247 0.074
4386.89975 H 18.55 0.063
3667.81104 J 18.641 0.107
3679.83103 J 18.771 0.137
4117.70968 J 18.864 0.066
4397.85812 J 19.091 0.051
3632.06069 K 17.731 0.068
3661.93203 K 17.813 0.071
3663.88387 K 17.729 0.101
3667.8179 K 17.546 0.059
3679.8211 K 18.16 0.103
3720.7007 K 17.876 0.076
3727.74908 K 18.555 0.135
3938.0796 K 17.701 0.063
4081.7246 K 17.779 0.102
4125.71533 K 17.881 0.083
4386.87886 K 18.244 0.082
