332.98229 I 20.339 0.08
333.91186 I 20.371 0.097
334.87982 I 20.46 0.122
348.78194 I 20.245 0.093
349.8853 I 20.361 0.087
350.90135 I 20.373 0.104
353.81288 I 20.31 0.123
353.81408 I 20.405 0.149
357.00941 I 20.074 0.162
357.01441 I 19.856 0.155
357.98535 I 20.392 0.112
357.99615 I 20.332 0.105
358.92219 I 20.422 0.106
358.93129 I 20.591 0.142
359.80832 I 20.314 0.099
359.81752 I 20.366 0.092
361.92419 I 20.343 0.091
361.99639 I 20.233 0.086
362.74811 I 20.158 0.089
362.87722 I 20.273 0.088
363.00022 I 20.301 0.118
363.87965 I 20.12 0.063
364.79017 I 20.175 0.078
364.91108 I 20.236 0.081
365.9215 I 20.387 0.094
645.932 I 20.217 0.083
651.86825 I 19.814 0.096
652.87234 I 20.203 0.101
653.96244 I 19.951 0.083
660.89138 I 19.928 0.065
660.95838 I 20.047 0.089
665.88823 I 19.914 0.053
673.94016 I 19.891 0.06
674.94294 I 19.767 0.059
679.88607 I 19.95 0.078
680.91176 I 19.811 0.081
685.97487 I 19.772 0.068
687.92693 I 19.738 0.057
688.99581 I 19.733 0.056
695.87953 I 19.599 0.06
696.00324 I 19.544 0.061
730.9033 I 19.181 0.041
2499.90403 I 20.978 0.208
2499.91494 I 21.16 0.149
2517.78971 I 21.068 0.2
2517.79761 I 21.182 0.203
2531.75027 I 21.066 0.179
2531.75827 I 20.967 0.132
2557.79451 I 20.393 0.103
2557.84942 I 20.579 0.137
2589.80609 I 20.205 0.071
2589.81149 I 20.387 0.087
2646.63475 I 20.488 0.12
2646.64085 I 20.74 0.113
2662.61355 I 21.29 0.241
2662.61985 I 20.845 0.13
2901.77615 I 20.277 0.09
2901.78235 I 20.102 0.065
2908.81811 I 20.394 0.078
2908.82431 I 20.342 0.062
2932.81358 I 20.551 0.048
2932.82018 I 20.525 0.042
2958.82438 I 21.035 0.158
2958.83068 I 20.916 0.102
3000.64824 I 20.948 0.132
3000.65494 I 21.412 0.276
3566.88521 I 20.614 0.05
3566.91682 I 20.664 0.036
3567.94371 I 20.915 0.105
4400.70547 H 18.034 0.0553624421426656
4400.71635 K 17.576 0.0568858506133116
4401.70091 K 17.235 0.125399362039845
3679.82567 H 17.152 0.047
4116.73647 H 17.692 0.045
4377.88462 H 17.993 0.042
3679.83103 J 17.859 0.055
4118.70483 J 18.466 0.055
4377.8709 J 18.58 0.035
3632.07283 K 17.101 0.04
3661.95599 K 16.858 0.03
3663.88387 K 16.861 0.067
3678.90644 K 16.909 0.084
3679.8211 K 16.821 0.041
3727.74908 K 17.091 0.082
3938.05756 K 16.725 0.024
4074.81058 K 17.255 0.064
4115.76295 K 17.3 0.063
4362.84502 K 17.51 0.048
