332.98229 I 20.209 0.056
333.91186 I 20.282 0.059
334.87982 I 20.36 0.064
348.78194 I 20.694 0.122
349.8853 I 20.685 0.1
350.90135 I 20.733 0.135
353.81288 I 20.783 0.224
353.81408 I 21.082 0.285
357.00941 I 21.211 0.513
357.01441 I 21.267 0.476
357.98535 I 21.635 0.416
357.99615 I 21.676 0.399
358.92219 I 20.878 0.149
358.93129 I 20.927 0.142
359.80832 I 21.265 0.209
359.81752 I 21.146 0.169
361.92419 I 21.131 0.192
361.99639 I 21.443 0.264
363.75644 I 20.738 0.154
363.87965 I 21.003 0.178
364.79017 I 21.492 0.247
364.91108 I 21.009 0.166
365.9215 I 21.116 0.167
645.93201 I 20.397 0.097
651.86825 I 20.378 0.162
652.87234 I 20.734 0.164
653.96244 I 20.758 0.178
660.89138 I 20.696 0.109
660.95839 I 21.005 0.168
665.88824 I 20.775 0.109
673.94016 I 21.311 0.186
674.94294 I 21.614 0.333
679.88607 I 21.527 0.342
680.91176 I 22.473 0.973
685.97487 I 21.589 0.323
687.92693 I 21.774 0.27
688.99581 I 21.791 0.319
695.87953 I 21.735 0.266
696.00324 I 21.356 0.2
2499.90403 I 20.876 0.171
2499.91494 I 21.572 0.23
2517.78971 I 21.22 0.164
2517.79761 I 21.677 0.397
2531.75027 I 22.46 0.685
2531.75827 I 22.416 0.567
2557.79451 I 22.19 0.318
2557.84941 I 22.319 0.355
2589.80609 I 21.172 0.152
2589.81149 I 21.219 0.179
2646.63475 I 20.156 0.074
2646.64085 I 20.285 0.074
2662.61355 I 19.927 0.073
2662.61985 I 19.798 0.064
2901.77615 I 22.164 0.321
2901.78235 I 22.011 0.263
2908.81811 I 22.079 0.387
2908.82431 I 21.528 0.196
2932.81358 I 21.168 0.086
2932.82018 I 21.254 0.078
2958.82438 I 20.898 0.115
2958.83068 I 20.781 0.115
3000.64824 I 19.96 0.061
3000.65494 I 19.969 0.071
3566.88522 I 21.169 0.075
3566.91682 I 21.128 0.052
3567.94371 I 21.295 0.166
4400.70547 H 17.763 0.0402616442783948
4401.70461 H 17.924 0.165511328917389
4400.69841 J 18.796 0.156697160152952
4400.71635 K 17.373 0.0504479930225178
3679.82567 H 17.443 0.051
4116.73647 H 18.215 0.056
4377.88462 H 17.657 0.033
3679.83103 J 18.158 0.064
4118.70483 J 18.922 0.07
4377.8709 J 18.445 0.031
3632.07283 K 17.059 0.039
3661.95599 K 17.005 0.033
3663.88387 K 16.995 0.072
3678.90644 K 17.09 0.104
3679.8211 K 16.955 0.044
3727.74908 K 17.159 0.078
3938.05756 K 16.957 0.029
4074.81058 K 17.407 0.066
4115.76295 K 17.613 0.07
4362.84502 K 17.005 0.032
