2499.90404 I 20.737 0.195
2499.91494 I 20.391 0.084
2517.78971 I 20.264 0.098
2517.79761 I 20.195 0.088
2531.75027 I 19.972 0.066
2531.75827 I 20.124 0.077
2557.79451 I 19.518 0.076
2557.84942 I 19.555 0.043
2589.80609 I 19.795 0.043
2589.81149 I 19.772 0.048
2646.63475 I 22.116 0.479
2646.64085 I 21.96 0.354
2662.61355 I 22.355 0.63
2662.61985 I 22.763 0.945
2901.77615 I 20.365 0.075
2901.78235 I 20.353 0.084
2908.81811 I 20.699 0.094
2908.82431 I 20.602 0.096
2932.81358 I 21.16 0.089
2932.82018 I 20.917 0.076
2958.82438 I 22.115 0.402
2958.83068 I 22.136 0.324
3566.88522 I 21.908 0.148
3566.91682 I 21.987 0.114
3567.94371 I 21.579 0.259
4400.70547 H 17.366 0.0376430604494374
4401.70461 H 17.482 0.0845931439302264
4400.69841 J 18.417 0.113159179919262
4400.71635 K 17.046 0.0472969343615419
4401.70091 K 17.087 0.0895600357302296
3667.81337 H 18.499 0.089
3679.82567 H 18.359 0.087
4116.73647 H 17.492 0.042
4377.88462 H 17.812 0.036
3679.83103 J 19.145 0.15
3720.69276 J 18.865 0.141
4118.70483 J 18.396 0.053
4377.8709 J 18.607 0.035
3632.07283 K 17.806 0.067
3661.95599 K 17.725 0.06
3663.88387 K 17.672 0.104
3667.8179 K 18.14 0.092
3678.90644 K 17.847 0.207
3679.8211 K 17.768 0.076
3720.7007 K 17.932 0.075
3727.74908 K 17.692 0.058
3938.05756 K 17.812 0.059
4074.81058 K 17.285 0.066
4115.76295 K 17.009 0.059
4362.84503 K 17.508 0.048
