332.98229 I 20.152 0.054
333.91186 I 20.006 0.059
334.87982 I 20.018 0.066
348.78194 I 19.834 0.066
349.8853 I 19.854 0.048
350.90135 I 19.945 0.064
353.81288 I 20.024 0.099
353.81408 I 20.055 0.111
357.00941 I 20.241 0.21
357.01441 I 20.126 0.165
357.98535 I 20.168 0.095
357.99615 I 20.156 0.095
358.92219 I 19.942 0.05
358.93129 I 19.94 0.06
359.80832 I 20.201 0.074
359.81752 I 20.088 0.068
361.92419 I 20.103 0.067
361.99639 I 20.11 0.069
362.74811 I 20.143 0.076
362.87722 I 20.156 0.075
363.00022 I 20.658 0.145
363.75644 I 20.035 0.07
363.87965 I 20.189 0.072
364.79017 I 20.059 0.066
364.91108 I 20.136 0.056
365.9215 I 20.085 0.064
645.93201 I 20.129 0.075
651.86825 I 20.756 0.226
652.87234 I 20.29 0.108
653.96244 I 20.062 0.086
660.89138 I 20.088 0.071
660.95839 I 19.923 0.057
665.88824 I 20.084 0.057
673.94016 I 20.265 0.067
674.94294 I 20.324 0.081
679.88607 I 20.024 0.065
680.91176 I 19.911 0.084
685.97487 I 20.302 0.099
687.92693 I 20.181 0.066
688.99581 I 20.18 0.056
695.87953 I 20.205 0.076
696.00324 I 20.599 0.111
730.9033 I 20.975 0.158
2499.90404 I 19.843 0.082
2499.91494 I 19.809 0.054
2517.78971 I 19.727 0.057
2517.79761 I 19.463 0.038
2531.75027 I 19.511 0.046
2531.75827 I 19.528 0.038
2557.79451 I 19.778 0.06
2557.84941 I 19.88 0.048
2589.80609 I 20.643 0.091
2589.81149 I 20.644 0.082
2662.61985 I 22.932 0.996
2901.77615 I 20.543 0.073
2901.78235 I 20.544 0.09
2908.81811 I 20.995 0.098
2908.82431 I 20.893 0.103
2932.81358 I 21.345 0.093
2932.82018 I 21.285 0.08
2958.83068 I 23.097 0.738
3566.88522 I 22.036 0.164
3566.91682 I 21.836 0.096
3567.94371 I 22.091 0.325
4400.70547 H 17.461 0.0511957029446808
4400.69841 J 18.587 0.150764717357875
4400.71635 K 17.234 0.0514198405287298
3679.82567 H 18.361 0.083
4116.73647 H 17.373 0.041
4377.88462 H 18.058 0.043
4118.70483 J 18.332 0.052
4377.8709 J 18.764 0.04
3632.07283 K 17.611 0.058
3661.95599 K 17.568 0.052
3663.88387 K 17.574 0.103
3678.90644 K 17.523 0.172
3679.8211 K 17.573 0.063
3727.74908 K 17.718 0.121
3938.05756 K 17.547 0.046
4074.81058 K 17.238 0.065
4115.76295 K 17.022 0.059
4362.84503 K 17.615 0.051
