332.98229 I 20.725 0.182
333.91186 I 20.827 0.104
334.87982 I 20.906 0.097
348.78194 I 20.316 0.08
349.8853 I 20.322 0.065
350.90135 I 20.355 0.092
353.81288 I 20.116 0.113
353.81408 I 20.236 0.105
357.00941 I 20.523 0.261
357.01441 I 20.053 0.173
357.98535 I 20.088 0.095
357.99615 I 20.128 0.101
358.92219 I 20.039 0.062
358.93129 I 20.032 0.063
359.80832 I 19.944 0.052
359.81752 I 20.069 0.057
361.92419 I 20.071 0.059
361.99639 I 19.919 0.062
362.74811 I 19.91 0.061
362.87722 I 20.066 0.077
363.00022 I 20.095 0.098
363.75644 I 20 0.064
363.87965 I 19.933 0.058
364.79017 I 19.995 0.065
364.91108 I 19.974 0.071
365.9215 I 19.882 0.046
645.932 I 21.352 0.203
651.86825 I 21.043 0.297
652.87234 I 21.396 0.267
660.89138 I 20.81 0.118
660.95838 I 20.801 0.09
665.88824 I 20.788 0.098
673.94016 I 20.712 0.121
674.94294 I 20.585 0.11
679.88607 I 20.684 0.134
680.91176 I 20.595 0.165
685.97487 I 20.445 0.096
687.92693 I 20.299 0.066
688.99581 I 20.385 0.082
695.87953 I 20.29 0.076
696.00324 I 20.268 0.097
730.9033 I 19.165 0.03
2499.90403 I 21.158 0.249
2499.91494 I 21.584 0.253
2517.78971 I 21.605 0.242
2517.79761 I 21.769 0.376
2531.75027 I 22.008 0.398
2531.75827 I 22.039 0.398
2557.79451 I 22.148 0.304
2557.84941 I 21.985 0.286
2589.80609 I 21.743 0.226
2589.81149 I 22.08 0.319
2646.63475 I 21.019 0.151
2646.64085 I 20.916 0.109
2662.61355 I 20.922 0.15
2662.61985 I 20.987 0.154
2901.77615 I 21.296 0.107
2901.78235 I 21.418 0.144
2908.81811 I 21.438 0.199
2908.82431 I 21.661 0.191
2932.81358 I 21.929 0.167
2932.82018 I 21.752 0.125
2958.82438 I 21.458 0.192
2958.83068 I 21.69 0.216
3000.64824 I 21.047 0.152
3000.65494 I 21.368 0.236
3566.88522 I 19.683 0.023
3566.91682 I 19.66 0.015
3567.94371 I 19.664 0.043
2536.98417 H 17.919 0.0332415402771893
2536.99054 K 17.476 0.0602079728939615
4400.70547 H 16.661 0.0228473193175917
4401.70461 H 16.728 0.061660360037872
4400.69841 J 17.509 0.0581893461039046
4400.71635 K 16.229 0.029732137494637
4401.70091 K 16.222 0.0500099990002
3679.82567 H 17.349 0.05
4116.73647 H 17.372 0.041
4377.88462 H 16.658 0.02
3679.83103 J 17.87 0.056
4118.70483 J 18.133 0.049
4377.8709 J 17.528 0.017
3632.07283 K 16.464 0.028
3661.95599 K 16.587 0.025
3663.88387 K 16.641 0.062
3678.90644 K 16.762 0.072
3679.8211 K 16.647 0.039
3727.74908 K 17.021 0.07
3938.05756 K 16.444 0.02
4074.81058 K 16.572 0.059
4115.76295 K 16.778 0.057
4362.84502 K 16.287 0.019
