1379.98063 I 19.285 0.06
1384.96179 I 19.19 0.052
1385.96268 I 19.291 0.063
1428.92641 I 19.718 0.069
1428.96581 I 19.819 0.075
1429.75576 I 19.88 0.084
1429.79377 I 19.719 0.059
1429.91558 I 19.805 0.081
1432.82687 I 19.651 0.058
1432.93828 I 19.746 0.082
1433.80233 I 19.701 0.076
1433.91564 I 19.691 0.066
1458.69732 I 19.868 0.084
1458.82192 I 19.828 0.08
1458.91693 I 20.347 0.215
1459.69555 I 19.928 0.099
1459.95566 I 20.332 0.198
1460.88228 I 20.167 0.15
1462.87683 I 20.094 0.101
1462.96434 I 20.067 0.103
1463.70285 I 20.234 0.131
1463.75855 I 19.996 0.097
1463.88336 I 20.348 0.116
1481.6788 I 20.324 0.118
1481.7996 I 21.668 0.86
1481.8647 I 20.253 0.116
1482.66479 I 20.558 0.176
1482.78809 I 20.834 0.36
1483.66088 I 20.82 0.181
1483.80498 I 20.482 0.156
1484.66747 I 20.334 0.17
1484.84187 I 20.491 0.171
1485.65706 I 20.511 0.16
1485.79286 I 21.086 0.259
1486.81044 I 20.569 0.135
2499.90403 I 19.656 0.067
2499.91494 I 19.597 0.041
2517.78971 I 19.958 0.071
2517.79761 I 19.58 0.06
2531.75027 I 20.024 0.085
2531.75827 I 19.826 0.125
2557.79451 I 20.434 0.108
2557.84942 I 20.553 0.118
2589.80609 I 21.412 0.19
2589.81149 I 21.149 0.216
2646.63475 I 21.258 0.255
2646.64085 I 21.092 0.193
2662.61355 I 20.975 0.198
2662.61985 I 21.03 0.221
2901.77615 I 21.399 0.215
2901.78235 I 21.167 0.175
2908.81811 I 21.005 0.156
2908.82431 I 21.546 0.253
2932.81358 I 21.21 0.097
2932.82018 I 21.286 0.107
2958.82438 I 20.535 0.109
2958.83068 I 20.481 0.092
3000.64824 I 19.985 0.081
3000.65494 I 19.841 0.072
3566.88522 I 19.886 0.032
3566.91682 I 19.901 0.026
3567.94371 I 19.917 0.101
4400.70547 H 17.855 0.0891066776397818
4401.70461 H 17.519 0.103696673042099
4400.69841 J 18.136 0.102961157724649
4401.70091 K 16.988 0.0895600357302296
