332.98229 I 21.028 0.089
333.91185 I 20.716 0.071
334.87982 I 20.766 0.083
348.78194 I 21.268 0.176
349.8853 I 21.055 0.141
350.90135 I 21.28 0.183
353.81288 I 21.505 0.353
353.81408 I 21.003 0.217
357.00941 I 21.018 0.414
357.01441 I 21.353 0.537
357.98535 I 21.292 0.267
357.99615 I 21.525 0.285
358.92218 I 21.005 0.119
358.93128 I 21.094 0.143
359.80832 I 21.335 0.214
359.81752 I 21.251 0.156
361.92419 I 21.266 0.161
362.74811 I 21.616 0.276
363.75644 I 21.721 0.281
364.91107 I 21.4 0.188
365.9215 I 21.246 0.153
645.932 I 19.971 0.055
651.86824 I 19.947 0.105
652.87234 I 20.105 0.07
653.96244 I 20.03 0.081
660.89137 I 20.1 0.061
660.95838 I 20.184 0.058
665.88823 I 20.302 0.068
673.94015 I 20.606 0.092
674.94294 I 20.502 0.103
679.88607 I 20.693 0.133
680.91175 I 20.726 0.194
685.97487 I 20.689 0.113
687.92692 I 20.632 0.088
688.99581 I 20.811 0.11
695.87952 I 21.166 0.164
696.00323 I 20.947 0.126
730.90329 I 21.827 0.282
1379.98063 I 20.637 0.18
1384.96178 I 20.83 0.148
1385.96268 I 20.784 0.172
1428.9264 I 21.243 0.195
1428.96581 I 21.515 0.237
1429.75576 I 21.717 0.486
1429.79376 I 21.249 0.247
1429.91557 I 21.667 0.299
1432.82687 I 22.175 0.55
1432.93827 I 21.61 0.277
1433.80233 I 21.58 0.298
1433.91564 I 21.427 0.294
1458.69732 I 22.223 0.713
1458.82192 I 22.677 0.839
1462.87683 I 21.711 0.334
1463.75855 I 21.963 0.483
1463.88336 I 22.182 0.601
1481.6788 I 21.812 0.45
1481.8647 I 22.149 0.656
1483.80498 I 22.57 0.755
1484.66747 I 21.491 0.351
1484.84187 I 21.989 0.586
1486.81044 I 21.748 0.391
2499.90403 I 20.887 0.194
2499.91493 I 21.059 0.145
2517.78971 I 21.412 0.278
2517.79761 I 21.014 0.172
2531.75027 I 21.141 0.192
2531.75827 I 21.288 0.165
2557.79451 I 21.172 0.156
2557.84941 I 21.103 0.16
2589.80609 I 21.023 0.145
2589.81149 I 21.261 0.169
2646.63476 I 20.633 0.126
2646.64085 I 20.611 0.117
2662.61356 I 20.342 0.103
2662.61986 I 20.331 0.091
2901.77615 I 21.376 0.161
2901.78235 I 21.252 0.148
2908.8181 I 21.245 0.159
2908.8243 I 21.741 0.257
2932.81358 I 21.11 0.069
2932.82018 I 21.314 0.078
2958.82438 I 21.073 0.128
2958.83068 I 21.028 0.112
3000.64824 I 20.483 0.098
3000.65494 I 20.624 0.111
3566.88521 I 21.16 0.078
3566.91681 I 21.058 0.048
3567.94371 I 21.291 0.15
2537.08957 H 17.568 0.0336005952328229
2537.09669 K 17.063 0.0525547333738837
4400.70547 H 17.554 0.0246981780704569
4400.69841 J 18.276 0.0865852181379709
4400.71635 K 17.172 0.0328937684067971
3643.07923 H 17.923 0.048
3679.82567 H 17.883 0.061
4037.79475 H 17.753 0.052
4114.81474 H 17.388 0.039
4357.98276 H 17.684 0.031
3679.83103 J 18.344 0.069
4036.84314 J 18.531 0.062
4037.84135 J 18.48 0.064
4038.81572 J 18.361 0.041
4114.79156 J 18.085 0.065
4357.96885 J 18.405 0.028
3633.0008 K 17.219 0.036
3643.08379 K 17.421 0.053
3662.00389 K 17.244 0.051
3663.88387 K 17.281 0.081
3678.89412 K 17.302 0.037
3679.8211 K 17.301 0.053
3938.03607 K 17.116 0.029
4036.79418 K 17.25 0.043
4037.7659 K 17.093 0.052
4114.76663 K 16.983 0.061
4357.95111 K 17.187 0.029
