332.98229 I 20.802 0.127
333.91185 I 20.813 0.179
334.87982 I 21.064 0.209
348.78194 I 20.723 0.134
349.8853 I 20.984 0.181
350.90135 I 20.747 0.159
353.81288 I 20.728 0.182
353.81408 I 20.606 0.185
357.00941 I 20.954 0.375
357.01441 I 21.393 0.521
357.98535 I 20.683 0.151
357.99615 I 20.841 0.18
358.92218 I 20.752 0.118
358.93128 I 20.796 0.144
359.80832 I 20.527 0.122
359.81752 I 20.691 0.143
361.92419 I 20.511 0.094
361.99639 I 20.549 0.118
362.74811 I 20.371 0.093
362.87722 I 20.592 0.11
363.00022 I 20.424 0.127
363.75644 I 20.558 0.123
363.87965 I 20.433 0.094
364.79017 I 20.547 0.1
364.91107 I 20.672 0.122
365.9215 I 20.699 0.14
645.932 I 19.878 0.058
651.86824 I 19.892 0.106
652.87234 I 19.931 0.098
653.96244 I 19.723 0.065
660.89137 I 19.867 0.054
660.95838 I 19.884 0.091
665.88823 I 19.818 0.054
673.94015 I 19.841 0.06
674.94294 I 19.77 0.057
679.88606 I 19.837 0.076
680.91175 I 19.675 0.073
685.97487 I 19.747 0.063
687.92692 I 19.699 0.058
688.99581 I 19.697 0.066
695.87952 I 19.515 0.058
696.00323 I 19.552 0.056
730.90329 I 19.257 0.043
1379.98063 I 20.42 0.145
1384.96178 I 20.717 0.177
1385.96268 I 20.511 0.147
1428.9264 I 19.803 0.078
1428.96581 I 19.765 0.076
1429.75576 I 19.686 0.066
1429.79376 I 19.65 0.062
1429.91557 I 19.84 0.083
1432.82687 I 19.666 0.06
1432.93827 I 19.704 0.077
1433.80233 I 19.758 0.069
1433.91564 I 19.641 0.064
1458.69732 I 19.538 0.064
1458.82192 I 19.429 0.053
1458.91693 I 19.54 0.122
1459.69555 I 19.456 0.057
1459.95566 I 19.656 0.159
1460.88228 I 19.634 0.133
1462.87683 I 19.45 0.054
1462.96433 I 19.361 0.053
1463.70285 I 19.407 0.06
1463.75855 I 19.429 0.056
1463.88336 I 19.403 0.049
1481.6788 I 19.422 0.042
1481.7996 I 19.429 0.125
1481.8647 I 19.333 0.041
1482.66479 I 19.274 0.048
1482.78809 I 19.564 0.135
1483.66088 I 19.431 0.051
1483.80498 I 19.484 0.054
1484.66747 I 19.488 0.053
1484.84187 I 19.448 0.056
1485.65706 I 19.436 0.058
1485.79286 I 19.47 0.06
1486.81044 I 19.474 0.046
2499.90403 I 20.516 0.175
2499.91493 I 20.715 0.153
2517.78971 I 19.899 0.063
2517.79761 I 20.346 0.12
2531.75027 I 19.86 0.085
2531.75827 I 20.345 0.125
2557.79451 I 19.835 0.086
2557.84941 I 19.836 0.089
2589.8061 I 20.579 0.125
2589.81149 I 20.615 0.14
2908.8243 I 21.193 0.219
2932.81358 I 20.86 0.086
2932.82018 I 21.065 0.089
2958.82438 I 21.34 0.272
2958.83068 I 21.852 0.441
3000.64824 I 20.287 0.104
3000.65494 I 20.209 0.105
3566.88521 I 19.583 0.03
3566.91681 I 19.624 0.028
3567.94371 I 20.069 0.108
2537.08957 H 17.523 0.0255538646783613
2537.09669 K 17.171 0.0504479930225178
4400.70547 H 17.571 0.0422018956920184
4400.69841 J 18.254 0.100439036235918
4400.71635 K 17.115 0.0470744091837593
3643.07923 H 17.828 0.044
3679.82567 H 18.134 0.071
4037.79475 H 18.004 0.059
4114.81474 H 17.322 0.038
4357.98276 H 17.339 0.027
3643.07686 J 18.366 0.055
3679.83103 J 18.528 0.079
4036.84314 J 18.63 0.064
4037.84135 J 18.536 0.059
4038.81572 J 18.474 0.043
4114.79156 J 18.017 0.065
4357.96885 J 18.081 0.024
3633.0008 K 17.124 0.035
3643.08379 K 17.303 0.049
3662.00389 K 17.351 0.053
3663.88387 K 17.438 0.088
3678.89413 K 17.468 0.042
3938.03607 K 17.551 0.043
4036.79418 K 17.548 0.055
4037.7659 K 17.365 0.066
4114.76663 K 16.878 0.061
4357.95111 K 16.932 0.024
