1379.98064 I 21.327 0.274
1384.96179 I 21.104 0.208
1385.96269 I 21.02 0.204
1428.92641 I 20.476 0.101
1428.96581 I 20.38 0.105
1429.75577 I 20.303 0.121
1429.79377 I 20.214 0.094
1429.91558 I 20.483 0.106
1432.82687 I 20.379 0.105
1432.93828 I 20.419 0.103
1433.80233 I 20.14 0.16
1433.91564 I 20.362 0.1
1458.69732 I 19.89 0.083
1458.82192 I 20.064 0.078
1458.91693 I 20.16 0.145
1459.69555 I 19.985 0.089
1459.95566 I 20.209 0.175
1460.88228 I 20.017 0.103
1462.87683 I 19.94 0.072
1462.96434 I 20 0.082
1463.70285 I 19.901 0.089
1463.75855 I 19.829 0.072
1463.88336 I 19.854 0.067
1481.6788 I 19.546 0.047
1481.7996 I 19.67 0.126
1481.8647 I 19.646 0.062
1482.66479 I 19.634 0.072
1482.78809 I 19.631 0.129
1483.66088 I 19.588 0.056
1483.80498 I 19.648 0.046
1484.66747 I 19.486 0.044
1484.84187 I 19.6 0.06
1485.65706 I 19.578 0.051
1485.79286 I 19.591 0.053
1486.81044 I 19.591 0.052
2499.90404 I 19.962 0.091
2499.91494 I 20.075 0.104
2499.98365 I 20.237 0.134
2517.78971 I 19.693 0.079
2517.79761 I 19.756 0.098
2517.86722 I 20.077 0.158
2531.75027 I 19.694 0.079
2531.75827 I 19.868 0.112
2531.92358 I 20.22 0.197
2557.72871 I 20.143 0.19
2557.73561 I 20.224 0.204
2557.79451 I 20.017 0.154
2557.84942 I 20.039 0.131
2589.80609 I 20.196 0.109
2589.81149 I 20.115 0.115
2646.63475 I 20.707 0.139
2646.64085 I 20.938 0.169
2646.67074 I 20.536 0.113
2646.67724 I 20.39 0.123
2662.61355 I 20.816 0.15
2662.61985 I 20.798 0.163
2901.77615 I 21.423 0.256
2901.78235 I 21.59 0.308
2901.93586 I 20.87 0.148
2901.94496 I 20.843 0.205
2908.81811 I 20.945 0.139
2908.82431 I 20.896 0.191
2908.93831 I 20.818 0.116
2908.94451 I 20.989 0.084
2932.81358 I 21.094 0.129
2932.82018 I 21.348 0.151
2932.87878 I 20.598 0.053
2932.93068 I 20.704 0.084
2958.82438 I 21.028 0.159
2958.83068 I 21.023 0.178
2958.88088 I 20.416 0.092
3000.64823 I 20.238 0.085
3000.65493 I 20.149 0.082
3000.73913 I 19.785 0.081
3566.88522 I 19.744 0.037
3566.91682 I 19.797 0.036
3567.94372 I 20.106 0.131
4400.70547 H 17.549 0.0475394572960188
4401.70461 H 17.294 0.0889550448260243
4400.71635 K 17.076 0.0746726188103779
4401.70091 K 16.895 0.0885663593019381
3679.82567 H 17.691 0.056
4116.73647 H 17.18 0.039
4377.88462 H 17.182 0.025
3679.83103 J 18.449 0.072
4118.70482 J 18.023 0.047
4377.8709 J 18.028 0.023
3632.07283 K 17.036 0.038
3661.95599 K 17.168 0.036
3663.88387 K 17.268 0.086
3678.90644 K 17.195 0.039
3679.8211 K 17.218 0.05
3727.74907 K 17.403 0.09
3938.05756 K 17.255 0.037
4074.81058 K 16.963 0.061
4115.76295 K 16.842 0.057
4362.84503 K 16.91 0.029
