2499.91493 I 20.487 0.1
2517.78971 I 20.422 0.108
2517.79761 I 20.058 0.101
2531.75027 I 19.962 0.088
2531.75827 I 19.82 0.065
2557.79451 I 19.671 0.072
2557.84941 I 19.689 0.046
2589.8061 I 20.108 0.085
2589.8115 I 20.127 0.068
2646.63476 I 21.536 0.336
2646.64085 I 21.148 0.16
2662.61356 I 21.622 0.269
2662.61986 I 22.324 0.663
2901.77615 I 20.689 0.093
2901.78235 I 20.516 0.095
2908.8181 I 20.822 0.105
2908.82431 I 21.086 0.22
2932.81358 I 21.307 0.091
2932.82018 I 21.269 0.071
2958.82438 I 21.845 0.326
2958.83068 I 21.733 0.224
3000.65494 I 22.076 0.503
3567.94371 I 22.195 0.352
2537.0072 H 17.713 0.023259406699226
4400.70547 H 17.379 0.0500099990002
4401.70461 H 17.223 0.0708590149522275
4400.69841 J 18.553 0.135959552808914
4400.71635 K 17.004 0.0468401537145215
4401.70091 K 16.967 0.106470653233649
3643.07923 H 18.047 0.053
3679.82567 H 18.14 0.072
4037.79475 H 17.58 0.049
4114.81474 H 17.52 0.04
4357.98276 H 17.458 0.028
3643.07686 J 18.466 0.062
4036.84314 J 18.409 0.059
4037.84135 J 18.367 0.06
4038.81572 J 18.401 0.042
4114.79156 J 18.307 0.067
4357.96885 J 18.351 0.027
3633.0008 K 17.506 0.044
3643.08379 K 17.585 0.059
3662.00389 K 17.665 0.063
3663.88387 K 17.543 0.094
3678.89413 K 17.602 0.047
3679.8211 K 17.948 0.083
3938.03607 K 17.555 0.042
4036.79418 K 17.238 0.048
4037.7659 K 17.106 0.062
4114.76663 K 17.006 0.062
4357.95111 K 16.951 0.025
