332.98229 I 20.022 0.051
333.91186 I 20.072 0.065
334.87982 I 20.137 0.08
348.78195 I 19.931 0.06
349.8853 I 19.994 0.061
350.90135 I 19.884 0.069
353.81288 I 19.897 0.085
353.81408 I 20.004 0.108
357.00941 I 19.917 0.14
357.01441 I 20.106 0.177
357.98535 I 19.862 0.087
357.99615 I 19.881 0.084
358.92219 I 19.827 0.054
358.93129 I 20.015 0.065
359.80832 I 20.005 0.069
359.81752 I 19.929 0.061
361.92419 I 19.846 0.058
361.99639 I 19.818 0.065
362.74811 I 19.716 0.067
362.87722 I 20.12 0.105
363.00022 I 19.847 0.093
363.75644 I 19.816 0.061
363.87965 I 19.933 0.073
364.79017 I 19.785 0.071
364.91108 I 19.859 0.061
365.9215 I 19.862 0.051
645.932 I 19.862 0.058
651.86825 I 19.677 0.09
652.87234 I 19.709 0.061
653.96244 I 19.78 0.088
660.89138 I 19.523 0.035
660.95838 I 19.55 0.053
665.88823 I 19.472 0.033
673.94016 I 19.436 0.044
674.94294 I 19.463 0.046
679.88607 I 19.428 0.047
680.91176 I 19.355 0.054
685.97487 I 19.489 0.051
687.92693 I 19.421 0.038
688.99581 I 19.41 0.031
695.87953 I 19.373 0.034
696.00324 I 19.346 0.035
730.9033 I 19.637 0.046
2499.91493 I 21.043 0.171
2517.79761 I 21.07 0.232
2531.75827 I 20.5 0.152
2557.79451 I 20.238 0.138
2557.84942 I 20.332 0.108
2589.80609 I 20.124 0.062
2589.81149 I 19.901 0.07
2646.63475 I 19.487 0.058
2646.64085 I 19.482 0.055
2662.61355 I 19.592 0.054
2662.61985 I 19.639 0.059
2901.77615 I 19.533 0.057
2901.78235 I 19.548 0.068
2908.81811 I 19.604 0.051
2908.82431 I 19.63 0.055
2932.81358 I 19.529 0.026
2932.82018 I 19.475 0.028
2958.82438 I 19.833 0.054
2958.83068 I 19.739 0.05
3000.64824 I 20.741 0.14
4400.70547 H 17.154 0.0499799959983992
4400.69841 J 18.077 0.0721248916810279
4400.71635 K 17.191 0.0639531078212779
4401.70091 K 17.343 0.270185121722126
4037.79475 H 17.172 0.045
4114.81473 H 17.268 0.038
4357.98276 H 17.001 0.025
4036.84314 J 17.871 0.053
4037.84135 J 17.902 0.049
4038.81572 J 17.92 0.036
4114.79156 J 17.946 0.064
4357.96885 J 17.708 0.02
3633.0008 K 17.19 0.036
3662.00389 K 17.397 0.057
3678.89413 K 17.278 0.037
3938.03607 K 17.044 0.029
4036.79418 K 16.78 0.034
4037.7659 K 16.779 0.059
4114.76663 K 16.866 0.06
4357.95111 K 16.538 0.019
