1379.98063 I 19.967 0.112
1384.96179 I 19.688 0.065
1385.96268 I 19.715 0.076
1428.92641 I 19.454 0.06
1428.96581 I 19.513 0.068
1429.75576 I 19.648 0.081
1429.79377 I 19.529 0.058
1429.91557 I 19.573 0.064
1432.82687 I 19.569 0.06
1432.93828 I 19.519 0.06
1433.80233 I 19.536 0.07
1433.91564 I 19.539 0.059
1458.69732 I 20.041 0.1
1458.82192 I 19.91 0.076
1458.91693 I 19.795 0.121
1459.69555 I 19.921 0.097
1459.95566 I 20.148 0.158
1460.88228 I 19.982 0.124
1462.87683 I 19.73 0.071
1462.96434 I 19.683 0.077
1463.70285 I 19.819 0.089
1463.75855 I 19.88 0.081
1463.88336 I 19.963 0.086
1481.6788 I 20.538 0.138
1481.8647 I 20.878 0.233
1482.66479 I 20.854 0.228
1482.78809 I 21.073 0.438
1483.66088 I 20.671 0.181
1483.80498 I 20.662 0.156
1484.66747 I 20.562 0.164
1484.84187 I 20.434 0.15
1485.65706 I 20.856 0.234
1485.79286 I 20.477 0.148
1486.81045 I 20.452 0.117
2499.90403 I 21.445 0.37
2499.91493 I 21.063 0.187
2517.78971 I 20.656 0.139
2517.79761 I 20.894 0.178
2531.75027 I 20.718 0.154
2531.75827 I 20.742 0.126
2557.79451 I 20.184 0.088
2557.84942 I 20.238 0.076
2589.8061 I 20.018 0.058
2589.8115 I 19.934 0.059
2646.63475 I 20.155 0.087
2646.64085 I 20.226 0.08
2662.61356 I 20.729 0.156
2662.61986 I 20.698 0.123
2901.77615 I 19.793 0.056
2901.78235 I 19.742 0.06
2908.81811 I 19.89 0.048
2908.82431 I 19.7 0.039
2932.81358 I 20.055 0.037
2932.82018 I 19.964 0.032
2958.82438 I 20.654 0.1
2958.83068 I 20.563 0.106
3000.64824 I 21.748 0.348
3000.65494 I 21.244 0.23
3566.88521 I 21.734 0.15
3566.91682 I 21.375 0.079
3567.94371 I 21.708 0.351
2537.0072 H 18.231 0.0290688837074973
2537.01465 K 17.758 0.0522015325445528
4400.70547 H 17.411 0.039560080889705
4401.70461 H 17.551 0.0914111590562115
4400.69841 J 18.23 0.0759605160593318
4400.71635 K 17.033 0.0492442890089805
4401.70091 K 16.732 0.072691127381545
4037.79475 H 17.555 0.05
4114.81474 H 17.244 0.038
4357.98276 H 17.379 0.028
4036.84314 J 18.263 0.057
4037.84135 J 18.259 0.057
4038.81572 J 18.218 0.04
4114.79156 J 18.017 0.065
4357.96885 J 18.19 0.025
3633.0008 K 17.276 0.038
3662.00389 K 17.275 0.055
3678.89413 K 17.357 0.039
3938.03607 K 17.235 0.031
4036.79418 K 17.176 0.046
4037.7659 K 17.071 0.062
4114.76663 K 16.818 0.06
4357.95111 K 17.008 0.026
