332.98229 I 19.664 0.034
333.91185 I 19.624 0.047
334.87982 I 19.619 0.049
348.78194 I 19.712 0.046
349.8853 I 19.728 0.044
350.90135 I 19.704 0.056
353.81288 I 19.699 0.073
353.81408 I 19.692 0.071
357.00941 I 19.711 0.117
357.01441 I 19.984 0.153
357.98535 I 19.822 0.068
357.99615 I 19.812 0.065
358.92218 I 19.802 0.049
358.93129 I 19.816 0.069
359.80832 I 19.885 0.048
359.81752 I 19.904 0.046
361.92419 I 19.884 0.047
361.99639 I 19.826 0.057
362.74811 I 19.841 0.052
362.87722 I 19.919 0.058
363.00022 I 20.001 0.081
363.75644 I 19.854 0.059
363.87965 I 19.907 0.052
364.79017 I 19.934 0.054
364.91108 I 19.953 0.053
365.9215 I 19.987 0.063
645.932 I 20.785 0.117
651.86825 I 20.364 0.143
652.87234 I 20.864 0.173
653.96244 I 20.801 0.18
660.89138 I 20.492 0.092
660.95838 I 20.644 0.096
665.88823 I 20.758 0.11
673.94015 I 20.634 0.096
674.94294 I 20.728 0.12
679.88607 I 20.938 0.168
680.91175 I 20.672 0.172
685.97487 I 21.029 0.179
687.92693 I 20.985 0.144
688.99581 I 20.833 0.111
695.87952 I 21.156 0.171
696.00323 I 21.092 0.171
730.9033 I 21.56 0.241
2499.90403 I 20.097 0.11
2499.91493 I 20.042 0.097
2517.78971 I 20.279 0.078
2517.79761 I 20.403 0.122
2531.75027 I 20.655 0.125
2531.75827 I 20.736 0.151
2557.79451 I 21.063 0.217
2557.84941 I 21.332 0.287
2589.80609 I 22.584 0.669
2589.81149 I 22.075 0.407
2646.63475 I 22.224 0.591
2662.61356 I 22.748 0.881
2901.77615 I 22.135 0.508
2901.78235 I 22.159 0.465
2908.8181 I 21.831 0.362
2908.82431 I 22.44 0.599
2958.82438 I 22.609 0.65
2958.83068 I 22.691 0.728
3000.64824 I 21.769 0.35
3000.65494 I 21.607 0.254
2536.98417 H 19.686 0.108258948821795
4400.70547 H 17.627 0.0405215991787096
4400.69841 J 17.967 0.0702139587261678
4400.71635 K 16.94 0.0578705451849211
3679.82567 H 17.887 0.062
3643.08379 K 17.526 0.058
3679.8211 K 17.416 0.057
3938.05756 K 17.357 0.024
4074.81058 K 17.424 0.085
4362.84502 K 17.924 0.065
