332.98229 I 19.741 0.043
333.91185 I 19.747 0.042
334.87982 I 19.765 0.047
348.78194 I 19.765 0.057
349.8853 I 19.818 0.052
350.90135 I 19.88 0.073
353.81288 I 19.777 0.078
353.81408 I 19.821 0.086
357.00941 I 19.724 0.133
357.01441 I 19.778 0.124
357.98535 I 19.895 0.069
357.99615 I 19.84 0.082
358.92219 I 19.807 0.059
358.93129 I 19.901 0.065
359.80832 I 19.884 0.066
359.81752 I 19.885 0.06
361.92419 I 19.868 0.062
361.99639 I 19.839 0.066
362.74811 I 19.793 0.064
362.87722 I 19.735 0.052
363.00022 I 19.788 0.073
363.75644 I 19.751 0.049
363.87965 I 19.871 0.069
364.79017 I 19.83 0.064
364.91108 I 19.972 0.066
365.9215 I 19.878 0.058
645.932 I 19.569 0.052
651.86824 I 19.713 0.099
652.87234 I 19.636 0.053
653.96244 I 19.689 0.074
660.89138 I 19.638 0.05
660.95838 I 19.698 0.059
665.88823 I 19.729 0.049
673.94015 I 19.732 0.055
674.94294 I 19.782 0.065
679.88607 I 19.925 0.073
680.91175 I 20.003 0.103
685.97487 I 20.004 0.08
687.92693 I 20.035 0.062
688.99581 I 20.087 0.067
695.87953 I 20.222 0.072
696.00323 I 20.242 0.095
730.9033 I 21.082 0.186
2499.90403 I 19.498 0.058
2499.91493 I 19.426 0.052
2517.78971 I 19.577 0.065
2517.79761 I 19.401 0.065
2531.75027 I 19.557 0.053
2531.75827 I 19.592 0.083
2557.79451 I 19.718 0.104
2557.84942 I 19.757 0.084
2589.8061 I 20.254 0.084
2589.8115 I 20.177 0.095
2646.63475 I 21.393 0.258
2646.64085 I 21.579 0.303
2662.61356 I 21.672 0.389
2662.61986 I 21.367 0.264
2901.77615 I 20.361 0.107
2901.78235 I 20.26 0.096
2908.81811 I 20.45 0.086
2908.82431 I 20.404 0.071
2932.81358 I 20.975 0.077
2932.82018 I 20.893 0.077
2958.82438 I 20.877 0.166
2958.83068 I 21.034 0.19
3000.64824 I 21.489 0.285
3000.65494 I 21.17 0.224
3566.88521 I 21.29 0.102
3566.91681 I 21.173 0.074
3567.94371 I 21.097 0.175
2537.0072 H 17.55 0.0316227766016838
2537.01464 K 16.991 0.0524690384893796
4400.70547 H 17.445 0.0388973006775534
4400.69841 J 18.195 0.0699213844256534
4400.71635 K 17.253 0.0364005494464026
4401.70091 K 17.094 0.0975141015443408
3643.07923 H 18.331 0.069
3679.82567 H 18.174 0.076
4037.79475 H 17.736 0.052
4114.81474 H 17.08 0.037
4357.98276 H 17.998 0.036
3643.07686 J 18.769 0.09
3679.83103 J 18.724 0.116
4036.84314 J 18.465 0.06
4037.84135 J 18.375 0.06
4038.81572 J 18.392 0.043
4114.79156 J 17.816 0.064
4357.96885 J 18.639 0.033
3633.0008 K 17.535 0.045
3643.08379 K 17.637 0.061
3644.00357 K 16.971 0.041
3662.00389 K 17.478 0.057
3663.88387 K 17.518 0.094
3678.89413 K 17.533 0.044
3679.8211 K 17.733 0.072
3938.03607 K 17.299 0.033
4036.79418 K 17.241 0.047
4037.7659 K 17.093 0.062
4114.76663 K 16.63 0.059
4357.95111 K 17.456 0.036
