332.98229 I 19.97 0.045
333.91185 I 19.946 0.056
334.87982 I 20.016 0.063
348.78194 I 19.88 0.061
349.8853 I 19.948 0.05
350.90135 I 19.926 0.061
353.81288 I 19.932 0.09
353.81408 I 19.92 0.096
357.00941 I 19.925 0.157
357.01441 I 19.688 0.11
357.98535 I 19.81 0.073
357.99615 I 19.869 0.08
358.92218 I 19.953 0.051
358.93128 I 19.922 0.057
359.80832 I 19.936 0.052
359.81752 I 19.982 0.06
361.92419 I 19.728 0.045
361.99639 I 19.805 0.052
362.74811 I 19.744 0.05
362.87722 I 19.666 0.048
363.00022 I 19.81 0.064
363.75644 I 19.848 0.058
363.87965 I 19.868 0.062
364.79017 I 19.848 0.055
364.91108 I 19.757 0.047
365.9215 I 19.848 0.053
645.932 I 20.156 0.071
651.86824 I 20.452 0.174
652.87234 I 20.198 0.104
653.96244 I 19.963 0.079
660.89138 I 20.199 0.065
660.95838 I 20.27 0.07
665.88823 I 20.134 0.055
673.94015 I 20.106 0.068
674.94294 I 20.171 0.075
679.88607 I 20.253 0.087
680.91175 I 19.976 0.084
685.97487 I 20.25 0.085
687.92692 I 20.158 0.067
688.99581 I 20.171 0.059
695.87952 I 20.071 0.059
696.00323 I 20.051 0.064
730.9033 I 19.773 0.047
1379.98063 I 20.257 0.103
1384.96179 I 20.346 0.091
1385.96268 I 20.471 0.11
1428.9264 I 19.999 0.058
1428.96581 I 20.012 0.059
1429.75576 I 20.332 0.114
1429.79376 I 19.929 0.065
1429.91557 I 20.112 0.074
1432.82687 I 20.026 0.068
1432.93827 I 20.07 0.075
1433.80233 I 20.039 0.076
1433.91564 I 19.961 0.063
1458.69732 I 19.909 0.093
1458.82192 I 19.955 0.085
1458.91693 I 20.379 0.186
1459.69555 I 19.941 0.101
1459.95566 I 20.351 0.151
1460.88228 I 20.516 0.128
1462.87683 I 19.99 0.081
1462.96433 I 19.864 0.086
1463.70285 I 20.086 0.111
1463.75855 I 19.864 0.077
1463.88336 I 20.165 0.113
1481.6788 I 20.424 0.119
1481.7996 I 20.418 0.216
1481.8647 I 20.061 0.104
1482.66479 I 20.183 0.129
1482.78809 I 20.769 0.265
1483.66088 I 20.35 0.096
1483.80498 I 20.274 0.105
1484.66747 I 20.455 0.117
1484.84187 I 20.249 0.103
1485.65706 I 20.386 0.132
1485.79286 I 20.392 0.113
1486.81044 I 20.25 0.105
2499.90403 I 19.879 0.1
2499.91493 I 19.967 0.057
2517.78971 I 20.241 0.094
2517.79761 I 20.055 0.096
2531.75027 I 20.422 0.105
2531.75827 I 20.396 0.1
2557.79451 I 21.214 0.195
2557.84941 I 20.777 0.139
2589.80609 I 21.676 0.286
2589.81149 I 21.259 0.192
2646.64085 I 21.902 0.316
2662.61356 I 21.778 0.332
2662.61986 I 21.6 0.321
2901.77615 I 20.85 0.145
2901.78235 I 20.887 0.159
2908.8181 I 20.876 0.145
2908.8243 I 20.742 0.104
2932.81358 I 21.191 0.096
2932.82018 I 21.225 0.101
2958.82438 I 21.657 0.262
2958.83068 I 21.946 0.395
3566.88521 I 20.248 0.041
3566.91682 I 20.181 0.031
3567.94371 I 20.356 0.107
2537.08957 H 17.164 0.0331058907144937
2537.09669 K 16.625 0.0514198405287298
4400.70547 H 17.917 0.127663620503258
4400.71635 K 17.139 0.0441474801092882
4037.79475 H 17.55 0.048
4114.81474 H 17.362 0.039
4357.98276 H 17.303 0.027
4036.84314 J 18.339 0.057
4037.84135 J 18.41 0.061
4038.81572 J 18.35 0.041
4114.79156 J 18.107 0.065
4357.96885 J 18.18 0.025
3633.0008 K 16.662 0.027
3662.00389 K 16.873 0.045
3678.89412 K 16.906 0.029
3938.03607 K 16.542 0.021
4036.79418 K 17.053 0.041
4037.7659 K 16.988 0.061
4114.76663 K 16.914 0.061
4357.95111 K 16.785 0.022
