332.98229 I 21.69 0.235
333.91185 I 21.429 0.18
334.87982 I 21.772 0.266
348.78194 I 21.956 0.398
349.8853 I 22.293 0.522
350.90135 I 21.853 0.373
353.81288 I 21.193 0.313
353.81408 I 21.555 0.425
357.00941 I 21.251 0.519
357.01441 I 20.815 0.318
357.98535 I 21.491 0.348
357.99615 I 21.794 0.402
358.92218 I 21.689 0.254
358.93129 I 21.849 0.317
359.80832 I 21.271 0.196
359.81752 I 21.782 0.304
361.92419 I 21.706 0.293
361.99639 I 21.868 0.34
362.74811 I 21.478 0.236
362.87722 I 21.657 0.301
363.00022 I 21.525 0.368
363.75644 I 21.02 0.161
363.87965 I 21.232 0.198
364.91108 I 21.675 0.299
365.9215 I 21.437 0.231
645.932 I 20.198 0.078
651.86824 I 20.405 0.188
652.87234 I 20.156 0.105
653.96244 I 20.262 0.116
660.89138 I 20.285 0.072
660.95838 I 20.146 0.074
665.88823 I 20.311 0.073
673.94015 I 20.647 0.123
674.94294 I 20.287 0.093
679.88607 I 20.471 0.123
680.91175 I 20.526 0.175
685.97487 I 20.783 0.145
687.92692 I 20.82 0.114
688.99581 I 20.753 0.118
695.87952 I 20.99 0.133
696.00323 I 21.011 0.156
730.9033 I 21.815 0.336
1379.98063 I 20.32 0.129
1384.96179 I 20.101 0.075
1385.96268 I 20.202 0.085
1428.92641 I 21.261 0.227
1428.96581 I 21.171 0.218
1429.91557 I 21.18 0.259
1432.82687 I 21.916 0.54
1432.93827 I 21.651 0.416
1433.80233 I 21.681 0.435
1433.91564 I 21.842 0.438
1481.6788 I 21.486 0.315
1483.66088 I 21.516 0.366
1483.80498 I 21.392 0.251
1484.66747 I 21.285 0.243
1484.84187 I 21.23 0.313
1485.65706 I 21.382 0.282
1486.81044 I 21.418 0.321
2499.90403 I 20.48 0.165
2499.91493 I 20.455 0.065
2517.78971 I 20.389 0.096
2517.79761 I 20.345 0.096
2531.75027 I 20.696 0.112
2531.75827 I 20.433 0.101
2557.79451 I 20.702 0.125
2557.84941 I 20.725 0.105
2589.8061 I 21.271 0.175
2589.8115 I 21.01 0.13
2646.63475 I 20.465 0.104
2646.64085 I 20.594 0.096
2662.61356 I 20.51 0.108
2662.61986 I 20.732 0.164
2901.77615 I 20.405 0.076
2901.78235 I 20.41 0.087
2908.8181 I 20.522 0.089
2908.82431 I 20.516 0.1
2932.81358 I 20.517 0.043
2932.82018 I 20.512 0.041
2958.82438 I 21.075 0.127
2958.83068 I 21.15 0.132
3000.64824 I 21.201 0.169
3000.65494 I 21.56 0.279
3566.88521 I 20.724 0.062
3566.91681 I 20.95 0.048
3567.94371 I 20.959 0.114
2537.0072 H 18.185 0.0449444101084885
2537.01464 K 17.746 0.055659680200303
4400.70547 H 18.093 0.061
4400.69841 J 19.327 0.233683546703656
4400.71635 K 17.807 0.0930591209930547
3643.07923 H 18.478 0.077
3679.82567 H 18.321 0.08
4037.79475 H 18.527 0.083
4114.81474 H 18.804 0.08
4357.98276 H 18.401 0.047
3643.07686 J 19.25 0.118
3679.83103 J 19.273 0.137
4036.84314 J 19.321 0.094
4037.84135 J 19.492 0.135
4038.81572 J 19.31 0.077
4114.79156 J 19.704 0.106
4357.96885 J 19.2 0.05
3633.0008 K 18.178 0.074
3643.08379 K 18.098 0.085
3662.00389 K 18.272 0.095
3663.88387 K 18.111 0.141
3678.89413 K 18.041 0.066
3679.8211 K 18.901 0.18
3938.03607 K 18.275 0.082
4036.79418 K 18.195 0.105
4037.7659 K 18.208 0.086
4114.76663 K 18.55 0.112
4357.95111 K 18.201 0.068
