332.98229 I 19.568 0.032
333.91185 I 19.613 0.043
334.87982 I 19.582 0.052
348.78194 I 19.566 0.043
349.8853 I 19.588 0.042
350.90135 I 19.594 0.051
353.81288 I 19.566 0.065
353.81408 I 19.556 0.063
357.00941 I 19.546 0.114
357.01441 I 19.706 0.103
357.98535 I 19.603 0.056
357.99615 I 19.713 0.068
358.92218 I 19.634 0.046
358.93128 I 19.659 0.054
359.80832 I 19.659 0.046
359.81752 I 19.571 0.04
361.92419 I 19.608 0.044
361.99639 I 19.658 0.047
362.74811 I 19.638 0.048
362.87722 I 19.615 0.044
363.00022 I 19.575 0.059
363.75644 I 19.59 0.042
363.87965 I 19.538 0.042
364.79017 I 19.624 0.045
364.91108 I 19.672 0.047
365.9215 I 19.778 0.064
645.932 I 19.858 0.055
651.86824 I 19.811 0.096
652.87234 I 20.108 0.083
653.96244 I 19.8 0.073
660.89137 I 20.191 0.072
660.95838 I 20.251 0.078
665.88823 I 20.235 0.069
673.94015 I 20.427 0.091
674.94294 I 20.579 0.121
679.88607 I 20.766 0.17
680.91175 I 20.885 0.203
685.97487 I 21.005 0.208
687.92692 I 20.9 0.127
688.99581 I 21.015 0.162
695.87952 I 21.309 0.224
696.00323 I 21.397 0.241
730.9033 I 21.823 0.329
2499.90403 I 22.424 0.82
2499.91493 I 21.938 0.394
2517.78971 I 21.269 0.205
2517.79761 I 21.242 0.223
2531.75027 I 21.007 0.208
2531.75827 I 21.155 0.234
2557.79451 I 20.583 0.112
2557.84941 I 20.667 0.141
2589.8061 I 20.003 0.087
2589.8115 I 19.859 0.069
2646.63476 I 20.376 0.09
2646.64086 I 20.366 0.094
2662.61356 I 20.731 0.142
2662.61986 I 20.906 0.174
2901.77615 I 20.068 0.079
2901.78235 I 20.079 0.08
2908.8181 I 20.227 0.071
2908.8243 I 20.394 0.081
2932.81358 I 21.003 0.073
2932.82018 I 21.055 0.079
2958.82438 I 21.62 0.275
2958.83068 I 21.419 0.214
3000.64824 I 21.09 0.191
3000.65494 I 21.057 0.172
3566.88521 I 19.468 0.02
3566.91681 I 19.469 0.014
3567.94371 I 19.531 0.059
2537.0072 H 18.79 0.0417252920900501
2537.08957 H 18.499 0.0312409987036266
2537.01464 K 18.551 0.0571401785086466
2537.09669 K 18.197 0.0525547333738837
4400.70547 H 17.546 0.0306757233003559
4400.69841 J 18.299 0.0916787870774914
4400.71635 K 17.182 0.0431740662898458
3643.07923 H 17.522 0.034
4114.81474 H 17.394 0.039
4357.98276 H 17.517 0.029
3643.07686 J 18.204 0.049
3679.83103 J 18.736 0.091
4036.84314 J 18.954 0.076
4037.84135 J 18.804 0.078
4038.81572 J 18.824 0.05
4114.79156 J 18.128 0.065
4357.96885 J 18.239 0.026
3633.0008 K 17.096 0.034
3643.08379 K 17.216 0.047
3662.00389 K 17.427 0.056
3663.88387 K 17.352 0.084
3678.89413 K 17.512 0.044
3679.8211 K 17.616 0.065
3938.03607 K 17.469 0.041
4036.79418 K 18.04 0.131
4037.7659 K 17.631 0.071
4114.76663 K 17.074 0.062
4357.95111 K 17.103 0.028
