332.98229 I 19.769 0.032
333.91185 I 19.781 0.039
334.87982 I 19.755 0.037
348.78194 I 19.712 0.044
349.8853 I 19.803 0.04
350.90135 I 19.766 0.047
353.81288 I 19.662 0.076
353.81408 I 19.779 0.091
357.00941 I 19.857 0.125
357.01441 I 19.989 0.142
357.98535 I 19.711 0.059
357.99615 I 19.908 0.079
358.92218 I 19.814 0.048
358.93128 I 19.764 0.045
359.80832 I 19.706 0.04
359.81752 I 19.795 0.044
361.92419 I 19.837 0.044
361.99639 I 19.719 0.048
362.74811 I 19.853 0.063
362.87722 I 19.689 0.054
363.00022 I 19.902 0.073
363.75644 I 19.81 0.051
363.87965 I 19.76 0.043
364.79017 I 20.006 0.058
364.91108 I 19.961 0.053
365.9215 I 19.904 0.046
645.932 I 19.661 0.041
651.86824 I 19.731 0.087
652.87234 I 19.676 0.06
653.96244 I 19.786 0.069
660.89138 I 19.863 0.047
660.95838 I 19.72 0.042
665.88823 I 19.814 0.041
673.94015 I 19.752 0.064
674.94294 I 19.891 0.109
679.88607 I 20.069 0.069
680.91175 I 19.989 0.086
685.97487 I 20.184 0.078
687.92692 I 20.249 0.06
688.99581 I 20.266 0.067
695.87952 I 20.207 0.06
696.00323 I 20.278 0.072
730.9033 I 20.727 0.104
2499.90403 I 19.895 0.1
2499.91493 I 19.932 0.111
2517.78971 I 19.864 0.079
2517.79761 I 19.785 0.085
2531.75027 I 19.859 0.072
2531.75827 I 19.839 0.097
2557.79451 I 19.824 0.151
2557.84941 I 19.926 0.121
2589.80609 I 19.897 0.098
2589.81149 I 20.048 0.135
2646.63475 I 20.176 0.116
2646.64085 I 20.542 0.136
2662.61356 I 20.423 0.137
2662.61986 I 20.553 0.161
2901.77615 I 19.776 0.137
2901.78235 I 19.824 0.141
2908.8181 I 19.806 0.067
2908.8243 I 19.877 0.062
2932.81358 I 20.149 0.051
2932.82018 I 20.227 0.075
2958.82438 I 20.403 0.103
2958.83068 I 20.422 0.115
3000.64824 I 20.486 0.123
3000.65494 I 20.572 0.152
3566.88521 I 20.272 0.044
3566.91682 I 20.22 0.034
3567.94371 I 20.528 0.153
2949.83365 H 17.462 0.0298328677803526
2949.82822 J 18.219 0.0547083174663597
2949.84061 K 17.069 0.0586685605754905
4400.70547 H 17.723 0.0970154626850792
4400.71635 K 16.841 0.0746726188103779
4037.79475 H 17.308 0.047
4114.81474 H 16.965 0.036
4357.98276 H 17.17 0.026
4036.84314 J 17.884 0.051
4037.84135 J 17.884 0.048
4038.81572 J 18 0.035
4114.79156 J 17.858 0.064
4357.96885 J 18.121 0.024
3633.0008 K 16.518 0.026
3662.00389 K 16.573 0.042
3678.89412 K 16.586 0.025
3938.03607 K 16.523 0.021
4036.79418 K 16.645 0.03
4037.7659 K 16.548 0.058
4114.76663 K 16.484 0.059
4357.95111 K 16.651 0.02
