332.98229 I 19.601 0.074
333.91185 I 19.658 0.093
334.87982 I 19.696 0.105
348.78194 I 19.437 0.069
349.8853 I 19.482 0.075
350.90135 I 19.433 0.064
353.81288 I 19.429 0.064
353.81408 I 19.353 0.064
357.00941 I 19.385 0.088
357.01441 I 19.413 0.1
357.98535 I 19.427 0.063
357.99615 I 19.458 0.067
358.92219 I 19.485 0.08
358.93129 I 19.449 0.084
359.80832 I 19.379 0.055
359.81752 I 19.505 0.08
361.92419 I 19.322 0.048
361.99639 I 19.308 0.044
362.74811 I 19.231 0.041
362.87722 I 19.208 0.041
363.00022 I 19.312 0.051
363.75644 I 19.256 0.048
363.87965 I 19.329 0.044
364.79017 I 19.294 0.049
364.91108 I 19.315 0.046
365.9215 I 19.435 0.087
645.932 I 19.492 0.06
651.86824 I 19.415 0.073
652.87233 I 19.603 0.085
653.96244 I 19.373 0.06
660.89137 I 19.487 0.058
660.95838 I 19.617 0.092
665.88823 I 19.486 0.06
673.94015 I 19.525 0.067
674.94294 I 19.432 0.061
679.88606 I 19.415 0.068
680.91175 I 19.43 0.083
685.97487 I 19.421 0.08
687.92692 I 19.507 0.074
688.99581 I 19.416 0.064
695.87952 I 19.386 0.066
696.00323 I 19.332 0.054
730.9033 I 18.863 0.051
2499.90403 I 20.116 0.131
2499.91493 I 20.424 0.13
2517.78971 I 20.288 0.136
2517.79761 I 20.232 0.128
2531.75027 I 20.11 0.128
2531.75827 I 20.146 0.107
2557.79451 I 19.854 0.095
2557.84942 I 19.871 0.066
2589.8061 I 19.527 0.076
2589.8115 I 19.588 0.091
2646.63476 I 19.079 0.055
2646.64086 I 19.176 0.066
2662.61356 I 19.271 0.064
2662.61986 I 19.303 0.066
2901.77615 I 20.199 0.102
2901.78235 I 20.067 0.085
2908.8181 I 19.982 0.094
2908.82431 I 19.962 0.085
2932.81358 I 19.925 0.048
2932.82018 I 19.876 0.044
2958.82439 I 19.494 0.066
2958.83069 I 19.443 0.073
3000.64824 I 18.904 0.051
3000.65494 I 18.894 0.048
3566.88521 I 20.334 0.1
3566.91681 I 20.385 0.093
3567.94371 I 20.52 0.161
4400.70547 H 17.046 0.0305286750449475
4401.70461 H 17.004 0.0572800139664787
4400.69841 J 17.707 0.0683081254317523
4400.71635 K 16.546 0.0300832179129827
4401.70091 K 16.859 0.110453610171873
3643.07923 H 17.287 0.028
3643.99905 H 17.341 0.026
4037.79475 H 17.068 0.042
4114.81474 H 16.857 0.036
4357.98276 H 17.012 0.025
3643.07686 J 17.945 0.041
3643.9967 J 18.093 0.065
4036.84314 J 17.871 0.051
4037.84135 J 17.879 0.048
4038.81572 J 17.848 0.034
4114.79156 J 17.586 0.063
4357.96885 J 17.843 0.021
3633.0008 K 16.792 0.029
3643.08379 K 16.849 0.04
3644.00357 K 16.989 0.04
3662.00389 K 16.79 0.044
3663.88387 K 16.824 0.066
3678.89413 K 16.787 0.027
3938.03607 K 16.583 0.022
4036.79418 K 16.728 0.033
4037.7659 K 16.639 0.059
4114.76663 K 16.499 0.059
4357.95111 K 16.562 0.019
