332.98229 I 21.21 0.118
333.91185 I 21.129 0.109
334.87982 I 21.345 0.154
348.78194 I 21.381 0.186
349.8853 I 21.379 0.17
350.90135 I 21.312 0.208
353.81288 I 21.292 0.343
353.81408 I 21.025 0.268
357.00941 I 20.975 0.39
357.01441 I 21.045 0.379
357.98535 I 21.526 0.302
357.99615 I 21.255 0.238
358.92218 I 21.297 0.128
358.93129 I 21.392 0.191
359.80832 I 21.373 0.226
359.81752 I 21.328 0.186
361.92419 I 21.306 0.227
361.99639 I 21.288 0.22
362.74811 I 21.518 0.297
362.87722 I 21.34 0.232
363.75644 I 21.434 0.241
364.91108 I 21.317 0.222
365.9215 I 21.114 0.121
645.932 I 21.452 0.236
652.87233 I 21.148 0.248
660.89137 I 21.476 0.191
660.95838 I 21.464 0.185
665.88823 I 21.408 0.195
673.94015 I 21.261 0.168
674.94294 I 21.161 0.182
679.88606 I 21.076 0.182
680.91175 I 21.277 0.293
685.97487 I 21.131 0.187
687.92692 I 21.138 0.148
688.99581 I 21.122 0.14
695.87952 I 21.186 0.145
696.00323 I 21.143 0.164
730.9033 I 20.549 0.109
2499.90403 I 21.009 0.258
2499.91493 I 21.485 0.325
2517.78971 I 21.479 0.37
2517.79761 I 22.31 0.616
2531.75027 I 21.547 0.433
2531.75827 I 21.402 0.283
2557.79451 I 20.509 0.159
2557.84941 I 20.404 0.126
2589.8061 I 19.966 0.09
2589.8115 I 19.982 0.084
2646.63476 I 19.626 0.055
2646.64086 I 19.607 0.081
2662.61356 I 19.8 0.075
2662.61986 I 19.866 0.086
2901.77615 I 20.173 0.128
2901.78235 I 20.143 0.135
2908.8181 I 20.042 0.068
2908.8243 I 20.036 0.077
2932.81358 I 20.054 0.044
2932.82018 I 20.083 0.064
2958.82439 I 19.784 0.062
2958.83069 I 19.848 0.068
3000.64824 I 19.958 0.074
3000.65494 I 19.816 0.069
3566.88521 I 19.664 0.025
3566.91681 I 19.652 0.021
3567.94371 I 19.606 0.097
4400.70547 H 17.686 0.0458802789878178
4400.69841 J 18.598 0.085615419172016
4400.71635 K 17.342 0.0511957029446808
4401.70091 K 17.534 0.193258893715141
3643.07923 H 17.369 0.03
4037.79475 H 18.325 0.072
4114.81474 H 17.91 0.046
4357.98276 H 17.868 0.034
3643.07686 J 18.108 0.045
4036.84314 J 18.9 0.074
4037.84135 J 18.962 0.086
4038.81572 J 18.89 0.058
4114.79156 J 18.599 0.07
4357.96885 J 18.604 0.032
3633.0008 K 16.916 0.031
3643.08379 K 16.936 0.041
3662.00389 K 16.996 0.046
3663.88387 K 17.044 0.072
3678.89413 K 17.144 0.034
3938.03607 K 16.97 0.027
4036.79418 K 17.703 0.07
4037.7659 K 17.543 0.068
4114.76663 K 17.479 0.068
4357.95111 K 17.335 0.033
