332.98229 I 21.727 0.37
333.91185 I 21.28 0.247
334.87982 I 21.224 0.199
348.78194 I 20.87 0.196
349.8853 I 20.943 0.186
350.90135 I 21.311 0.288
353.81288 I 20.975 0.26
353.81408 I 20.813 0.246
357.00941 I 20.781 0.353
357.01441 I 20.709 0.276
357.98535 I 20.931 0.221
357.99615 I 20.84 0.225
358.92219 I 20.673 0.145
358.93129 I 20.651 0.153
359.80832 I 20.955 0.2
359.81752 I 20.864 0.176
364.91108 I 21.034 0.256
365.9215 I 20.731 0.165
645.932 I 21.11 0.249
652.87234 I 21.226 0.282
660.95838 I 21.15 0.166
674.94294 I 21.841 0.615
680.91175 I 22.086 0.826
685.97487 I 21.953 0.53
687.92692 I 22.034 0.559
688.99581 I 22.167 0.573
695.87953 I 21.898 0.431
730.9033 I 21.019 0.22
2499.90403 I 20.804 0.188
2499.91493 I 20.641 0.118
2517.78971 I 20.913 0.161
2517.79761 I 21.422 0.38
2531.75027 I 20.982 0.175
2531.75827 I 21.374 0.229
2557.79451 I 20.68 0.143
2557.84942 I 20.913 0.161
2589.8061 I 20.85 0.164
2589.8115 I 20.754 0.146
2646.63476 I 19.922 0.076
2646.64085 I 20.042 0.072
2662.61356 I 20.246 0.09
2662.61986 I 19.978 0.078
2901.77615 I 21.21 0.173
2901.78235 I 21.201 0.189
2908.81811 I 21.868 0.345
2908.82431 I 21.587 0.249
2932.81358 I 20.709 0.065
2932.82018 I 20.808 0.093
2958.82439 I 20.34 0.081
2958.83069 I 20.385 0.086
3000.64824 I 20.132 0.073
3000.65494 I 20.215 0.095
3566.88521 I 20.052 0.034
3566.91681 I 20.042 0.024
3567.94371 I 20.061 0.101
4400.70547 H 18.163 0.0446430285710994
4400.69841 J 19.33 0.216448608219134
4400.71635 K 17.98 0.0848528137423857
3643.07923 H 18.868 0.11
3643.99905 H 19.877 0.236
4037.79475 H 19.301 0.157
4114.81474 H 18.257 0.055
4357.98276 H 18.069 0.038
3643.07686 J 19.921 0.247
4036.84314 J 20.556 0.31
4037.84135 J 20.191 0.224
4038.81572 J 20.014 0.182
4114.79156 J 19.044 0.078
4357.96885 J 18.99 0.043
3633.0008 K 17.981 0.063
3643.08379 K 18.062 0.084
3644.00357 K 19.125 0.236
3662.00389 K 18.834 0.15
3663.88387 K 18.766 0.235
3678.89413 K 18.274 0.08
3938.03607 K 17.782 0.048
4036.79418 K 18.664 0.176
4037.7659 K 18.335 0.099
4114.76663 K 17.984 0.081
4357.95111 K 17.64 0.042
