332.98229 I 21.219 0.252
333.91185 I 21.285 0.253
334.87982 I 21.386 0.317
348.78194 I 20.877 0.194
349.8853 I 21.121 0.216
350.90135 I 21.04 0.236
353.81288 I 21.49 0.459
353.81408 I 21.345 0.374
357.00941 I 20.804 0.291
357.01441 I 20.804 0.301
357.98535 I 20.745 0.216
357.99615 I 21.059 0.244
358.92218 I 21.019 0.189
358.93128 I 21.005 0.194
359.80832 I 21.067 0.235
359.81752 I 21.348 0.275
361.92419 I 20.688 0.122
361.99639 I 20.716 0.137
362.74811 I 20.778 0.165
362.87722 I 20.711 0.133
363.00022 I 20.599 0.155
363.75644 I 20.684 0.145
363.87965 I 20.799 0.129
364.79017 I 20.728 0.155
364.91108 I 20.932 0.168
365.9215 I 21.02 0.223
645.932 I 20.209 0.1
651.86824 I 20.22 0.149
652.87233 I 20.394 0.16
653.96243 I 19.959 0.085
660.89137 I 19.871 0.082
660.95838 I 20.084 0.089
665.88823 I 19.74 0.072
673.94015 I 19.635 0.066
674.94294 I 19.556 0.058
679.88606 I 19.737 0.089
680.91175 I 19.611 0.085
685.97487 I 19.772 0.078
687.92692 I 19.799 0.075
688.99581 I 19.719 0.072
695.87952 I 19.767 0.071
696.00323 I 19.625 0.062
730.9033 I 19.902 0.077
2499.90403 I 21.03 0.275
2499.91493 I 22.39 0.615
2517.78971 I 21.897 0.551
2531.75827 I 22.404 0.744
2557.79451 I 22.155 0.485
2557.84941 I 22.432 0.705
2589.8061 I 22.247 0.511
2589.8115 I 21.764 0.368
2646.63476 I 20.555 0.109
2646.64086 I 20.511 0.123
2662.61356 I 20.358 0.104
2662.61986 I 20.245 0.117
2901.77615 I 19.839 0.072
2901.78235 I 19.837 0.084
2908.8181 I 19.862 0.067
2908.8243 I 19.769 0.053
2932.81358 I 19.916 0.032
2932.82018 I 19.815 0.04
2958.82439 I 20.223 0.078
2958.83069 I 20.202 0.086
3000.64824 I 21.64 0.411
3000.65494 I 21.901 0.55
3566.88521 I 21.55 0.124
3566.91681 I 21.6 0.114
3567.94371 I 22.044 0.515
4400.70547 H 17.632 0.0487647413609464
4400.69841 J 18.367 0.10316006979447
4400.71635 K 17.309 0.0460977222864644
4401.70091 K 17.089 0.135369863706809
3643.07923 H 17.835 0.044
4114.81474 H 18.061 0.049
4357.98276 H 18.3 0.044
4036.84314 J 18.956 0.058
4038.81572 J 18.947 0.054
4114.79156 J 18.794 0.073
4357.96885 J 18.892 0.039
3633.0008 K 17.549 0.046
3643.08379 K 17.391 0.052
3662.00389 K 17.296 0.052
3663.88387 K 17.263 0.08
3678.89413 K 17.178 0.034
3938.03607 K 17.298 0.034
4036.79418 K 17.867 0.071
4037.7659 K 17.72 0.028
4114.76663 K 17.644 0.071
4357.95111 K 17.921 0.054
