332.98229 I 19.52 0.032
333.91185 I 19.519 0.038
334.87982 I 19.485 0.046
348.78194 I 19.627 0.041
349.8853 I 19.554 0.04
350.90135 I 19.64 0.047
353.81288 I 19.636 0.077
353.81408 I 19.553 0.058
357.00941 I 19.568 0.098
357.01441 I 19.629 0.094
357.98535 I 19.602 0.052
357.99615 I 19.728 0.061
358.92218 I 19.672 0.053
358.93128 I 19.68 0.055
359.80832 I 19.623 0.048
359.81752 I 19.648 0.045
361.92419 I 19.588 0.038
361.99639 I 19.547 0.041
362.74811 I 19.559 0.049
362.87722 I 19.771 0.053
363.00022 I 19.623 0.052
363.75644 I 19.633 0.045
363.87965 I 19.604 0.037
364.79017 I 19.701 0.041
364.91107 I 19.606 0.037
365.9215 I 19.628 0.049
645.932 I 19.913 0.053
651.86824 I 19.813 0.092
652.87233 I 20.033 0.074
653.96243 I 20.083 0.079
660.89137 I 20.109 0.06
660.95838 I 20.177 0.082
665.88823 I 20.139 0.05
673.94015 I 20.187 0.068
674.94294 I 20.264 0.073
679.88606 I 20.259 0.087
680.91175 I 20.517 0.164
685.97487 I 20.268 0.094
687.92692 I 20.294 0.075
688.9958 I 20.366 0.081
695.87952 I 20.385 0.091
696.00323 I 20.399 0.089
730.90329 I 20.394 0.094
1379.98062 I 19.558 0.06
1384.96178 I 19.476 0.067
1385.96267 I 19.579 0.066
1429.75576 I 19.563 0.072
1429.79376 I 19.698 0.068
1429.91557 I 19.837 0.064
1432.82686 I 19.842 0.073
1432.93827 I 19.924 0.067
1433.80233 I 20.061 0.089
1433.91563 I 19.931 0.073
1458.69732 I 19.968 0.097
1458.82192 I 19.949 0.085
1458.91693 I 20.157 0.156
1459.69555 I 19.77 0.082
1459.95566 I 20.001 0.186
1460.88228 I 20.062 0.091
1462.87683 I 19.961 0.086
1462.96433 I 19.824 0.088
1463.70285 I 19.814 0.096
1463.75855 I 19.958 0.091
1463.88336 I 20.133 0.105
1483.66088 I 19.518 0.196
2499.90403 I 20.188 0.117
2499.91493 I 20.463 0.15
2517.7897 I 20.219 0.127
2517.7976 I 20.324 0.131
2531.75027 I 20.295 0.092
2531.75827 I 20.313 0.117
2557.79451 I 20.143 0.114
2557.84941 I 20.191 0.114
2589.8061 I 19.827 0.086
2589.8115 I 19.922 0.095
2646.63476 I 19.566 0.056
2646.64086 I 19.574 0.086
2662.61356 I 19.726 0.072
2662.61986 I 19.807 0.065
2901.77614 I 19.628 0.139
2901.78235 I 19.645 0.148
2908.8181 I 19.461 0.064
2908.8243 I 19.482 0.051
2932.81358 I 19.852 0.047
2932.82018 I 19.895 0.061
2958.82439 I 20.146 0.078
2958.83069 I 20.174 0.09
3000.64824 I 20.364 0.113
3000.65494 I 20.198 0.087
3566.88521 I 19.806 0.026
3566.91681 I 19.805 0.029
3567.9437 I 19.942 0.129
4400.70547 H 17.346 0.0316227766016838
4401.70461 H 17.148 0.08386298349093
4400.69841 J 18.126 0.0798122797569397
4400.71635 K 16.949 0.0386005181312376
3643.07923 H 17.449 0.032
4037.79475 H 18.061 0.061
4114.81474 H 17.544 0.041
4357.98276 H 17.516 0.029
3643.07686 J 18.134 0.045
4036.84314 J 18.669 0.065
4037.84135 J 18.783 0.079
4038.81572 J 18.66 0.049
4114.79156 J 18.251 0.066
4357.96885 J 18.236 0.025
3633.0008 K 17.076 0.034
3643.08379 K 17.044 0.043
3662.00389 K 17.095 0.048
3663.88387 K 17.145 0.075
3678.89413 K 17.142 0.033
3938.03607 K 17.073 0.029
4036.79418 K 17.755 0.083
4037.7659 K 17.497 0.067
4114.76664 K 17.181 0.063
4357.95111 K 17.178 0.029
