332.98229 I 20.349 0.069
333.91185 I 20.442 0.082
334.87982 I 20.444 0.077
348.78194 I 20.374 0.091
349.8853 I 20.377 0.081
350.90135 I 20.485 0.092
353.81288 I 20.496 0.139
353.81408 I 20.272 0.11
357.00941 I 19.975 0.137
357.01441 I 20.588 0.231
357.98535 I 20.361 0.113
357.99615 I 20.287 0.101
358.92218 I 20.222 0.065
358.93128 I 20.162 0.067
359.80832 I 20.208 0.074
359.81752 I 20.286 0.083
361.92419 I 20.329 0.074
361.99639 I 20.293 0.087
362.74811 I 20.284 0.088
362.87722 I 20.192 0.076
363.00022 I 20.265 0.103
363.75644 I 20.283 0.09
363.87965 I 20.286 0.083
364.79017 I 20.192 0.073
364.91108 I 20.203 0.069
365.9215 I 20.086 0.056
645.932 I 19.499 0.04
651.86824 I 19.431 0.066
652.87234 I 19.426 0.039
653.96244 I 19.397 0.054
660.89137 I 19.369 0.032
660.95838 I 19.326 0.039
665.88823 I 19.301 0.028
673.94015 I 19.302 0.03
674.94294 I 19.322 0.038
679.88606 I 19.367 0.038
680.91175 I 19.265 0.051
685.97487 I 19.297 0.042
687.92692 I 19.303 0.032
688.99581 I 19.35 0.029
695.87952 I 19.364 0.031
696.00323 I 19.357 0.034
730.9033 I 19.895 0.054
1379.98063 I 19.811 0.078
1384.96178 I 19.808 0.06
1385.96268 I 19.869 0.07
1428.9264 I 20.63 0.137
1428.96581 I 20.546 0.117
1429.75576 I 19.956 0.081
1429.79376 I 20.141 0.081
1429.91557 I 20.363 0.099
1432.82687 I 20.384 0.093
1432.93827 I 20.319 0.089
1433.80233 I 20.504 0.1
1433.91564 I 20.313 0.082
1458.69732 I 20.188 0.095
1458.82192 I 20.393 0.114
1458.91693 I 20.044 0.168
1459.69555 I 20.332 0.122
1459.95566 I 19.877 0.144
1460.88228 I 20.332 0.144
1462.87683 I 20.316 0.097
1462.96433 I 20.589 0.156
1463.70285 I 20.229 0.121
1463.75855 I 20.114 0.084
1463.88336 I 20.164 0.088
1481.6788 I 20.073 0.07
1481.7996 I 19.848 0.163
1481.8647 I 20.036 0.091
1482.66479 I 19.933 0.085
1482.78809 I 19.791 0.139
1483.66088 I 19.804 0.062
1483.80498 I 20.148 0.07
1484.66747 I 19.857 0.068
1484.84187 I 20.081 0.086
1485.65706 I 19.902 0.078
1485.79286 I 19.837 0.069
1486.81044 I 19.814 0.062
2499.90403 I 19.98 0.098
2499.91493 I 19.983 0.08
2517.78971 I 20.257 0.105
2517.79761 I 20.149 0.102
2531.75027 I 20.299 0.106
2531.75827 I 20.39 0.094
2557.79451 I 20.393 0.119
2557.84941 I 20.332 0.156
2589.8061 I 19.895 0.084
2589.8115 I 19.897 0.098
2646.63476 I 19.3 0.046
2646.64086 I 19.337 0.058
2662.61356 I 19.25 0.039
2662.61986 I 19.245 0.042
2901.77615 I 19.292 0.05
2901.78235 I 19.274 0.059
2908.8181 I 19.304 0.037
2908.8243 I 19.368 0.039
2932.81358 I 19.783 0.033
2932.82018 I 19.823 0.041
2958.82438 I 20.066 0.074
2958.83068 I 20.081 0.089
3000.64824 I 19.787 0.063
3000.65494 I 20.027 0.082
3566.88521 I 19.495 0.023
3566.91681 I 19.469 0.019
3567.94371 I 19.524 0.082
2537.0072 H 18.621 0.0517397332811061
2537.08957 H 18.085 0.0276586333718787
2537.01464 K 18.034 0.0828009661779378
2537.09669 K 17.861 0.0728354309385206
4400.70547 H 17.487 0.0317804971641414
4400.69841 J 18.235 0.085615419172016
4400.71635 K 17.411 0.0531507290636732
4401.70091 K 17.377 0.162308348522188
3643.07923 H 17.912 0.047
3679.82567 H 17.852 0.06
4037.79475 H 17.545 0.053
4114.81474 H 17.759 0.043
4357.98276 H 17.844 0.033
3679.83103 J 18.768 0.091
4036.84314 J 18.204 0.055
4037.84135 J 18.233 0.056
4038.81572 J 18.284 0.039
4114.79156 J 18.512 0.069
4357.96885 J 18.549 0.031
3633.0008 K 17.336 0.039
3643.08379 K 17.542 0.057
3662.00389 K 17.567 0.059
3663.88387 K 17.679 0.103
3678.89413 K 17.494 0.043
3679.8211 K 17.19 0.049
3938.03607 K 17.567 0.044
4036.79418 K 17.236 0.047
4037.7659 K 17.219 0.062
4114.76663 K 17.441 0.067
4357.95111 K 17.42 0.035
