2557.79451 I 22.23 0.438
2557.84942 I 21.905 0.303
2589.80609 I 21.03 0.143
2589.81149 I 20.988 0.147
2646.63475 I 20.264 0.084
2646.64085 I 20.321 0.102
2662.61355 I 20.319 0.109
2662.61985 I 20.61 0.117
2901.77615 I 19.881 0.076
2901.78235 I 19.989 0.074
2908.81811 I 19.856 0.055
2908.82431 I 19.886 0.063
2932.81358 I 19.928 0.032
2932.82018 I 19.957 0.034
2958.82438 I 20.177 0.07
2958.83068 I 20.302 0.086
3000.64823 I 21.269 0.21
3000.65493 I 21.26 0.25
3566.88522 I 20.517 0.051
3566.91682 I 20.444 0.038
3567.94372 I 20.909 0.144
4400.70547 H 17.208 0.0275136329843952
4401.70461 H 17.098 0.0728354309385206
4400.69841 J 18.255 0.107280007457121
4400.71635 K 16.809 0.0360555127546399
3679.82567 H 18.444 0.087
4116.73647 H 17.341 0.041
4377.88462 H 17.44 0.029
3679.83103 J 19.334 0.132
4118.70482 J 18.346 0.052
4377.8709 J 18.271 0.027
3632.07283 K 17.441 0.051
3661.95599 K 17.771 0.061
3663.88387 K 17.882 0.132
3678.90644 K 17.797 0.061
3679.8211 K 17.856 0.077
3727.74907 K 17.777 0.06
3938.05756 K 17.452 0.042
4074.81058 K 17.238 0.066
4115.76295 K 16.948 0.058
4362.84503 K 17.333 0.041
