2499.90403 I 20.506 0.18
2499.91493 I 20.898 0.148
2517.78971 I 20.813 0.166
2517.79761 I 20.576 0.15
2531.75027 I 20.752 0.132
2531.75827 I 20.357 0.085
2557.79451 I 20.118 0.102
2557.84942 I 20.21 0.118
2589.8061 I 20.01 0.054
2589.8115 I 20.067 0.086
2646.63476 I 21.269 0.294
2646.64086 I 20.772 0.128
2662.61356 I 20.871 0.159
2662.61986 I 21.08 0.22
2901.77615 I 20.682 0.139
2901.78235 I 20.675 0.133
2908.81811 I 21.145 0.186
2908.82431 I 21.134 0.178
2932.81358 I 21.37 0.117
2932.82018 I 21.391 0.143
2958.82439 I 21.466 0.302
2958.83069 I 22.187 0.409
3000.64824 I 20.907 0.194
3000.65494 I 20.788 0.165
3566.88521 I 20.111 0.041
3566.91681 I 20.05 0.032
3567.94371 I 20.098 0.094
4400.70547 H 17.23 0.0420594816896262
4400.69841 J 18.116 0.075
4400.71635 K 17.107 0.0402616442783948
3643.07923 H 17.31 0.029
3643.99905 H 17.421 0.029
4037.79475 H 17.694 0.051
4114.81474 H 17.206 0.038
4357.98276 H 17.433 0.028
3643.07686 J 18.098 0.049
3643.9967 J 18.189 0.073
4036.84314 J 18.484 0.061
4037.84135 J 18.472 0.063
4038.81572 J 18.445 0.044
4114.79156 J 17.997 0.065
4357.96885 J 18.171 0.025
3633.0008 K 16.879 0.03
3643.08379 K 16.839 0.04
3644.00357 K 17.117 0.044
3662.00389 K 17.095 0.048
3663.88387 K 17.101 0.074
3678.89413 K 17.078 0.032
3938.03607 K 17.069 0.03
4036.79418 K 17.421 0.058
4037.7659 K 17.241 0.064
4114.76663 K 16.844 0.06
4357.95111 K 16.93 0.024
