2499.90404 I 22.263 0.785
2499.91494 I 21.614 0.23
2499.98365 I 21.728 0.273
2517.78971 I 22.114 0.457
2517.79761 I 21.719 0.367
2517.86722 I 21.375 0.277
2531.75027 I 21.661 0.285
2531.75827 I 21.951 0.379
2531.92358 I 21.616 0.22
2557.72871 I 20.478 0.08
2557.73561 I 20.533 0.089
2557.79451 I 21.003 0.133
2557.84942 I 20.729 0.094
2589.80609 I 20.052 0.068
2589.81149 I 20.218 0.078
2646.63475 I 20.147 0.068
2646.64085 I 20.169 0.065
2646.67074 I 20.242 0.073
2646.67724 I 20.564 0.102
2662.61355 I 20.314 0.098
2662.61985 I 20.15 0.086
2901.77615 I 20.427 0.071
2901.78235 I 20.489 0.083
2901.93586 I 20.311 0.097
2908.81811 I 20.016 0.053
2908.82431 I 19.93 0.05
2908.93831 I 19.966 0.059
2908.94451 I 19.958 0.082
2932.81358 I 19.402 0.022
2932.82018 I 19.483 0.028
2932.87878 I 19.495 0.024
2932.93068 I 19.515 0.028
2958.82438 I 19.65 0.039
2958.83068 I 19.639 0.037
2958.88088 I 19.538 0.039
3000.64823 I 19.978 0.066
3000.65493 I 20.141 0.075
3566.88522 I 21.21 0.076
3566.91682 I 21.335 0.075
3567.94372 I 21.845 0.221
4400.70547 H 17.101 0.0338378486313773
4401.70461 H 17.027 0.0779294552784761
4400.69841 J 18.12 0.0943663075467086
4400.71635 K 16.638 0.0332415402771893
4401.70091 K 16.792 0.0766550715869472
3679.82567 H 17.171 0.047
4116.73647 H 17.337 0.04
4377.88462 H 17.195 0.025
3679.83103 J 18.025 0.058
4118.70482 J 18.221 0.051
4377.8709 J 18.032 0.023
3632.07283 K 17.198 0.043
3661.95599 K 16.921 0.031
3663.88387 K 16.876 0.069
3678.90644 K 16.88 0.08
3679.8211 K 16.759 0.04
3727.74907 K 16.756 0.054
3938.05756 K 17.426 0.046
4074.81058 K 16.742 0.059
4115.76295 K 16.835 0.057
4362.84503 K 16.884 0.029
