332.98229 I 20.4 0.071
333.91185 I 20.46 0.083
334.87982 I 20.463 0.082
348.78194 I 20.78 0.12
349.8853 I 20.614 0.092
350.90135 I 20.908 0.162
353.81288 I 20.432 0.16
353.81408 I 21.022 0.226
357.00941 I 20.707 0.341
357.01441 I 20.682 0.302
357.98535 I 20.876 0.18
357.99615 I 21.01 0.187
358.92218 I 20.926 0.115
358.93128 I 20.957 0.154
359.80832 I 21.244 0.186
359.81752 I 21.02 0.135
361.92419 I 21.375 0.191
361.99639 I 21.64 0.302
363.75644 I 21.139 0.186
364.79017 I 21.343 0.225
364.91108 I 21.242 0.181
365.9215 I 21.238 0.17
645.932 I 20.268 0.085
651.86824 I 20.411 0.176
652.87234 I 20.413 0.125
653.96244 I 20.424 0.13
660.89137 I 20.843 0.13
660.95838 I 20.546 0.081
665.88823 I 20.763 0.107
673.94015 I 21.196 0.174
674.94294 I 21.125 0.195
679.88606 I 21.297 0.249
680.91175 I 21.464 0.363
685.97487 I 21.696 0.317
687.92692 I 21.811 0.299
688.99581 I 21.742 0.272
695.87952 I 21.968 0.334
696.00323 I 22.079 0.437
2499.90403 I 19.512 0.069
2499.91493 I 19.513 0.037
2517.78971 I 19.605 0.049
2517.79761 I 19.673 0.065
2531.75027 I 19.673 0.057
2531.75827 I 19.804 0.063
2557.79451 I 20.131 0.072
2557.84941 I 20.246 0.061
2589.8061 I 21.149 0.154
2589.8115 I 21.258 0.127
2646.64086 I 22.973 0.849
2901.77615 I 20.673 0.08
2901.78235 I 20.757 0.112
2908.8181 I 21.078 0.148
2908.8243 I 21.135 0.163
2932.81358 I 21.663 0.118
2932.82018 I 21.956 0.158
2958.82439 I 22.692 0.596
3000.64824 I 21.284 0.222
3566.88521 I 22.132 0.234
3566.91681 I 21.814 0.138
3567.94371 I 22.065 0.285
4400.70547 H 17.396 0.0282311884269862
4401.70461 H 17.577 0.127565669362881
4400.69841 J 18.335 0.0817435012707432
4400.71635 K 17.129 0.0357351367704113
3643.07923 H 18.463 0.076
4037.79475 H 18.141 0.065
4114.81474 H 17.293 0.038
4357.98276 H 17.86 0.034
3643.07686 J 18.949 0.09
4036.84314 J 18.835 0.06
4037.84135 J 18.875 0.081
4038.81572 J 18.734 0.053
4114.79156 J 18.046 0.065
4357.96885 J 18.582 0.032
3633.0008 K 17.648 0.049
3643.08379 K 17.847 0.071
3662.00389 K 17.628 0.062
3663.88387 K 17.701 0.104
3678.89413 K 17.53 0.044
3938.03607 K 17.495 0.04
4036.79418 K 17.704 0.073
4037.7659 K 17.462 0.068
4114.76663 K 16.881 0.061
4357.95111 K 17.363 0.034
