332.98229 I 20.026 0.036
333.91185 I 20.045 0.041
334.87982 I 20.12 0.038
348.78194 I 20.008 0.057
349.8853 I 20.05 0.047
350.90135 I 20.082 0.062
353.81288 I 20.046 0.089
353.81408 I 20.017 0.083
357.00941 I 19.989 0.14
357.01441 I 19.993 0.153
357.98535 I 20.064 0.085
357.99615 I 20.097 0.082
358.92218 I 20.103 0.071
358.93128 I 20.071 0.072
359.80831 I 20.042 0.055
359.81752 I 20.05 0.046
361.92419 I 20.043 0.052
361.99639 I 20.025 0.058
362.74811 I 20.012 0.067
362.87722 I 19.995 0.063
363.00022 I 20 0.075
363.75644 I 20.088 0.069
363.87965 I 20.037 0.055
364.79017 I 20.106 0.057
364.91107 I 20.102 0.054
365.9215 I 20.07 0.044
645.932 I 20.362 0.075
651.86824 I 20.231 0.145
652.87233 I 20.188 0.086
653.96243 I 20.117 0.082
660.89137 I 20.157 0.055
660.95838 I 20.163 0.057
665.88823 I 20.15 0.051
673.94015 I 19.959 0.041
674.94294 I 19.967 0.052
679.88606 I 19.974 0.065
680.91175 I 20.158 0.095
685.97486 I 19.959 0.059
687.92692 I 19.976 0.039
688.9958 I 19.978 0.051
695.87952 I 19.906 0.044
696.00323 I 19.938 0.052
730.90329 I 19.973 0.053
1379.98062 I 20.469 0.154
1384.96178 I 20.443 0.113
1385.96267 I 20.612 0.164
1429.75576 I 19.725 0.19
1433.80233 I 19.811 0.074
1458.69732 I 19.775 0.147
1458.91692 I 19.599 0.286
1462.87683 I 20.176 0.196
1463.70285 I 20.435 0.292
1463.88335 I 19.862 0.162
2499.90403 I 21.007 0.231
2499.91493 I 20.782 0.129
2517.7897 I 20.506 0.139
2517.7976 I 20.636 0.144
2531.75027 I 20.337 0.095
2531.75827 I 20.471 0.093
2557.79451 I 20.28 0.067
2557.84941 I 20.136 0.067
2589.8061 I 19.907 0.05
2589.8115 I 19.97 0.061
2646.63476 I 20.688 0.116
2646.64086 I 20.588 0.102
2662.61356 I 20.882 0.148
2662.61986 I 20.884 0.144
2901.77614 I 20.804 0.076
2901.78234 I 20.819 0.096
2908.8181 I 20.609 0.098
2908.8243 I 20.599 0.085
2932.81358 I 19.994 0.031
2932.82018 I 20.067 0.04
2958.82439 I 20.056 0.06
2958.83069 I 20.013 0.053
3000.65494 I 20.23 0.085
3566.88521 I 20.287 0.038
3566.91681 I 20.306 0.023
3567.9437 I 20.273 0.085
4400.70547 H 18.505 0.087692645073575
4400.71635 K 17.904 0.0677421582177598
3643.07923 H 18.401 0.072
4037.79475 H 18.352 0.075
4114.81474 H 18.07 0.049
4357.98276 H 18.302 0.044
3643.07686 J 19.083 0.097
4036.84314 J 18.957 0.078
4037.84135 J 19.012 0.092
4038.81572 J 19.016 0.061
4114.79156 J 18.814 0.073
4357.96885 J 19.067 0.044
3633.0008 K 18.279 0.082
3643.08379 K 18.119 0.086
3662.00389 K 18.192 0.089
3663.88387 K 18.097 0.137
3678.89413 K 17.832 0.056
3938.03607 K 17.89 0.052
4036.79418 K 18.108 0.101
4037.7659 K 17.913 0.076
4114.76664 K 17.687 0.072
4357.95111 K 17.906 0.053
