332.98229 I 21.243 0.136
333.91185 I 21.281 0.105
334.87982 I 21.2 0.125
348.78194 I 21.402 0.192
349.8853 I 21.436 0.185
350.90135 I 21.323 0.221
353.81288 I 21.347 0.285
353.81408 I 22.292 0.812
357.00941 I 21.069 0.403
357.01441 I 20.975 0.328
357.98535 I 21.359 0.262
357.99615 I 21.249 0.274
358.92218 I 21.446 0.188
358.93128 I 21.408 0.204
359.80831 I 21.47 0.187
359.81752 I 21.391 0.18
361.92419 I 21.441 0.205
361.99639 I 21.209 0.186
362.74811 I 21.342 0.245
362.87722 I 21.539 0.276
363.00022 I 21.772 0.421
363.75644 I 21.911 0.365
363.87965 I 21.14 0.161
364.79017 I 21.069 0.162
364.91107 I 21.258 0.17
365.9215 I 21.523 0.176
645.932 I 21.479 0.239
651.86824 I 21.564 0.463
652.87233 I 21.221 0.223
653.96243 I 21.146 0.238
660.89137 I 21.337 0.138
660.95838 I 21.143 0.14
665.88823 I 21.188 0.126
673.94015 I 21.021 0.115
674.94294 I 21.208 0.157
679.88606 I 21.1 0.181
680.91175 I 21.308 0.296
685.97487 I 20.716 0.127
687.92692 I 20.824 0.114
688.99581 I 21.015 0.118
695.87952 I 20.902 0.108
696.00323 I 20.703 0.122
730.90329 I 20.235 0.086
2499.90403 I 20.191 0.098
2499.91493 I 20.282 0.076
2517.7897 I 20.728 0.125
2517.7976 I 20.672 0.137
2531.75027 I 21.032 0.166
2531.75827 I 21.137 0.141
2557.79451 I 21.681 0.21
2589.8061 I 22.81 0.575
2646.63476 I 21.091 0.161
2662.61356 I 20.584 0.125
2662.61986 I 20.581 0.087
2901.78235 I 22.5 0.44
2908.8181 I 22.002 0.27
2908.8243 I 22.583 0.566
2932.81358 I 21.124 0.083
2932.82018 I 21.121 0.077
2958.82439 I 20.977 0.114
2958.83068 I 20.783 0.12
3000.64824 I 19.737 0.047
3000.65494 I 19.905 0.063
3566.88521 I 19.69 0.024
3566.91681 I 19.645 0.017
3567.9437 I 19.716 0.046
4400.70547 H 17.638 0.0463249392876019
4400.71635 K 17.42 0.0470744091837593
3643.07923 H 17.331 0.029
4037.79475 H 17.956 0.057
4114.81474 H 17.613 0.041
4357.98276 H 18.049 0.037
3643.07686 J 18.073 0.043
4036.84314 J 18.591 0.063
4037.84135 J 18.707 0.075
4038.81572 J 18.741 0.051
4114.79156 J 18.33 0.067
4357.96885 J 18.837 0.038
3633.0008 K 16.795 0.029
3643.08379 K 16.941 0.041
3662.00389 K 17.046 0.047
3663.88387 K 16.956 0.069
3678.89413 K 17.131 0.033
3938.03607 K 16.941 0.026
4036.79418 K 17.482 0.059
4037.7659 K 17.384 0.064
4114.76663 K 17.212 0.064
4357.95111 K 17.658 0.043
