332.98229 I 19.798 0.037
333.91185 I 19.808 0.039
334.87982 I 19.747 0.041
348.78194 I 20.086 0.069
349.8853 I 19.995 0.046
350.90134 I 20.2 0.077
353.81288 I 20.061 0.103
353.81408 I 20.032 0.099
357.00941 I 20.064 0.162
357.01441 I 20.189 0.192
357.98535 I 20.192 0.102
357.99615 I 20.157 0.099
358.92218 I 20.368 0.074
358.93128 I 20.377 0.074
359.80831 I 20.264 0.073
359.81752 I 20.287 0.074
361.92419 I 20.381 0.087
361.99639 I 20.311 0.097
362.74811 I 20.137 0.093
362.87722 I 20.079 0.108
363.00022 I 20.202 0.115
363.75644 I 20.327 0.101
363.87965 I 20.2 0.091
364.79017 I 20.172 0.101
364.91107 I 20.488 0.094
365.9215 I 20.43 0.073
645.93199 I 19.006 0.024
651.86824 I 19.004 0.045
652.87233 I 19.015 0.037
653.96243 I 18.953 0.039
660.89137 I 19.04 0.022
660.95838 I 19.002 0.022
665.88823 I 19.025 0.021
673.94015 I 19.074 0.028
674.94294 I 19.034 0.026
679.88606 I 19.1 0.034
680.91175 I 19.092 0.044
685.97486 I 19.112 0.03
687.92692 I 19.082 0.021
688.9958 I 19.098 0.023
695.87952 I 19.161 0.026
696.00323 I 19.183 0.03
730.90329 I 19.371 0.033
1379.98062 I 20.403 0.113
1384.96178 I 20.261 0.108
1385.96267 I 20.39 0.12
1428.9264 I 19.838 0.079
1428.9658 I 19.805 0.068
1429.75576 I 19.695 0.09
1429.79376 I 19.879 0.07
1429.91557 I 19.58 0.054
1432.82686 I 19.544 0.053
1432.93827 I 19.433 0.041
1433.80233 I 19.411 0.047
1433.91563 I 19.407 0.043
1458.69732 I 18.674 0.03
1458.82192 I 18.669 0.025
1458.91692 I 18.936 0.086
1459.69555 I 18.661 0.026
1459.95566 I 18.882 0.102
1460.88228 I 18.634 0.025
1462.87683 I 18.621 0.02
1462.96433 I 18.636 0.026
1463.70285 I 18.634 0.028
1463.75855 I 18.667 0.023
1463.88336 I 18.556 0.027
1481.6788 I 18.649 0.021
1481.7996 I 19.099 0.14
1481.8647 I 18.724 0.027
1482.66479 I 18.687 0.032
1482.78809 I 18.952 0.117
1483.66088 I 18.651 0.024
1483.80498 I 18.576 0.026
1484.66747 I 18.624 0.024
1484.84187 I 18.624 0.028
1485.65706 I 18.672 0.028
1485.79286 I 18.631 0.028
1486.81045 I 18.698 0.022
2557.84941 I 22.763 0.721
2589.8061 I 20.897 0.148
2589.8115 I 21.005 0.155
2646.63476 I 21.707 0.325
2646.64086 I 21.022 0.138
2662.61356 I 20.777 0.143
2662.61986 I 20.721 0.146
2901.78234 I 22.328 0.304
3567.9437 I 19.282 0.04
4400.70547 H 16.633 0.0237697286480094
4401.70461 H 16.612 0.0619838688692469
4401.94386 H 16.774 0.0898053450525079
4400.71635 K 16.121 0.0250798724079689
4401.70091 K 16.127 0.0529528091794949
4401.9405 K 16.28 0.0756637297521078
3643.07923 H 16.818 0.02
4037.79475 H 16.719 0.04
4114.81474 H 17.429 0.039
4357.98276 H 16.507 0.023
3643.07686 J 17.61 0.03
4036.84314 J 17.531 0.049
4037.84135 J 17.504 0.043
4038.81572 J 17.584 0.031
4114.79157 J 18.154 0.066
4357.96885 J 17.34 0.018
3633.00079 K 16.196 0.024
3643.08379 K 16.247 0.034
3662.00389 K 16.405 0.041
3663.88387 K 16.438 0.059
3678.89413 K 16.528 0.024
3938.03607 K 16.299 0.019
4036.79418 K 16.227 0.024
4037.7659 K 16.29 0.057
4114.76664 K 16.744 0.06
4357.9511 K 16.026 0.014
