332.98229 I 19.653 0.038
333.91185 I 19.715 0.038
334.87982 I 19.681 0.043
348.78194 I 19.768 0.043
349.8853 I 19.879 0.059
350.90135 I 19.939 0.065
353.81288 I 19.943 0.09
353.81408 I 19.856 0.095
357.00941 I 20.074 0.159
357.01441 I 20.09 0.178
357.98535 I 20.121 0.085
357.99615 I 19.879 0.076
358.92218 I 20.038 0.059
358.93128 I 20.032 0.06
359.80832 I 20.013 0.062
359.81752 I 20.053 0.065
361.92419 I 19.988 0.062
361.99639 I 20.031 0.071
362.74811 I 19.792 0.06
362.87722 I 19.812 0.058
363.00022 I 20.129 0.093
363.75644 I 20.05 0.07
363.87965 I 19.948 0.065
364.79017 I 19.988 0.058
364.91108 I 20.171 0.071
365.9215 I 20.204 0.057
645.932 I 19.634 0.046
651.86824 I 19.585 0.073
652.87233 I 19.595 0.058
653.96243 I 19.537 0.059
660.89137 I 19.75 0.04
660.95838 I 19.722 0.05
665.88823 I 19.826 0.041
673.94015 I 19.845 0.053
674.94294 I 19.945 0.061
679.88606 I 19.933 0.06
680.91175 I 20.06 0.103
685.97487 I 20.105 0.082
687.92692 I 20.177 0.06
688.99581 I 20.099 0.061
695.87952 I 20.271 0.065
696.00323 I 20.476 0.096
730.9033 I 20.74 0.13
1379.98062 I 21.305 0.272
1384.96178 I 21.189 0.221
1385.96267 I 21.218 0.284
1428.96581 I 21.143 0.201
1432.93827 I 22.437 0.746
2499.90403 I 20.764 0.184
2499.91493 I 20.64 0.137
2517.7897 I 20.328 0.144
2517.79761 I 20.226 0.099
2531.75027 I 20.218 0.08
2531.75827 I 20.238 0.077
2557.79451 I 20.035 0.068
2557.84941 I 20.077 0.115
2589.8061 I 19.716 0.066
2589.8115 I 19.763 0.06
2646.63476 I 19.452 0.046
2646.64086 I 19.506 0.053
2662.61356 I 19.696 0.062
2662.61986 I 19.795 0.059
2901.77615 I 20.443 0.073
2901.78235 I 20.398 0.073
2908.8181 I 20.28 0.057
2908.8243 I 20.319 0.081
2932.81358 I 19.814 0.03
2932.82018 I 19.778 0.037
2958.82439 I 19.692 0.04
2958.83069 I 19.783 0.033
3000.64824 I 19.903 0.055
3000.65494 I 19.944 0.071
3566.88521 I 19.716 0.023
3566.91681 I 19.695 0.017
3567.9437 I 19.582 0.051
4400.70547 H 17.479 0.0344818792991333
4400.71635 K 16.803 0.0364005494464026
4401.70091 K 16.864 0.112445542374965
3643.07923 H 16.993 0.022
3643.99904 H 17.164 0.023
4037.79475 H 17.154 0.043
4114.81474 H 17.237 0.038
4357.98276 H 17.225 0.026
3643.07686 J 17.892 0.038
3643.99669 J 18.098 0.063
4036.84314 J 17.988 0.052
4037.84135 J 18.011 0.05
4038.81572 J 18.013 0.036
4114.79156 J 18.076 0.065
4357.96885 J 18.056 0.023
3633.0008 K 16.467 0.025
3643.08379 K 16.45 0.035
3644.00356 K 16.282 0.027
3662.00389 K 16.467 0.041
3663.88387 K 16.512 0.06
3678.89413 K 16.46 0.023
3938.03607 K 16.365 0.02
4036.79418 K 16.551 0.029
4037.7659 K 16.516 0.058
4114.76664 K 16.54 0.059
4357.95111 K 16.568 0.019
