2499.90404 I 20.732 0.159
2499.91494 I 20.821 0.155
2517.78971 I 21.925 0.457
2517.79761 I 21.413 0.28
2531.75027 I 21.977 0.368
2531.75827 I 21.275 0.207
2557.79452 I 21.728 0.363
2557.84942 I 21.802 0.369
2589.80609 I 21.613 0.265
2589.81149 I 21.638 0.291
2646.63475 I 20.53 0.119
2646.64085 I 20.802 0.119
2662.61355 I 20.852 0.119
2662.61985 I 20.724 0.141
2901.78235 I 21.912 0.302
2908.81811 I 21.835 0.352
2908.82431 I 21.82 0.249
2932.81358 I 21.617 0.146
2932.82018 I 21.733 0.152
2958.82438 I 20.878 0.126
2958.83068 I 20.984 0.148
3000.64823 I 20.384 0.096
3000.65493 I 20.28 0.089
3566.88522 I 21.497 0.117
3566.91682 I 21.462 0.085
3567.94372 I 21.608 0.342
4400.70547 H 18.518 0.0741484996476665
4400.71635 K 18.333 0.104479663092872
3667.81337 H 18.843 0.109
3679.82567 H 18.825 0.117
3720.69613 H 19.325 0.142
4116.73647 H 19.712 0.165
4377.88462 H 18.434 0.059
3667.81104 J 19.642 0.237
3679.83103 J 19.183 0.125
4118.70482 J 20.796 0.197
4377.8709 J 19.346 0.065
3661.95599 K 18.667 0.133
3663.88387 K 18.167 0.163
3667.8179 K 18.585 0.125
3678.90644 K 18.095 0.078
3679.8211 K 18.405 0.12
3720.7007 K 19.092 0.192
3727.74907 K 18.519 0.11
3938.05756 K 18.83 0.168
4074.81058 K 18.678 0.123
4362.84503 K 18.369 0.102
