2499.90404 I 21.524 0.357
2499.91494 I 21.681 0.268
2517.78971 I 21.193 0.201
2517.79761 I 21.66 0.318
2531.75027 I 21.075 0.193
2531.75827 I 20.699 0.133
2557.79452 I 20.285 0.086
2557.84942 I 20.274 0.064
2589.80609 I 19.825 0.064
2589.81149 I 19.693 0.044
2646.63475 I 19.713 0.058
2646.64085 I 19.696 0.045
2662.61355 I 19.964 0.06
2662.61985 I 20.106 0.072
2901.77615 I 20.06 0.057
2901.78235 I 20.224 0.059
2908.81811 I 20.137 0.064
2908.82431 I 20.085 0.071
2932.81358 I 20.099 0.033
2932.82018 I 20.165 0.035
2958.82438 I 20.584 0.099
2958.83068 I 20.427 0.067
3000.64823 I 21.37 0.189
3000.65493 I 21.461 0.279
3566.88522 I 21.469 0.114
3566.91682 I 21.382 0.075
3567.94372 I 21.431 0.174
4400.70547 H 17.435 0.0371079506305589
4400.69841 J 18.188 0.0926498785752038
4400.71635 K 16.867 0.0338378486313773
3667.81337 H 18.194 0.066
3679.82567 H 18.176 0.074
3720.69613 H 18.236 0.066
4116.73647 H 17.342 0.041
4377.88462 H 17.287 0.026
3679.83103 J 18.776 0.092
3720.69276 J 19.048 0.144
4118.70482 J 18.27 0.051
4377.8709 J 18.121 0.025
3663.88387 K 17.502 0.099
3667.8179 K 17.55 0.053
3679.8211 K 17.639 0.066
3720.7007 K 17.758 0.064
