332.9648 I 20.139 0.052
333.97606 I 20.319 0.061
334.88823 I 20.141 0.057
348.77365 I 20.353 0.074
349.8386 I 20.285 0.074
349.8469 I 20.386 0.068
350.00761 I 20.252 0.078
356.98042 I 20.189 0.151
356.98522 I 20.615 0.237
356.99002 I 20.49 0.208
358.01126 I 20.118 0.107
358.96139 I 20.612 0.109
358.97309 I 20.641 0.11
359.84722 I 20.294 0.073
359.88552 I 20.528 0.086
359.89432 I 20.515 0.106
361.94319 I 20.413 0.078
362.76732 I 20.28 0.076
362.90582 I 20.35 0.074
363.77685 I 20.44 0.095
364.81118 I 20.407 0.075
364.93008 I 20.543 0.091
365.7693 I 20.462 0.079
365.94141 I 20.679 0.105
645.97221 I 20.778 0.113
646.9035 I 20.552 0.129
651.91076 I 21.138 0.634
652.88895 I 20.687 0.131
660.90809 I 20.788 0.097
660.97509 I 20.722 0.088
665.90004 I 20.856 0.099
671.99349 I 20.676 0.106
673.97016 I 20.85 0.156
674.96035 I 20.771 0.106
679.87777 I 20.798 0.134
680.96396 I 21.141 0.251
685.93587 I 20.887 0.146
687.95403 I 21.086 0.123
690.89106 I 20.6 0.18
695.96784 I 21.094 0.16
731.0201 I 20.484 0.133
1044.93146 I 19.746 0.044
1044.93976 I 19.716 0.036
1047.95271 I 19.754 0.045
1047.96451 I 19.675 0.04
1051.94214 I 19.871 0.053
1051.98954 I 19.79 0.063
1055.87484 I 19.8 0.056
1056.98093 I 19.708 0.046
1057.81059 I 19.727 0.045
1057.9655 I 19.827 0.064
1072.9557 I 19.772 0.055
1074.86521 I 19.806 0.049
1074.97312 I 19.76 0.042
1075.01712 I 19.686 0.06
1075.81707 I 19.759 0.052
1075.86887 I 19.723 0.048
1075.97438 I 19.831 0.051
1101.73992 I 20.312 0.093
1101.88642 I 19.996 0.073
1103.89045 I 20.282 0.087
1104.86977 I 19.999 0.071
1105.78438 I 20 0.066
1105.95348 I 19.969 0.083
1106.71559 I 20.294 0.085
1139.71361 I 20.432 0.113
1139.86221 I 20.694 0.139
1140.67467 I 20.443 0.17
1140.73477 I 20.682 0.14
1140.84466 I 20.717 0.149
1141.69632 I 20.452 0.11
1141.77172 I 20.398 0.107
1142.66978 I 20.511 0.116
1142.79497 I 20.612 0.118
1143.68603 I 20.555 0.117
1143.81562 I 20.72 0.139
2499.90404 I 21.681 0.383
2499.91494 I 21.612 0.244
2499.94584 I 21.636 0.178
2517.78971 I 21.674 0.241
2517.79762 I 22.098 0.545
2517.80432 I 21.272 0.244
2517.86722 I 21.253 0.266
2531.75027 I 21.208 0.225
2531.75827 I 21.66 0.249
2531.78928 I 21.371 0.211
2531.92359 I 21.602 0.243
2531.93059 I 21.418 0.153
2557.79452 I 20.73 0.106
2557.80622 I 20.804 0.133
2557.84942 I 20.905 0.149
2589.80009 I 20.001 0.063
2589.81149 I 19.972 0.06
2646.62805 I 19.956 0.069
2646.63475 I 19.879 0.07
2646.64085 I 19.991 0.051
2662.60575 I 20.072 0.085
2662.61985 I 20.054 0.057
2901.76995 I 19.907 0.071
2901.77615 I 19.937 0.046
2901.78235 I 19.93 0.045
2908.81181 I 19.933 0.062
2908.81811 I 20.021 0.046
2908.82431 I 19.889 0.047
2932.80678 I 20.187 0.035
2932.81358 I 20.205 0.034
2932.82018 I 20.2 0.033
2958.81828 I 20.634 0.101
2958.82438 I 20.638 0.071
2958.83068 I 20.71 0.1
3000.64213 I 21.173 0.205
3000.64823 I 21.537 0.218
3000.65493 I 21.749 0.349
3566.88522 I 21.805 0.139
3566.91682 I 21.663 0.073
3567.94372 I 21.827 0.331
3567.94992 I 22.055 0.346
4400.70547 H 18.083 0.0470744091837593
4400.71635 K 17.611 0.0519711458407451
3667.81337 H 17.785 0.052
3679.82567 H 17.769 0.058
3720.69613 H 17.516 0.049
4081.74816 H 18.315 0.092
4125.74742 H 18.375 0.077
4386.89975 H 18.346 0.052
3667.81104 J 18.6 0.082
3679.83103 J 18.458 0.077
3720.69276 J 18.492 0.081
4117.70968 J 19.231 0.084
4397.85812 J 19.086 0.048
3632.06069 K 17.932 0.075
3661.93203 K 17.453 0.053
3663.88387 K 17.583 0.105
3667.8179 K 17.379 0.048
3679.8211 K 17.413 0.055
3720.7007 K 17.158 0.042
3727.74907 K 17.037 0.041
3938.0796 K 17.174 0.038
4081.7246 K 17.901 0.091
4125.71533 K 17.994 0.088
4386.87886 K 17.771 0.055
