1379.98063 I 19.464 0.086
1384.96179 I 19.449 0.079
1385.96268 I 19.468 0.082
1428.92641 I 19.614 0.072
1428.96581 I 19.594 0.09
1429.75577 I 19.582 0.077
1429.79377 I 19.531 0.064
1429.91558 I 19.608 0.082
1432.82687 I 19.627 0.065
1432.93828 I 19.678 0.071
1433.80233 I 19.616 0.073
1433.91564 I 19.607 0.064
1458.69732 I 19.479 0.066
1458.82193 I 19.414 0.061
1458.91693 I 19.913 0.141
1459.69555 I 19.377 0.062
1459.95566 I 19.746 0.127
1460.88228 I 19.776 0.122
1462.87683 I 19.574 0.069
1462.96434 I 19.354 0.059
1463.70285 I 19.475 0.071
1463.75855 I 19.454 0.06
1463.88336 I 19.469 0.069
1481.6788 I 19.689 0.075
1481.7996 I 20.7 0.332
1481.8647 I 19.428 0.067
1482.66479 I 19.681 0.091
1482.78809 I 20.766 0.272
1483.66088 I 19.76 0.095
1483.80498 I 19.773 0.072
1484.66747 I 19.843 0.096
1484.84187 I 19.827 0.091
1485.65706 I 19.503 0.083
1485.79286 I 19.848 0.123
1486.81044 I 19.69 0.081
2499.90404 I 20.313 0.135
2499.91494 I 20.756 0.113
2517.78971 I 20.9 0.149
2517.79761 I 20.892 0.199
2531.75027 I 21.158 0.162
2531.75827 I 21.564 0.34
2557.79451 I 21.337 0.247
2557.84942 I 21.331 0.277
2589.80609 I 20.812 0.153
2589.81149 I 20.916 0.167
2646.63475 I 20.079 0.073
2646.64085 I 20.193 0.076
2662.61355 I 20.062 0.066
2662.61985 I 19.947 0.066
2901.77615 I 20.95 0.166
2901.78235 I 20.982 0.175
2908.81811 I 20.556 0.102
2908.82431 I 20.764 0.105
2932.81358 I 20.301 0.039
2932.82018 I 20.413 0.057
2958.82438 I 20.111 0.063
2958.83068 I 20.035 0.063
3000.64823 I 19.64 0.046
3000.65493 I 19.517 0.051
3566.88522 I 20.403 0.039
3566.91682 I 20.433 0.031
3567.94372 I 20.495 0.126
4400.70547 H 17.198 0.0325729949498047
4401.70461 H 17.336 0.0895600357302296
4400.71635 K 16.736 0.039293765408777
4401.70091 K 16.788 0.0845931439302264
3667.81337 H 17.195 0.038
3679.82567 H 17.109 0.046
3720.69613 H 16.975 0.043
4116.73647 H 17.325 0.04
4377.88462 H 16.966 0.023
3667.81104 J 18.064 0.058
3679.83103 J 18.064 0.06
3720.69276 J 17.85 0.053
4118.70482 J 18.587 0.059
4377.8709 J 17.957 0.022
3632.07283 K 17.28 0.045
3661.95599 K 16.894 0.031
3663.88387 K 16.917 0.07
3667.8179 K 16.888 0.034
3678.90644 K 17.011 0.1
3679.8211 K 16.742 0.04
3720.7007 K 16.56 0.031
3727.74907 K 16.645 0.051
3938.05756 K 17.032 0.032
4074.81058 K 16.675 0.059
4115.76295 K 16.912 0.058
4362.84503 K 16.642 0.024
