1379.98063 I 20.511 0.128
1384.96179 I 20.433 0.112
1385.96268 I 20.396 0.127
1428.92641 I 21.199 0.255
1428.96581 I 21.083 0.23
1429.75577 I 20.225 0.106
1429.79377 I 20.365 0.115
1429.91558 I 21.166 0.197
1432.82687 I 20.968 0.2
1432.93828 I 20.813 0.153
1433.80233 I 21.092 0.205
1433.91564 I 20.944 0.177
2531.75027 I 22.731 0.684
2557.79451 I 21.473 0.226
2557.84942 I 21.368 0.176
2589.80609 I 20.913 0.144
2589.81149 I 20.977 0.141
2646.63475 I 20.25 0.091
2646.64085 I 20.224 0.071
2662.61355 I 20.313 0.098
2662.61985 I 20.1 0.096
2901.77615 I 19.826 0.059
2901.78235 I 19.86 0.064
2908.81811 I 19.918 0.054
2908.82431 I 19.899 0.056
2932.81358 I 19.938 0.029
2932.82018 I 19.906 0.031
2958.82438 I 20.798 0.116
2958.83068 I 20.634 0.09
3000.64823 I 22.654 0.674
3566.88522 I 21.792 0.151
3566.91682 I 21.702 0.111
3567.94371 I 21.54 0.183
4400.70547 H 17.816 0.0419761837236307
4401.70461 H 18.34 0.188859736312428
4400.69841 J 19.386 0.313636732542603
4400.71635 K 17.356 0.0456946386351835
3679.82567 H 18.087 0.07
4116.73647 H 18.442 0.065
4377.88462 H 18.231 0.05
3679.83103 J 18.648 0.087
4118.70482 J 19.233 0.086
4377.8709 J 19.079 0.052
3632.07283 K 18.669 0.142
3661.95599 K 17.897 0.068
3663.88387 K 17.768 0.121
3678.90644 K 17.513 0.129
3679.8211 K 17.587 0.064
3727.74907 K 17.854 0.154
3938.05756 K 17.408 0.04
4074.81058 K 18.018 0.085
4115.76295 K 18.048 0.086
4362.84503 K 18.158 0.085
