332.96479 I 21.264 0.11
333.97606 I 21.35 0.142
334.88823 I 21.276 0.146
348.77365 I 20.805 0.116
349.8386 I 20.844 0.098
349.8469 I 20.756 0.088
350.00761 I 20.929 0.134
356.98042 I 20.642 0.24
356.98522 I 20.598 0.272
356.99002 I 20.736 0.248
358.01125 I 21.034 0.205
358.96139 I 21.085 0.141
358.97309 I 20.527 0.089
359.84722 I 20.899 0.123
359.88552 I 20.809 0.126
359.89432 I 20.745 0.12
361.94319 I 20.62 0.098
362.76732 I 20.89 0.137
362.90582 I 20.643 0.087
363.77685 I 20.851 0.149
364.81118 I 20.743 0.088
364.93008 I 20.805 0.115
365.7693 I 20.558 0.081
365.94141 I 20.746 0.094
645.97221 I 22.811 0.689
646.9035 I 22.818 0.958
652.88895 I 22.515 0.777
660.90808 I 22.204 0.382
660.97509 I 21.712 0.253
665.90004 I 21.595 0.171
671.99349 I 21.323 0.169
673.97016 I 21.277 0.209
674.96035 I 22.043 0.356
679.87777 I 22.464 0.642
680.96396 I 21.485 0.351
685.93587 I 21.422 0.256
687.95403 I 21.393 0.148
690.89106 I 21.092 0.213
695.96784 I 20.911 0.109
731.0201 I 20.603 0.181
1044.93146 I 20.731 0.184
1044.93976 I 20.805 0.206
1047.95271 I 20.343 0.105
1047.96451 I 20.334 0.11
1051.94213 I 21.05 0.221
1051.98954 I 21.788 0.496
1055.87484 I 20.399 0.104
1056.98093 I 20.526 0.126
1057.81059 I 20.677 0.144
1057.9655 I 20.461 0.133
1072.9557 I 19.741 0.078
1074.86521 I 20.267 0.142
1074.97312 I 20.269 0.111
1075.01712 I 20.193 0.116
1075.81707 I 20.394 0.153
1075.86887 I 20.257 0.137
1075.97437 I 20.402 0.15
1101.73992 I 20.197 0.113
1101.88642 I 19.543 0.075
1103.89045 I 19.64 0.08
1104.86977 I 19.996 0.085
1105.78438 I 19.776 0.097
1105.95348 I 20.136 0.101
1106.71559 I 19.605 0.082
1139.71361 I 19.79 0.081
1139.86221 I 20.299 0.136
1140.67467 I 19.885 0.142
1140.73477 I 19.739 0.09
1140.84466 I 19.892 0.104
1141.69632 I 20.082 0.125
1141.77172 I 19.824 0.093
1142.66978 I 19.994 0.098
1142.79497 I 19.789 0.08
1143.68603 I 19.618 0.068
1143.81562 I 19.99 0.088
2499.90404 I 21.771 0.562
2499.91494 I 22.572 0.518
2499.94584 I 22.188 0.404
2517.78971 I 21.706 0.312
2517.79761 I 21.725 0.409
2517.80431 I 21.382 0.291
2531.75027 I 21.18 0.189
2531.75827 I 21.127 0.175
2531.78928 I 20.805 0.117
2557.79452 I 20.83 0.101
2557.84942 I 20.664 0.092
2589.80009 I 20.164 0.083
2589.80609 I 20.492 0.097
2589.81149 I 20.476 0.082
2646.63475 I 19.776 0.065
2646.64085 I 19.786 0.064
2662.60575 I 19.821 0.053
2662.61355 I 19.806 0.047
2662.61985 I 19.77 0.067
2901.76995 I 21.249 0.108
2901.77615 I 21.186 0.117
2901.78235 I 21.289 0.129
2908.81181 I 21.105 0.104
2908.81811 I 21.03 0.155
2908.82431 I 21.145 0.188
2932.80678 I 20.958 0.069
2932.81358 I 20.979 0.071
2932.82018 I 20.876 0.056
2958.81828 I 20.982 0.189
2958.82438 I 20.776 0.117
2958.83068 I 20.919 0.118
3000.64823 I 20.312 0.083
3000.65493 I 19.948 0.091
4400.70547 H 17.504 0.0431740662898458
4401.70461 H 17.421 0.0799061950038919
4400.69841 J 18.288 0.0953414914924242
4400.71635 K 17.139 0.0511957029446808
3667.81337 H 17.847 0.055
3679.82567 H 17.802 0.06
3720.69613 H 17.561 0.05
4081.74817 H 17.474 0.079
4125.74742 H 17.07 0.061
4386.89975 H 17.61 0.029
3667.81104 J 18.605 0.089
3679.83103 J 18.575 0.089
3720.69276 J 18.374 0.077
4117.70968 J 18.05 0.047
4397.85812 J 18.575 0.032
3632.06069 K 17.133 0.044
3661.93203 K 17.372 0.053
3663.88387 K 17.17 0.081
3667.8179 K 17.067 0.039
3679.8211 K 17.325 0.052
3720.7007 K 17.106 0.041
3727.74907 K 17.06 0.041
3938.0796 K 16.993 0.034
4081.7246 K 16.984 0.071
4125.71533 K 16.604 0.06
4386.87886 K 17.14 0.035
