2499.90404 I 19.882 0.09
2499.91494 I 19.86 0.05
2517.78971 I 19.89 0.062
2517.79761 I 19.761 0.071
2531.75027 I 20.036 0.066
2531.75827 I 20.031 0.068
2557.79451 I 20.414 0.081
2557.84941 I 20.496 0.113
2589.80609 I 20.689 0.119
2589.81149 I 20.859 0.137
2646.63475 I 20.292 0.091
2646.64085 I 20.165 0.071
2662.61355 I 20.071 0.085
2662.61985 I 19.943 0.072
2901.77615 I 20.218 0.07
2901.78235 I 20.171 0.065
2908.81811 I 20.242 0.064
2908.82431 I 20.312 0.07
2932.81358 I 20.451 0.046
2932.82018 I 20.554 0.048
2958.82438 I 20.261 0.063
2958.83068 I 20.121 0.064
3000.64824 I 19.866 0.057
3000.65494 I 19.664 0.048
3566.88522 I 19.974 0.029
3566.91682 I 19.931 0.024
3567.94371 I 20.095 0.077
4400.70547 H 17.897 0.0383275357934736
4401.70461 H 18.04 0.163517583152394
4400.69841 J 18.605 0.150615404258661
4400.71635 K 17.486 0.0511957029446808
3679.82567 H 18.492 0.091
4116.73647 H 18.383 0.062
4377.88462 H 18.13 0.046
3679.83103 J 19.246 0.132
4118.70482 J 19.098 0.078
4377.8709 J 18.871 0.044
3632.07283 K 18.078 0.084
3661.95599 K 18.236 0.092
3663.88387 K 18.313 0.183
3678.90644 K 18.035 0.074
3679.8211 K 18.268 0.108
3727.74907 K 18.018 0.28
3938.05756 K 17.814 0.057
4074.81058 K 17.811 0.076
4115.76295 K 18.02 0.082
4362.84503 K 18.219 0.088
