1044.93146 I 20.45 0.153
1044.93976 I 20.36 0.148
1047.95271 I 20.057 0.095
1047.96451 I 20.224 0.104
1051.94213 I 20.626 0.175
1051.98954 I 20.798 0.216
1055.87484 I 19.946 0.086
1056.98093 I 19.823 0.084
1057.81059 I 19.974 0.12
1057.9655 I 20.075 0.12
1072.9557 I 20.476 0.133
1074.86521 I 20.607 0.182
1074.97312 I 20.27 0.12
1075.01712 I 20.32 0.12
1075.81707 I 20.668 0.163
1075.86887 I 20.859 0.2
1075.97437 I 21.076 0.271
1101.73992 I 20.789 0.15
1101.88642 I 20.923 0.178
1103.89045 I 20.456 0.12
1104.86977 I 19.991 0.082
1105.78438 I 20.585 0.12
1105.95348 I 19.79 0.092
1106.71559 I 20.331 0.109
1139.71361 I 19.524 0.065
1139.86221 I 19.838 0.094
1140.67467 I 19.46 0.105
1140.73477 I 19.368 0.077
1140.84466 I 19.459 0.069
1141.69632 I 19.528 0.084
1141.77172 I 19.304 0.056
1142.66978 I 19.448 0.067
1142.79497 I 19.5 0.059
1143.68603 I 19.488 0.056
1143.81562 I 19.595 0.068
2499.91494 I 19.897 0.06
2499.94584 I 19.96 0.071
2517.79761 I 20.111 0.074
2517.80431 I 19.901 0.084
2531.75827 I 20.023 0.076
2531.78928 I 19.962 0.05
2557.79452 I 20.398 0.083
2557.84942 I 20.465 0.108
2589.80009 I 21.509 0.271
2589.80609 I 21.439 0.207
2589.81149 I 21.382 0.211
2901.76995 I 20.264 0.054
2901.77615 I 20.099 0.052
2901.78235 I 20.092 0.046
2908.81181 I 20.308 0.053
2908.81811 I 20.344 0.059
2908.82431 I 20.296 0.065
2932.80678 I 20.833 0.063
2932.81358 I 20.742 0.059
2932.82018 I 20.634 0.045
2958.81828 I 21.551 0.216
2958.82438 I 21.588 0.213
2958.83068 I 21.838 0.284
3000.64824 I 22.439 0.556
3566.88522 I 20.315 0.044
3566.91682 I 20.337 0.029
3567.94371 I 20.377 0.062
4400.70547 H 17.542 0.0347850542618522
4400.69841 J 18.87 0.13514806694881
4400.71635 K 17.065 0.0452216762183801
4401.70091 K 17.27 0.144346804606129
3667.81337 H 17.692 0.051
3679.82567 H 17.878 0.063
3720.69613 H 17.858 0.057
4081.74817 H 17.967 0.086
4125.74742 H 17.975 0.069
4386.89975 H 17.954 0.038
3667.81104 J 18.575 0.1
3679.83103 J 18.471 0.091
3720.69276 J 18.568 0.101
4117.70968 J 18.513 0.056
4397.85812 J 18.783 0.038
3632.06069 K 16.773 0.037
3661.93203 K 17.059 0.044
3663.88387 K 17.041 0.076
3667.8179 K 17.026 0.039
3679.8211 K 17.276 0.052
3720.7007 K 17.201 0.045
3727.74907 K 17.316 0.048
3938.0796 K 16.656 0.028
4081.7246 K 17.306 0.077
4125.71533 K 17.352 0.069
4386.87886 K 17.222 0.037
