2499.94584 I 22.293 0.385
2499.98365 I 21.701 0.244
2499.99435 I 22.343 0.521
2517.81262 I 22.022 0.475
2531.92359 I 21.179 0.112
2531.93059 I 21.039 0.109
2557.72171 I 20.405 0.075
2557.72871 I 20.446 0.09
2557.73561 I 20.539 0.073
2557.79452 I 20.669 0.091
2589.71799 I 20.786 0.099
2589.72359 I 20.519 0.108
2589.72959 I 20.472 0.094
2589.80009 I 20.389 0.083
2589.80609 I 20.558 0.108
2589.81149 I 20.652 0.093
2646.62805 I 20.233 0.077
2646.63475 I 20.101 0.061
2646.64084 I 19.984 0.053
2646.67074 I 20.005 0.059
2646.67724 I 20.146 0.078
2662.60575 I 20.369 0.105
2662.61355 I 20.128 0.074
2662.61985 I 20.401 0.1
2901.76995 I 20.896 0.124
2901.77615 I 20.71 0.082
2901.78235 I 20.811 0.079
2901.93586 I 20.716 0.078
2901.94496 I 20.693 0.071
2908.81181 I 20.751 0.074
2908.81811 I 20.676 0.093
2908.82431 I 20.931 0.102
2908.93832 I 20.752 0.072
2908.94452 I 20.737 0.07
2908.95092 I 20.807 0.103
2932.80678 I 20.527 0.048
2932.81358 I 20.53 0.04
2932.82018 I 20.658 0.043
2932.87879 I 20.563 0.043
2932.93069 I 20.496 0.067
2958.81828 I 20.553 0.086
2958.82438 I 20.485 0.07
2958.83068 I 20.66 0.089
2958.88088 I 20.308 0.07
3000.64823 I 19.986 0.067
3000.65493 I 20.195 0.075
3000.73912 I 19.923 0.088
3000.74712 I 20.256 0.131
3566.88522 I 21.684 0.12
3566.91682 I 21.769 0.084
3567.94372 I 21.469 0.152
4400.70547 H 17.3 0.039560080889705
4400.71635 K 16.953 0.0402616442783948
4401.70091 K 16.781 0.0806225774829855
3667.81337 H 17.462 0.043
3679.82567 H 17.296 0.049
3720.69613 H 17.071 0.044
4081.74816 H 17.162 0.076
4125.74742 H 17.24 0.061
4386.89975 H 17.494 0.026
3667.81104 J 18.297 0.062
3679.83103 J 18.106 0.061
3720.69276 J 17.892 0.048
4117.70967 J 18.139 0.049
4397.85812 J 18.296 0.026
3632.06069 K 16.926 0.039
3661.93203 K 16.972 0.037
3663.88387 K 17.028 0.075
3667.8179 K 16.932 0.035
3679.8211 K 16.881 0.041
3720.7007 K 16.667 0.032
3727.74907 K 16.684 0.036
3938.07961 K 16.916 0.032
4081.72459 K 16.63 0.068
4125.71532 K 16.737 0.061
4386.87886 K 16.975 0.032
