1044.93146 I 20.095 0.064
1044.93976 I 20.115 0.066
1047.95271 I 20.113 0.073
1047.96451 I 20.122 0.059
1051.94213 I 20.257 0.082
1051.98954 I 20.292 0.09
1055.87484 I 20.184 0.086
1056.98093 I 20.053 0.084
1057.81059 I 20.033 0.069
1057.9655 I 20.05 0.086
1072.9557 I 19.998 0.073
1074.86521 I 19.907 0.055
1074.97312 I 19.842 0.053
1075.01712 I 19.767 0.063
1075.81707 I 20.028 0.079
1075.86887 I 20.113 0.08
1075.97437 I 20.085 0.078
1101.73992 I 19.547 0.048
1101.88642 I 19.548 0.057
1103.89045 I 19.547 0.045
1104.86977 I 19.492 0.052
1105.78438 I 19.689 0.054
1105.95348 I 19.403 0.043
1106.71559 I 19.5 0.055
1139.71361 I 19.58 0.066
1139.86221 I 19.789 0.07
1140.67467 I 19.257 0.065
1140.73477 I 19.4 0.05
1140.84466 I 19.421 0.049
1141.69632 I 19.552 0.064
1141.77172 I 19.433 0.054
1142.66978 I 19.526 0.055
1142.79497 I 19.511 0.058
1143.68603 I 19.398 0.048
1143.81562 I 19.719 0.057
2499.90404 I 20.678 0.184
2499.91494 I 21.389 0.303
2517.78971 I 21.448 0.303
2517.79761 I 20.822 0.244
2531.75027 I 20.748 0.155
2531.75827 I 21.08 0.244
2557.79452 I 20.863 0.188
2557.84942 I 21.111 0.283
2589.80609 I 20.563 0.169
2589.81149 I 20.54 0.157
2646.63475 I 19.673 0.062
2646.64085 I 19.851 0.088
2662.61355 I 19.695 0.07
2662.61985 I 19.746 0.072
2901.77615 I 20.404 0.159
2901.78235 I 20.293 0.128
2908.81811 I 19.91 0.071
2908.82431 I 20.035 0.07
2932.81358 I 19.663 0.034
2932.82018 I 19.695 0.048
2958.82438 I 19.568 0.049
2958.83068 I 19.534 0.058
3000.64823 I 19.852 0.072
3000.65493 I 19.761 0.06
3566.88522 I 19.526 0.026
3566.91682 I 19.569 0.025
3567.94371 I 19.753 0.112
4400.70547 H 17.651 0.0517880295048962
4400.69841 J 18.312 0.113159179919262
4400.71635 K 17.115 0.0424499705535823
4401.70091 K 17.138 0.10149384217774
3667.81337 H 17.721 0.051
3679.82567 H 17.781 0.06
3720.69613 H 18.126 0.065
4116.73647 H 17.742 0.046
4377.88462 H 17.736 0.035
3667.81104 J 18.337 0.085
3679.83103 J 18.433 0.085
3720.69276 J 18.605 0.11
4118.70482 J 18.576 0.058
4377.8709 J 18.536 0.034
3632.07283 K 16.819 0.034
3661.95599 K 16.985 0.033
3663.88387 K 17.081 0.077
3667.8179 K 17.115 0.04
3678.90644 K 17.445 0.16
3679.8211 K 17.114 0.048
3720.7007 K 17.624 0.06
3727.74907 K 17.619 0.175
3938.05756 K 16.912 0.028
4074.81058 K 17.448 0.069
4115.76295 K 17.385 0.064
4362.84503 K 17.431 0.045
