332.9739 I 19.681 0.051
333.92016 I 19.661 0.047
335.00013 I 19.746 0.056
348.76535 I 19.469 0.052
349.8552 I 19.504 0.039
349.8635 I 19.465 0.048
350.89285 I 19.437 0.053
352.95285 I 19.409 0.065
353.82239 I 19.401 0.058
356.99492 I 19.26 0.073
356.99972 I 19.396 0.089
357.00452 I 19.383 0.103
358.02206 I 19.363 0.062
358.94199 I 19.467 0.039
358.95089 I 19.481 0.049
359.82772 I 19.365 0.045
359.83662 I 19.351 0.043
361.93389 I 19.36 0.035
362.00569 I 19.318 0.045
362.75782 I 19.131 0.037
363.00982 I 19.277 0.048
363.76735 I 19.277 0.034
363.89025 I 19.221 0.039
364.80108 I 19.266 0.039
364.92048 I 19.306 0.04
365.7592 I 19.255 0.035
365.93141 I 19.341 0.041
645.95211 I 19.208 0.034
646.8952 I 19.183 0.042
651.89055 I 19.294 0.056
652.88064 I 19.218 0.045
653.97074 I 19.174 0.043
660.89968 I 19.198 0.043
660.96679 I 19.255 0.043
665.87634 I 19.192 0.037
672.00249 I 19.186 0.054
673.96086 I 19.266 0.039
674.95185 I 19.2 0.034
679.90217 I 19.285 0.048
680.95566 I 19.195 0.052
685.92737 I 19.246 0.067
685.96658 I 19.246 0.047
687.96233 I 19.236 0.04
688.95951 I 19.113 0.036
690.93406 I 19.262 0.04
695.90543 I 19.252 0.049
730.9622 I 19.254 0.042
2499.90404 I 19.621 0.084
2499.94584 I 19.806 0.086
2517.78971 I 20.002 0.091
2517.80432 I 19.717 0.076
2531.75027 I 20.185 0.086
2531.78928 I 20.013 0.087
2557.79452 I 20.175 0.144
2557.80622 I 20.228 0.118
2589.80009 I 20.303 0.152
2589.80609 I 20.324 0.137
2646.62805 I 20.124 0.081
2646.63475 I 20.038 0.1
2662.60575 I 19.821 0.07
2662.61355 I 19.741 0.093
2901.76995 I 20 0.097
2901.77615 I 19.914 0.095
2908.81181 I 20.029 0.102
2908.81811 I 19.943 0.057
2932.80679 I 19.516 0.036
2932.81359 I 19.615 0.041
2958.81828 I 19.322 0.053
2958.82438 I 19.385 0.056
3000.64214 I 19.26 0.045
3000.65493 I 19.318 0.041
3567.94371 I 19.69 0.114
3567.94992 I 19.658 0.11
3667.81337 H 17.179 0.039
3720.69613 H 17.148 0.045
4081.74817 H 17.671 0.081
4125.74742 H 17.46 0.063
4386.89975 H 17.404 0.025
3667.81104 J 18.437 0.084
3720.69276 J 17.933 0.057
4117.70968 J 18.364 0.052
4397.85812 J 18.172 0.024
3632.06069 K 16.56 0.034
3661.93203 K 16.57 0.037
3663.88387 K 16.61 0.06
3667.8179 K 16.582 0.03
3720.7007 K 16.744 0.034
3727.74907 K 16.687 0.036
3938.0796 K 16.33 0.024
4081.7246 K 17.042 0.072
4125.71533 K 17.048 0.064
4386.87886 K 16.941 0.031
