332.97389 I 19.74 0.073
333.92016 I 19.789 0.085
335.00013 I 19.937 0.109
348.76535 I 19.967 0.076
349.8552 I 20 0.096
349.8635 I 19.977 0.082
350.89285 I 19.814 0.113
352.95285 I 19.819 0.107
353.82238 I 20.371 0.177
356.99492 I 19.952 0.161
357.00452 I 20.088 0.19
358.02206 I 19.607 0.1
359.82772 I 19.993 0.085
359.83662 I 19.959 0.086
361.93389 I 20.135 0.097
362.00569 I 20.268 0.124
362.75782 I 20.103 0.1
363.00982 I 20.036 0.1
363.76735 I 20.116 0.093
363.89025 I 19.617 0.072
364.80108 I 20.049 0.093
364.92048 I 20.111 0.096
365.7592 I 20.118 0.093
365.93141 I 20.44 0.144
645.95211 I 20.334 0.119
646.89519 I 20.747 0.242
651.89055 I 20.368 0.167
652.88064 I 20.331 0.135
653.97074 I 20.376 0.146
660.89968 I 20.575 0.163
660.96679 I 20.512 0.169
665.87634 I 20.278 0.126
672.00249 I 20.182 0.153
673.96086 I 20.305 0.125
674.95185 I 20.007 0.128
679.90217 I 20.052 0.108
680.95566 I 19.881 0.099
685.92737 I 19.929 0.131
685.96657 I 20.251 0.127
687.96233 I 19.933 0.095
688.95951 I 20.195 0.133
690.93406 I 20.098 0.107
695.90543 I 20.062 0.12
730.9622 I 19.517 0.074
2499.90404 I 19.399 0.059
2499.94584 I 19.476 0.042
2517.78971 I 19.569 0.059
2517.80431 I 19.513 0.053
2531.75027 I 19.482 0.043
2531.78928 I 19.411 0.045
2557.79452 I 19.497 0.077
2557.80622 I 19.459 0.059
2589.8001 I 19.783 0.061
2589.80609 I 19.856 0.075
2646.62805 I 20.855 0.165
2646.63475 I 20.756 0.185
2662.60575 I 20.425 0.107
2662.61355 I 20.41 0.107
2901.76995 I 20.332 0.094
2901.77615 I 20.304 0.097
2908.81181 I 20.389 0.098
2908.81811 I 20.359 0.076
2932.80679 I 20.008 0.034
2932.81359 I 20.09 0.04
2958.81828 I 19.503 0.056
2958.82438 I 19.535 0.042
3000.64214 I 19.581 0.062
3000.65494 I 19.543 0.054
3567.94371 I 20.305 0.104
3567.94991 I 20.515 0.138
2537.05091 H 17.885 0.0336005952328229
2537.05812 K 17.384 0.0519711458407451
4400.70547 H 17.594 0.0347850542618522
4400.69841 J 18.535 0.0933916484488843
4400.71635 K 17.304 0.0463249392876019
3667.81337 H 17.499 0.051
3720.69614 H 17.609 0.055
4081.74817 H 18.036 0.09
4125.74743 H 17.792 0.066
4386.89975 H 17.53 0.027
3667.81104 J 18.269 0.08
3720.69277 J 18.304 0.086
4117.70968 J 18.334 0.052
4397.85812 J 18.423 0.028
3632.06069 K 17.568 0.061
3661.93203 K 17.239 0.049
3663.88387 K 17.217 0.075
3667.8179 K 17.113 0.045
3720.7007 K 17.203 0.048
3727.74908 K 17.382 0.051
3938.0796 K 17.144 0.039
4081.7246 K 17.745 0.094
4125.71533 K 17.249 0.067
4386.87886 K 17.221 0.037
