332.9739 I 20.185 0.062
333.92016 I 20.393 0.083
335.00013 I 20.213 0.072
348.76535 I 19.787 0.05
349.8552 I 19.699 0.049
349.8635 I 19.646 0.046
350.89285 I 19.613 0.074
352.95285 I 19.601 0.065
353.82239 I 19.565 0.078
356.99492 I 19.599 0.101
356.99972 I 19.467 0.085
357.00452 I 19.596 0.089
358.02206 I 19.674 0.066
358.94199 I 19.551 0.047
358.95089 I 19.621 0.041
359.82772 I 19.488 0.044
359.83662 I 19.428 0.043
361.93389 I 19.518 0.039
362.00569 I 19.473 0.045
362.75782 I 19.503 0.05
363.00983 I 19.57 0.05
363.76735 I 19.447 0.041
363.89025 I 19.423 0.048
364.80108 I 19.407 0.033
364.92048 I 19.482 0.033
365.7592 I 19.372 0.035
365.93141 I 19.443 0.04
645.95211 I 20.075 0.072
646.89519 I 20.078 0.073
651.89055 I 20.277 0.142
652.88064 I 20.015 0.081
653.97074 I 19.96 0.073
660.89968 I 20.001 0.064
660.96679 I 19.962 0.058
665.87634 I 19.829 0.049
672.00249 I 19.79 0.092
673.96086 I 19.782 0.052
674.95185 I 20.059 0.14
679.90217 I 19.922 0.073
680.95566 I 19.912 0.07
685.92737 I 19.766 0.092
685.96657 I 19.846 0.063
687.96233 I 19.825 0.052
688.95951 I 19.887 0.062
690.93406 I 19.905 0.054
695.90543 I 19.93 0.058
730.9622 I 20.538 0.13
2499.90404 I 21.166 0.281
2499.94584 I 21.21 0.164
2517.78971 I 21.812 0.397
2517.80431 I 21.368 0.258
2531.75027 I 22.19 0.712
2531.78928 I 21.854 0.236
2557.79452 I 21.863 0.343
2557.80622 I 21.855 0.306
2589.8001 I 21.417 0.222
2589.8061 I 21.66 0.303
2646.62805 I 20.395 0.078
2646.63475 I 20.509 0.109
2662.60575 I 19.901 0.066
2662.61355 I 20.049 0.079
2901.76995 I 21.426 0.223
2901.77615 I 21.181 0.175
2908.81181 I 21.552 0.206
2908.81811 I 21.291 0.179
2932.80679 I 20.61 0.058
2932.81359 I 20.585 0.056
2958.81829 I 20.247 0.079
2958.82439 I 20.379 0.083
3000.64214 I 19.724 0.055
3000.65494 I 19.836 0.064
3567.94371 I 19.852 0.068
3567.94991 I 19.854 0.073
4400.70547 H 17.588 0.0313209195267316
4400.69841 J 18.644 0.122983738762488
4400.71635 K 17.139 0.0436806593356831
3643.99905 H 17.611 0.034
3720.69614 H 18.435 0.074
4081.74817 H 18.138 0.087
4125.74742 H 17.619 0.064
4386.89975 H 17.715 0.031
3643.9967 J 18.331 0.073
3667.81104 J 18.507 0.074
4117.70968 J 18.601 0.058
4397.85812 J 18.47 0.029
3632.06069 K 16.978 0.04
3644.00357 K 17.41 0.057
3661.93203 K 17.105 0.044
3663.88387 K 17.248 0.08
3667.8179 K 17.304 0.045
3720.70071 K 17.529 0.054
3727.74908 K 17.593 0.054
3938.0796 K 16.903 0.032
4081.7246 K 17.81 0.088
4125.71533 K 17.221 0.066
4386.87886 K 17.257 0.038
