332.97389 I 20.595 0.103
333.92016 I 20.766 0.151
335.00013 I 20.676 0.165
348.76535 I 20.737 0.143
349.8552 I 20.753 0.144
349.8635 I 20.461 0.095
350.89285 I 20.475 0.136
352.95285 I 20.246 0.146
353.82239 I 20.135 0.11
356.99492 I 20.434 0.209
356.99972 I 20.489 0.247
357.00452 I 20.387 0.203
358.02206 I 20.51 0.152
358.94199 I 20.207 0.094
358.95089 I 20.391 0.118
359.82772 I 20.388 0.1
359.83662 I 20.299 0.103
361.93389 I 20.246 0.07
362.00569 I 20.276 0.087
362.75782 I 20.185 0.088
363.00982 I 20.27 0.102
363.76735 I 20.282 0.092
363.89025 I 19.953 0.074
364.80108 I 20.303 0.086
364.92048 I 20.333 0.086
365.7592 I 20.267 0.073
365.93141 I 20.25 0.103
645.95211 I 20.037 0.067
646.89519 I 19.963 0.082
651.89055 I 19.703 0.085
652.88064 I 19.965 0.081
653.97074 I 20.001 0.082
660.89968 I 19.924 0.08
660.96679 I 19.889 0.083
665.87634 I 19.937 0.066
672.00249 I 19.73 0.068
673.96086 I 19.88 0.062
674.95185 I 19.937 0.07
679.90217 I 19.912 0.09
680.95566 I 19.813 0.081
685.92737 I 19.542 0.086
685.96657 I 19.886 0.082
687.96233 I 19.762 0.065
688.95951 I 19.608 0.044
690.93406 I 19.813 0.067
695.90543 I 19.732 0.067
730.9622 I 19.659 0.055
2499.90404 I 21.203 0.289
2499.94584 I 21.018 0.196
2517.78971 I 20.9 0.173
2517.80431 I 20.955 0.209
2531.75027 I 20.602 0.13
2531.78928 I 20.311 0.09
2557.79452 I 20.033 0.153
2557.80622 I 19.977 0.11
2589.8001 I 19.695 0.089
2589.8061 I 19.865 0.08
2646.62805 I 20.101 0.088
2646.63475 I 20.027 0.077
2662.60575 I 20.225 0.094
2662.61355 I 20.323 0.128
2901.76995 I 20.018 0.109
2901.77615 I 19.948 0.127
2908.81181 I 20.081 0.104
2908.81811 I 20.168 0.087
2932.80679 I 20.467 0.064
2932.81359 I 20.427 0.066
2958.81828 I 20.517 0.096
2958.82438 I 20.732 0.141
3000.64214 I 21.384 0.244
3000.65494 I 20.976 0.179
3567.94371 I 21.008 0.222
3567.94991 I 20.538 0.195
2537.05091 H 18.265 0.0580086200490927
2537.05812 K 17.587 0.0550363516232681
4400.70547 H 17.66 0.0511957029446808
4400.69841 J 18.613 0.0996895180046528
4400.71635 K 17.396 0.0580517010948
3667.81337 H 17.903 0.06
3720.69613 H 17.616 0.052
4081.74817 H 18.227 0.093
4125.74742 H 18.142 0.072
4386.89975 H 18.075 0.042
3667.81104 J 18.614 0.109
3720.69277 J 18.274 0.081
4117.70968 J 18.995 0.072
4397.85812 J 18.776 0.038
3632.06069 K 17.441 0.053
3661.93203 K 17.459 0.054
3663.88387 K 17.514 0.091
3667.8179 K 17.45 0.053
3720.7007 K 17.39 0.051
3727.74908 K 17.088 0.043
3938.0796 K 17.263 0.042
4081.7246 K 17.771 0.094
4125.71533 K 17.721 0.078
4386.87886 K 17.576 0.048
