2499.90404 I 20.286 0.13
2499.94584 I 20.369 0.108
2517.78971 I 20.222 0.091
2517.80431 I 20.185 0.097
2531.75027 I 20.404 0.092
2531.78928 I 20.423 0.103
2557.80622 I 20.668 0.117
2589.80009 I 20.897 0.151
2589.80609 I 20.877 0.165
2646.62805 I 21.725 0.264
2662.60575 I 21.808 0.373
2662.61355 I 21.495 0.273
2901.76995 I 20.808 0.126
2901.77615 I 20.731 0.097
2908.81181 I 21.022 0.144
2908.81811 I 20.874 0.123
2932.80678 I 21.046 0.113
2932.81358 I 20.982 0.084
2958.81828 I 20.977 0.145
2958.82438 I 20.9 0.148
3000.64214 I 20.767 0.165
3567.94992 I 21.142 0.156
4400.70547 H 17.262 0.0278567765543682
4400.69841 J 18.283 0.0887693640846886
4400.71635 K 16.919 0.0366878726556883
4401.70091 K 16.909 0.0975141015443408
3632.07283 K 17.86 0.071
3661.95599 K 17.85 0.067
3678.90644 K 17.922 0.187
3727.74907 K 17.393 0.101
3938.05756 K 17.461 0.042
4074.81058 K 16.843 0.06
4115.76295 K 16.83 0.057
4362.84503 K 17.144 0.035
