332.9739 I 20.854 0.114
333.92016 I 20.797 0.118
335.00013 I 20.874 0.111
348.76535 I 20.715 0.122
349.8552 I 21.007 0.116
349.8635 I 20.927 0.14
350.89285 I 20.59 0.148
352.95285 I 20.438 0.151
353.82239 I 20.539 0.157
356.99492 I 20.785 0.296
356.99972 I 21.168 0.418
357.00452 I 20.674 0.287
358.02206 I 20.508 0.151
358.94199 I 20.972 0.157
358.95089 I 20.883 0.152
359.82772 I 20.772 0.134
359.83662 I 20.833 0.119
361.93389 I 20.511 0.104
362.00569 I 20.53 0.105
362.75782 I 20.407 0.102
363.00983 I 20.485 0.129
363.76735 I 20.627 0.126
363.89025 I 20.549 0.135
364.80108 I 20.899 0.135
364.92048 I 20.778 0.118
365.7592 I 20.807 0.115
365.93141 I 20.797 0.111
645.95211 I 19.651 0.047
646.8952 I 19.63 0.051
651.89055 I 19.66 0.076
652.88065 I 19.722 0.066
653.97075 I 19.586 0.055
660.89968 I 19.737 0.047
660.96679 I 19.703 0.04
665.87634 I 19.702 0.043
672.00249 I 19.649 0.069
673.96086 I 19.748 0.054
674.95185 I 19.786 0.053
679.90218 I 20.018 0.07
680.95566 I 19.873 0.072
685.92737 I 19.853 0.108
685.96658 I 19.891 0.053
687.96234 I 19.992 0.067
688.95951 I 19.81 0.064
690.93407 I 20.103 0.063
695.90543 I 20.146 0.061
730.9622 I 20.339 0.104
2499.90404 I 20.016 0.086
2499.94584 I 19.856 0.048
2517.78971 I 20.088 0.079
2517.80432 I 20.239 0.089
2531.75028 I 20.59 0.114
2531.78928 I 20.658 0.07
2557.79452 I 20.898 0.133
2557.80622 I 20.839 0.105
2589.80009 I 21.261 0.166
2589.80609 I 21.335 0.205
2646.62805 I 19.856 0.043
2646.63475 I 20.001 0.068
2662.60575 I 19.723 0.055
2662.61355 I 19.756 0.061
2901.76995 I 19.777 0.047
2901.77615 I 19.707 0.043
2908.81181 I 19.879 0.049
2908.81811 I 19.915 0.048
2932.80679 I 20.175 0.037
2932.81359 I 20.095 0.032
2958.81828 I 20.678 0.094
2958.82438 I 20.713 0.087
3000.64214 I 20.958 0.168
3000.65493 I 21.124 0.177
3567.94372 I 20.534 0.074
3567.94992 I 20.415 0.073
4400.70547 H 18.21 0.0551089829338194
4400.71635 K 17.741 0.0717007670809734
3667.81337 H 18.302 0.073
3720.69613 H 17.835 0.055
4081.74817 H 18.313 0.092
4125.74742 H 17.742 0.065
4386.89975 H 18.274 0.049
3667.81104 J 19.015 0.121
3720.69276 J 18.497 0.084
4117.70968 J 18.498 0.055
4397.85812 J 19.36 0.06
3632.06069 K 18.648 0.135
3661.93203 K 18.403 0.104
3663.88387 K 18.497 0.194
3667.8179 K 18.019 0.081
3720.7007 K 17.681 0.061
3727.74907 K 17.557 0.053
3938.0796 K 17.471 0.047
4081.7246 K 18.047 0.099
4125.71533 K 17.566 0.073
4386.87886 K 17.992 0.066
