332.9739 I 20.081 0.062
333.92016 I 20.096 0.074
335.00013 I 20.198 0.07
348.76535 I 19.87 0.06
349.8552 I 19.915 0.054
349.8635 I 19.904 0.056
350.89285 I 20.012 0.08
352.95285 I 19.97 0.096
353.82239 I 19.861 0.084
356.99492 I 19.935 0.128
356.99972 I 20.118 0.142
357.00452 I 19.914 0.112
358.02206 I 19.678 0.074
358.94199 I 19.826 0.055
358.95089 I 19.648 0.05
359.82772 I 19.657 0.045
359.83662 I 19.712 0.052
361.93389 I 19.729 0.044
362.00569 I 19.569 0.052
362.75782 I 19.702 0.054
363.00983 I 19.742 0.061
363.76735 I 19.804 0.054
363.89025 I 19.548 0.053
364.80108 I 19.724 0.048
364.92048 I 19.659 0.046
365.7592 I 19.608 0.041
365.93141 I 19.727 0.065
645.95211 I 19.794 0.047
646.89519 I 19.774 0.057
651.89055 I 20.015 0.099
652.88064 I 19.897 0.079
653.97074 I 19.912 0.07
660.89968 I 19.972 0.058
660.96679 I 19.891 0.057
665.87634 I 19.861 0.051
672.00249 I 19.997 0.092
673.96086 I 19.889 0.054
674.95185 I 19.877 0.062
679.90217 I 20.14 0.086
680.95566 I 20.045 0.084
685.92737 I 19.893 0.114
685.96658 I 20.108 0.088
687.96233 I 20.007 0.063
688.95951 I 19.998 0.066
690.93406 I 20.201 0.064
695.90543 I 20.056 0.069
730.9622 I 19.837 0.068
2499.90404 I 19.519 0.068
2499.94584 I 19.754 0.072
2517.78971 I 19.737 0.076
2517.80432 I 19.862 0.077
2531.75027 I 20.013 0.093
2531.78928 I 19.957 0.082
2557.79452 I 20.396 0.104
2557.80622 I 20.208 0.111
2589.8001 I 20.299 0.116
2589.8061 I 20.272 0.117
2646.62805 I 19.685 0.057
2646.63475 I 19.69 0.062
2662.60575 I 19.384 0.056
2662.61355 I 19.506 0.062
2901.76995 I 20.116 0.099
2901.77615 I 20.027 0.087
2908.81181 I 20.182 0.126
2908.81811 I 20.038 0.082
2932.80679 I 20.342 0.052
2932.81359 I 20.336 0.056
2958.81828 I 20.051 0.099
2958.82438 I 20.157 0.092
3000.64214 I 19.683 0.069
3000.65494 I 19.71 0.074
3567.94371 I 19.931 0.091
3567.94991 I 19.874 0.093
4400.70547 H 18.316 0.0509901951359279
4400.71635 K 17.755 0.0667532770731146
3643.99905 H 18.002 0.048
3667.81337 H 18.031 0.06
4081.74817 H 18.344 0.087
4125.74742 H 18.191 0.073
4386.89975 H 18.004 0.039
3667.81104 J 18.891 0.103
4117.70968 J 18.899 0.068
4397.85812 J 18.785 0.037
3632.06069 K 17.853 0.071
3644.00357 K 18.342 0.123
3661.93203 K 17.809 0.066
3663.88387 K 17.667 0.105
3667.8179 K 17.559 0.055
3720.7007 K 17.969 0.076
3727.74908 K 17.903 0.067
3938.0796 K 17.673 0.055
4081.7246 K 18.057 0.099
4386.87886 K 17.663 0.051
