335.00013 I 19.673 0.053
349.8552 I 19.622 0.173
349.8635 I 19.577 0.044
350.89285 I 19.666 0.058
353.82239 I 19.402 0.14
356.99492 I 19.996 0.16
356.99972 I 19.974 0.142
357.00452 I 20.033 0.139
359.83662 I 19.488 0.102
361.93389 I 19.809 0.053
362.75782 I 19.619 0.054
363.76735 I 19.637 0.052
364.80108 I 19.539 0.046
364.92048 I 19.684 0.049
365.93141 I 19.76 0.06
645.95211 I 20.565 0.104
646.89519 I 20.648 0.139
651.89055 I 20.614 0.203
652.88064 I 20.507 0.111
653.97074 I 20.434 0.13
660.89968 I 20.327 0.08
660.96679 I 20.382 0.103
665.87634 I 19.844 0.062
672.00249 I 20.144 0.1
673.96086 I 20.198 0.078
674.95185 I 20.197 0.072
679.90217 I 19.917 0.097
680.95566 I 20.087 0.091
685.92737 I 20.332 0.158
685.96657 I 20.072 0.087
687.96233 I 19.92 0.065
688.95951 I 19.918 0.067
690.93406 I 19.674 0.051
695.90543 I 19.692 0.056
730.9622 I 19.667 0.053
2499.90404 I 19.87 0.09
2499.94584 I 20.157 0.177
2517.78971 I 20.328 0.113
2517.80431 I 20.209 0.114
2531.75027 I 20.303 0.137
2531.78928 I 20.412 0.178
2557.79452 I 20.693 0.288
2557.80622 I 20.513 0.212
2589.8001 I 20.329 0.201
2589.8061 I 20.204 0.169
2646.62805 I 19.68 0.138
2646.63475 I 19.447 0.075
2662.60575 I 19.6 0.087
2662.61355 I 19.49 0.078
2901.76995 I 20.039 0.232
2901.77615 I 19.933 0.244
2908.81181 I 20.153 0.227
2908.81811 I 19.817 0.108
2932.80679 I 20.255 0.073
2932.81359 I 20.296 0.092
2958.81828 I 20.243 0.104
2958.82438 I 20.362 0.104
3000.64214 I 20.174 0.088
3000.65494 I 19.828 0.069
3567.94371 I 20.369 0.202
3567.94991 I 20.285 0.226
4400.70547 H 17.184 0.054744862772684
4401.70461 H 17.212 0.0806225774829855
4400.69841 J 18.336 0.078587530817554
3643.99905 H 17.497 0.031
3667.81337 H 17.323 0.041
3720.69614 H 17.118 0.044
4081.74817 H 17.324 0.077
4125.74742 H 17.059 0.061
4386.89975 H 17.093 0.02
3643.9967 J 18.454 0.082
3667.81104 J 18.231 0.06
3720.69277 J 17.992 0.053
4117.70968 J 18.014 0.047
4397.85812 J 18.053 0.022
3632.06069 K 17.002 0.041
3644.00357 K 17.325 0.053
3661.93203 K 16.917 0.041
3663.88387 K 16.924 0.068
3667.8179 K 16.773 0.032
3720.7007 K 16.763 0.034
3727.74908 K 16.699 0.036
3938.0796 K 16.846 0.032
4081.7246 K 17.044 0.071
4125.71533 K 16.751 0.061
4386.87886 K 16.73 0.028
