332.9739 I 20.362 0.085
333.92016 I 20.315 0.093
335.00013 I 20.28 0.103
348.76535 I 20.701 0.147
349.8552 I 20.38 0.096
349.8635 I 20.42 0.103
350.89285 I 20.739 0.19
352.95285 I 20.564 0.175
353.82239 I 20.79 0.195
356.99492 I 20.815 0.295
356.99972 I 21.078 0.37
357.00452 I 20.862 0.348
358.02206 I 20.556 0.142
358.94199 I 20.692 0.157
358.95089 I 20.79 0.162
359.82772 I 20.363 0.096
359.83662 I 20.517 0.111
361.93389 I 20.718 0.119
362.00569 I 20.527 0.116
362.75782 I 20.506 0.118
363.00982 I 20.625 0.145
363.76735 I 20.681 0.128
363.89025 I 20.254 0.101
364.80108 I 20.341 0.1
364.92048 I 20.541 0.103
365.7592 I 20.495 0.103
365.93141 I 20.355 0.094
645.95211 I 19.883 0.06
646.8952 I 19.892 0.079
651.89055 I 20.126 0.113
652.88064 I 20.033 0.084
653.97075 I 20.039 0.09
660.89968 I 20.207 0.083
660.96679 I 20.072 0.079
665.87634 I 20.212 0.087
672.00249 I 20.472 0.157
673.96086 I 20.464 0.101
674.95185 I 20.424 0.125
679.90217 I 20.676 0.133
680.95566 I 20.655 0.18
685.92737 I 20.655 0.211
685.96658 I 20.713 0.138
687.96233 I 20.973 0.187
688.95951 I 20.928 0.153
690.93407 I 20.767 0.131
695.90543 I 21.16 0.198
730.9622 I 20.38 0.114
2499.90404 I 20.193 0.107
2499.94584 I 19.859 0.071
2517.78971 I 19.704 0.064
2517.80432 I 19.737 0.08
2531.75027 I 19.707 0.067
2531.78928 I 19.663 0.064
2557.79452 I 19.694 0.077
2557.80622 I 19.754 0.057
2589.80009 I 20.232 0.107
2589.80609 I 20.344 0.124
2646.62805 I 19.883 0.063
2646.63475 I 20.162 0.106
2662.60575 I 20.077 0.088
2662.61355 I 20.044 0.096
2901.76995 I 19.726 0.044
2901.77615 I 19.694 0.048
2908.81181 I 19.929 0.074
2908.81811 I 19.905 0.06
2932.80679 I 20.149 0.044
2932.81359 I 20.167 0.041
2958.81828 I 20.591 0.131
2958.82438 I 20.705 0.136
3000.64214 I 20.038 0.084
3000.65493 I 20.13 0.105
3567.94372 I 19.579 0.068
3567.94992 I 19.381 0.042
4400.70547 H 18.059 0.0403112887414927
4400.71635 K 17.838 0.0707106781186548
4401.70091 K 18.215 0.329151940598867
3667.81337 H 18.703 0.104
3720.69613 H 18.526 0.082
4081.74817 H 17.939 0.084
4125.74742 H 18.212 0.073
4386.89975 H 18.577 0.064
3667.81104 J 19.462 0.184
3720.69276 J 19.188 0.155
4117.70968 J 18.965 0.07
4397.85812 J 19.27 0.056
3632.06069 K 18.016 0.081
3661.93203 K 18.369 0.102
3663.88387 K 18.362 0.175
3667.8179 K 18.393 0.115
3720.7007 K 18.17 0.093
3727.74907 K 17.976 0.071
3938.0796 K 17.508 0.049
4081.7246 K 17.883 0.093
4125.71533 K 18.036 0.09
4386.87886 K 18.492 0.1
