332.9739 I 20.054 0.052
333.92016 I 19.987 0.055
335.00013 I 20.027 0.069
348.76535 I 19.847 0.057
349.8552 I 19.844 0.059
349.8635 I 19.877 0.055
350.89285 I 19.851 0.079
352.95285 I 19.916 0.094
353.82239 I 19.886 0.087
356.99492 I 19.967 0.151
356.99972 I 19.907 0.131
357.00452 I 19.918 0.111
358.02206 I 19.684 0.078
358.94199 I 19.985 0.073
358.95089 I 19.89 0.064
359.82772 I 19.823 0.048
359.83662 I 19.803 0.059
361.93389 I 19.806 0.063
362.00569 I 19.755 0.07
362.75782 I 19.698 0.061
363.00982 I 19.81 0.066
363.76735 I 19.705 0.051
363.89025 I 19.685 0.054
364.80108 I 19.782 0.054
364.92048 I 19.714 0.051
365.7592 I 19.766 0.052
365.93141 I 19.857 0.052
645.95211 I 19.248 0.032
646.8952 I 19.24 0.041
651.89055 I 19.361 0.065
652.88064 I 19.293 0.042
653.97074 I 19.357 0.046
660.89968 I 19.443 0.044
660.96679 I 19.481 0.038
665.87634 I 19.538 0.043
672.00249 I 19.631 0.065
673.96086 I 19.618 0.05
674.95185 I 19.719 0.064
679.90217 I 19.825 0.076
680.95566 I 19.809 0.075
685.92737 I 19.617 0.088
685.96657 I 19.869 0.071
687.96233 I 19.84 0.053
688.95951 I 19.84 0.069
690.93406 I 19.993 0.06
695.90543 I 20.015 0.071
730.9622 I 19.89 0.071
2499.90404 I 19.903 0.091
2499.94584 I 19.875 0.051
2517.78971 I 19.761 0.066
2517.80431 I 19.773 0.073
2531.75027 I 19.579 0.051
2531.78928 I 19.465 0.041
2557.79452 I 19.244 0.04
2557.80622 I 19.267 0.043
2589.8001 I 19.062 0.03
2589.8061 I 19.176 0.036
2646.62805 I 19.399 0.047
2646.63475 I 19.357 0.04
2662.60575 I 19.533 0.045
2662.61355 I 19.531 0.063
2901.76995 I 19.845 0.062
2901.77615 I 19.769 0.047
2908.81181 I 19.858 0.066
2908.81811 I 19.789 0.053
2932.80679 I 19.641 0.026
2932.81359 I 19.636 0.026
2958.81828 I 19.513 0.04
2958.82438 I 19.432 0.034
3000.64214 I 19.105 0.032
3000.65494 I 19.126 0.036
3567.94371 I 19.258 0.042
3567.94991 I 19.252 0.049
2537.05091 H 18.309 0.0382099463490856
2537.05812 K 17.85 0.0729177618965366
4400.70547 H 17.404 0.0333016516106934
4401.70461 H 18.05 0.162237480256567
4400.69841 J 18.466 0.0894986033410578
4400.71635 K 17.209 0.0443846820423443
4401.70091 K 17.625 0.16729913329124
3667.81337 H 18.157 0.069
3720.69613 H 18.37 0.075
4081.74817 H 18.362 0.095
4125.74742 H 18.706 0.09
4386.89975 H 17.689 0.03
3667.81104 J 18.886 0.121
3720.69276 J 19.067 0.146
4117.70968 J 19.301 0.088
4397.85812 J 18.304 0.026
3632.06069 K 17.39 0.051
3661.93203 K 17.632 0.06
3663.88387 K 17.654 0.104
3667.8179 K 17.716 0.064
3720.7007 K 18.004 0.081
3727.74908 K 18.04 0.075
3938.0796 K 17.821 0.063
4081.7246 K 17.914 0.093
4125.71533 K 18.399 0.111
4386.87886 K 17.511 0.045
