332.97389 I 19.772 0.064
333.92016 I 19.85 0.081
335.00013 I 19.786 0.098
348.76535 I 19.532 0.048
349.8552 I 19.59 0.081
349.8635 I 19.546 0.051
350.89285 I 19.446 0.061
350.90135 I 19.311 0.104
352.95285 I 19.483 0.072
353.81408 I 19.231 0.101
353.82238 I 19.47 0.077
356.99492 I 19.354 0.088
356.99972 I 19.33 0.08
357.00452 I 19.355 0.098
357.99615 I 19.182 0.092
358.02206 I 19.464 0.06
358.92219 I 19.227 0.137
359.82772 I 19.416 0.054
359.83662 I 19.388 0.049
361.93389 I 19.439 0.044
361.99639 I 19.213 0.082
362.00569 I 19.481 0.052
362.74812 I 19.07 0.07
362.75782 I 19.337 0.046
363.00022 I 19.002 0.074
363.00982 I 19.398 0.052
363.75645 I 19.129 0.077
363.76735 I 19.423 0.049
363.89025 I 19.568 0.065
364.80108 I 19.357 0.048
364.92048 I 19.394 0.042
365.7592 I 19.382 0.043
365.93141 I 19.442 0.071
645.93201 I 19.106 0.137
645.95211 I 19.649 0.049
646.89519 I 19.49 0.055
651.86825 I 19.149 0.111
651.89055 I 19.67 0.085
652.87234 I 19.376 0.128
652.88064 I 19.627 0.064
653.96244 I 19.518 0.092
653.97074 I 19.587 0.061
660.89968 I 19.693 0.065
660.95839 I 19.621 0.117
660.96679 I 19.776 0.058
665.87634 I 19.695 0.049
672.00249 I 19.765 0.083
673.96086 I 19.786 0.064
674.95185 I 19.817 0.056
679.90217 I 20.114 0.105
680.95566 I 20.096 0.087
685.92737 I 19.937 0.109
685.96657 I 20.031 0.102
687.96233 I 20.13 0.076
688.95951 I 20.063 0.078
690.93406 I 20.192 0.081
695.87953 I 19.933 0.146
695.90543 I 20.274 0.092
730.9622 I 20.202 0.097
2499.90404 I 19.901 0.087
2499.94584 I 20.095 0.071
2517.78971 I 19.942 0.088
2517.80431 I 19.831 0.069
2531.75027 I 20.029 0.092
2531.78928 I 19.965 0.06
2557.79452 I 19.491 0.062
2557.80622 I 19.529 0.044
2589.8001 I 19.429 0.041
2589.8061 I 19.462 0.052
2646.62805 I 20.158 0.104
2646.63475 I 19.967 0.084
2662.60575 I 20.207 0.101
2662.61355 I 20.388 0.102
2901.76995 I 20.186 0.086
2901.77615 I 20.063 0.081
2908.81181 I 20.218 0.1
2908.81811 I 20.255 0.081
2932.80679 I 20.485 0.055
2932.81359 I 20.56 0.064
2958.81828 I 20.586 0.102
2958.82438 I 20.422 0.097
3000.64214 I 19.847 0.075
3000.65494 I 20.138 0.106
3567.94371 I 19.5 0.055
3567.94991 I 19.701 0.173
2537.05091 H 18.426 0.0452769256906871
2537.05812 K 17.803 0.0537587202228624
4400.70547 H 18.034 0.0519711458407451
4400.69841 J 19.031 0.163768128767474
4400.71635 K 17.564 0.0731641988953614
4081.74817 H 17.465 0.079
4125.74742 H 17.676 0.065
4386.89975 H 18.071 0.042
4117.70968 J 18.635 0.059
4397.85812 J 19.342 0.065
3632.06069 K 17.344 0.051
3661.93203 K 17.533 0.057
3663.88387 K 17.593 0.093
3667.8179 K 17.962 0.089
3938.0796 K 17.94 0.073
4081.7246 K 17.2 0.076
4125.71533 K 17.268 0.067
4386.87886 K 17.594 0.048
