333.92016 I 20.196 0.146
335.00013 I 20.227 0.055
349.8635 I 20.491 0.089
350.89285 I 20.457 0.111
357.00452 I 22.198 0.992
361.93389 I 20.891 0.129
362.75782 I 21.226 0.208
363.76735 I 20.956 0.138
364.80108 I 20.94 0.106
364.92048 I 20.888 0.117
365.93141 I 21.007 0.141
645.95211 I 20.979 0.143
646.89519 I 20.933 0.186
651.89055 I 21.258 0.33
652.88064 I 21.095 0.218
653.97074 I 21.14 0.231
660.89968 I 21.204 0.164
660.96679 I 21.149 0.141
665.87634 I 20.941 0.126
672.00249 I 21.75 0.465
673.96086 I 21.659 0.316
674.95185 I 22.173 0.406
679.90217 I 21.767 0.381
680.95566 I 22.388 0.673
685.96657 I 21.475 0.231
687.96233 I 21.725 0.25
690.93406 I 21.428 0.199
695.90543 I 22.434 0.47
730.9622 I 21.234 0.199
2499.90404 I 19.572 0.067
2499.94584 I 19.601 0.071
2517.78971 I 19.775 0.061
2517.80431 I 19.783 0.074
2531.75027 I 19.898 0.066
2531.78928 I 19.994 0.069
2557.79452 I 20.364 0.124
2557.80622 I 20.567 0.102
2589.8001 I 21 0.11
2589.8061 I 21.068 0.181
2646.62805 I 21.464 0.23
2646.63475 I 21.656 0.302
2662.60575 I 21.715 0.314
2662.61355 I 21.688 0.315
2901.76995 I 21.028 0.136
2901.77615 I 21.149 0.17
2908.81181 I 21.482 0.201
2908.81811 I 21.56 0.235
2932.80679 I 21.271 0.101
2932.81359 I 21.288 0.113
2958.81829 I 21.431 0.257
2958.82439 I 21.451 0.207
3000.64214 I 22.331 0.675
3000.65494 I 21.212 0.205
3567.94371 I 21.826 0.288
3567.94991 I 21.873 0.413
4400.70547 H 17.279 0.0278567765543682
4400.69841 J 18.424 0.085615419172016
4400.71635 K 16.888 0.0295465734053883
4401.70091 K 16.803 0.10846197490365
3643.99905 H 18.215 0.057
3667.81337 H 18.271 0.071
3720.69614 H 18.119 0.062
4081.74817 H 17.355 0.077
4125.74743 H 17.248 0.062
4386.89975 H 17.473 0.026
3643.9967 J 18.756 0.107
3667.81104 J 18.877 0.102
3720.69277 J 18.881 0.111
4117.70968 J 18.236 0.05
4397.85812 J 18.293 0.026
3632.06069 K 17.602 0.059
3644.00357 K 17.955 0.09
3661.93203 K 17.578 0.057
3663.88387 K 17.537 0.097
3667.8179 K 17.537 0.053
3720.70071 K 17.917 0.073
3727.74908 K 17.367 0.048
3938.0796 K 17.466 0.047
4081.7246 K 17.029 0.071
4125.71533 K 16.817 0.062
4386.87886 K 17.069 0.034
