332.97389 I 19.82 0.044
333.92016 I 19.879 0.058
335.00013 I 19.906 0.064
348.76535 I 19.981 0.065
349.8552 I 19.98 0.073
349.8635 I 20.036 0.054
350.89285 I 19.966 0.076
352.95285 I 19.949 0.092
353.82239 I 20.138 0.099
356.99492 I 20.173 0.153
356.99972 I 20.098 0.168
357.00452 I 20.337 0.185
358.02206 I 20.041 0.112
358.94199 I 20.19 0.092
358.95089 I 20.113 0.069
359.82772 I 20.199 0.068
359.83662 I 20.019 0.066
361.93389 I 20.123 0.061
362.00569 I 20.219 0.085
362.75782 I 20.043 0.071
363.00982 I 20.046 0.08
363.76735 I 20.379 0.094
363.89025 I 20.18 0.085
364.80108 I 20.197 0.091
364.92048 I 20.299 0.079
365.7592 I 20.192 0.064
365.93141 I 20.269 0.082
645.95211 I 19.573 0.035
646.89519 I 19.6 0.047
651.89055 I 19.514 0.063
652.88064 I 19.62 0.068
653.97074 I 19.663 0.06
660.89968 I 19.746 0.044
660.96679 I 19.658 0.052
665.87633 I 19.833 0.046
672.00249 I 19.897 0.092
673.96086 I 19.941 0.059
674.95185 I 19.968 0.06
679.90217 I 20.088 0.09
680.95566 I 19.896 0.074
685.92737 I 19.816 0.1
685.96657 I 20.063 0.09
687.96233 I 20.069 0.064
688.95951 I 20.068 0.067
690.93406 I 20.157 0.064
695.90543 I 20.207 0.084
730.9622 I 20.323 0.088
2499.90404 I 19.953 0.095
2499.94584 I 20.277 0.097
2517.78971 I 20.301 0.136
2517.80431 I 20.155 0.12
2531.75027 I 19.985 0.074
2531.78928 I 20.255 0.11
2557.79452 I 20.127 0.076
2557.80622 I 19.979 0.089
2589.8001 I 19.82 0.074
2589.8061 I 19.676 0.068
2646.62805 I 19.892 0.061
2646.63475 I 19.716 0.074
2662.60575 I 19.966 0.094
2662.61355 I 20.162 0.149
2901.76995 I 19.881 0.067
2901.77615 I 19.913 0.07
2908.81181 I 19.774 0.092
2908.81811 I 19.666 0.071
2932.80679 I 19.407 0.028
2932.81359 I 19.414 0.029
2958.81829 I 19.46 0.044
2958.82439 I 19.59 0.059
3000.64214 I 19.744 0.078
3000.65494 I 19.929 0.078
3567.94371 I 19.808 0.061
3567.94991 I 19.747 0.077
4400.70547 H 17.451 0.0416293165929973
4401.70461 H 17.149 0.0810246875958186
4400.69841 J 18.27 0.0730821455623739
4400.71635 K 17.1 0.0460977222864644
4401.70091 K 16.733 0.0885663593019381
3643.99905 H 16.869 0.02
3667.81337 H 16.891 0.035
3720.69614 H 17.293 0.046
4039.77535 H 17.052 0.032
4397.89571 H 17.144 0.028
3643.9967 J 17.781 0.045
3667.81104 J 17.789 0.042
3720.69277 J 18 0.053
4397.87305 J 18.012 0.026
3632.1243 K 16.814 0.047
3644.00357 K 16.523 0.031
3661.97993 K 16.664 0.05
3663.88387 K 16.5 0.058
3667.8179 K 16.498 0.027
3720.70071 K 16.951 0.036
3938.1013 K 16.732 0.059
4038.85679 K 16.663 0.027
4397.83375 K 16.673 0.031
