332.97389 I 20.06 0.058
333.92016 I 20.132 0.05
335.00013 I 20.151 0.071
348.76535 I 19.767 0.055
349.8552 I 19.904 0.06
349.8635 I 19.795 0.05
350.89285 I 19.809 0.072
352.95285 I 19.7 0.075
353.82239 I 19.833 0.081
356.99492 I 19.8 0.126
356.99972 I 19.775 0.121
357.00452 I 19.815 0.108
358.02206 I 19.713 0.08
358.94199 I 19.855 0.045
358.95089 I 19.806 0.052
359.82772 I 19.708 0.049
359.83662 I 19.735 0.044
361.93389 I 19.742 0.048
362.00569 I 19.629 0.056
362.75782 I 19.695 0.053
363.00983 I 19.838 0.068
363.76735 I 19.6 0.051
363.89025 I 19.608 0.061
364.80108 I 19.71 0.048
364.92048 I 19.675 0.042
365.7592 I 19.63 0.042
365.93141 I 19.764 0.049
645.95211 I 19.452 0.037
646.89519 I 19.391 0.041
651.89055 I 19.595 0.082
652.88064 I 19.622 0.058
653.97074 I 19.493 0.047
660.89968 I 19.723 0.047
660.96679 I 19.682 0.045
665.87634 I 19.731 0.04
672.00249 I 19.813 0.072
673.96086 I 19.766 0.046
674.95185 I 19.868 0.047
679.90217 I 19.984 0.071
680.95566 I 19.978 0.081
685.92737 I 20.085 0.121
685.96657 I 20.045 0.083
687.96233 I 20.135 0.064
688.95951 I 19.877 0.059
690.93406 I 20.084 0.07
695.90543 I 20.221 0.071
730.9622 I 20.065 0.07
2499.90404 I 20.076 0.106
2499.94584 I 20.141 0.092
2517.78971 I 20.427 0.118
2517.80431 I 20.454 0.132
2531.75027 I 20.692 0.131
2531.78928 I 20.454 0.117
2557.79452 I 20.576 0.146
2557.80622 I 20.462 0.137
2589.8001 I 20.051 0.109
2589.8061 I 19.972 0.083
2646.62805 I 19.619 0.078
2646.63475 I 19.619 0.057
2662.60575 I 19.551 0.066
2662.61355 I 19.549 0.052
2901.76995 I 20.183 0.106
2901.77615 I 20.108 0.119
2908.81181 I 20.356 0.128
2908.81811 I 20.181 0.078
2932.80679 I 20.419 0.054
2932.81359 I 20.513 0.069
2958.81829 I 20.275 0.118
2958.82439 I 20.455 0.109
3000.64214 I 19.807 0.063
3000.65494 I 19.761 0.061
3567.94371 I 20.787 0.17
3567.94991 I 20.693 0.221
4400.70547 H 18.076 0.0657647321898295
4400.71635 K 17.685 0.0598414572015087
3643.99905 H 18.126 0.053
3667.81337 H 17.808 0.051
3720.69614 H 17.877 0.054
4039.77535 H 18.128 0.074
4397.89571 H 18.076 0.047
3643.9967 J 18.877 0.111
3667.81104 J 18.48 0.073
3720.69277 J 18.809 0.104
4397.87305 J 18.761 0.043
3632.1243 K 18.473 0.136
3644.00357 K 17.944 0.087
3663.88387 K 17.399 0.087
3667.8179 K 17.372 0.046
3720.70071 K 17.742 0.061
3938.1013 K 17.4 0.078
4038.85679 K 17.738 0.063
4397.83375 K 17.513 0.045
