332.97389 I 19.724 0.042
333.92016 I 19.648 0.052
335.00013 I 19.685 0.054
348.76535 I 19.692 0.047
349.8552 I 19.78 0.056
349.8635 I 19.756 0.045
350.89285 I 19.957 0.071
352.95285 I 19.856 0.088
353.82238 I 19.893 0.094
356.99492 I 20.049 0.14
356.99972 I 19.887 0.116
357.00452 I 20.041 0.15
358.02205 I 19.937 0.08
358.94199 I 20.003 0.064
358.95089 I 20.067 0.067
359.82772 I 19.927 0.059
359.83662 I 19.961 0.064
361.93389 I 19.956 0.056
362.00569 I 20.013 0.07
362.75782 I 20.055 0.075
363.00982 I 19.97 0.063
363.76735 I 20.001 0.066
363.89025 I 19.731 0.067
364.80108 I 20.045 0.059
364.92048 I 20.088 0.061
365.7592 I 20.01 0.056
365.93141 I 20.206 0.068
645.9521 I 19.898 0.056
646.89519 I 19.766 0.056
651.89055 I 19.937 0.104
652.88064 I 19.919 0.075
653.97074 I 19.897 0.065
660.89968 I 19.978 0.071
660.96678 I 20.047 0.065
665.87633 I 19.848 0.046
672.00248 I 20.028 0.106
673.96086 I 19.965 0.057
674.95184 I 20.016 0.138
679.90217 I 20.087 0.08
680.95566 I 20.252 0.101
685.92737 I 20.258 0.147
685.96657 I 20.188 0.089
687.96233 I 20.182 0.066
688.95951 I 20.265 0.086
690.93406 I 20.412 0.088
695.90543 I 20.367 0.097
730.9622 I 20.487 0.132
2499.90403 I 20.195 0.119
2499.94584 I 20.351 0.095
2517.78971 I 20.963 0.166
2517.80431 I 20.797 0.196
2531.75027 I 21.033 0.192
2531.78927 I 20.943 0.154
2557.79452 I 21.06 0.231
2557.80622 I 21.316 0.267
2589.8001 I 21.55 0.253
2589.8061 I 21.311 0.187
2646.62805 I 20.413 0.12
2646.63475 I 20.256 0.094
2662.60576 I 20.472 0.135
2662.61356 I 20.429 0.122
2901.76995 I 21.316 0.203
2901.77615 I 21.247 0.183
2908.81181 I 21.264 0.157
2908.81811 I 21.359 0.218
2932.80679 I 20.448 0.057
2932.81359 I 20.656 0.066
2958.81829 I 20.138 0.094
2958.82439 I 20.107 0.065
3000.64214 I 20.101 0.088
3000.65494 I 19.957 0.075
3567.94371 I 20.32 0.091
3567.94991 I 20.177 0.105
4400.70547 H 17.41 0.0379473319220206
4401.70461 H 17.747 0.11363538181394
4400.69841 J 18.457 0.0817435012707432
4400.71635 K 17.226 0.0443846820423443
4401.70091 K 17.091 0.11054863183233
3643.99905 H 17.271 0.028
3667.81337 H 17.152 0.039
3720.69614 H 17.224 0.046
4039.77535 H 17.323 0.039
4397.89571 H 17.58 0.034
3643.9967 J 18.168 0.067
3667.81104 J 18.008 0.059
3720.69277 J 18.058 0.064
4397.87305 J 18.377 0.033
3632.1243 K 17.082 0.051
3644.00357 K 17.065 0.046
3661.97993 K 16.943 0.053
3663.88387 K 16.792 0.064
3667.8179 K 16.84 0.033
3720.70071 K 16.957 0.037
3938.1013 K 16.984 0.064
4038.85679 K 16.806 0.03
4397.83375 K 17.027 0.035
