332.97389 I 18.955 0.029
333.92016 I 19.162 0.03
335.00013 I 19.131 0.033
348.76534 I 19.123 0.033
348.78195 I 19.264 0.07
349.8552 I 19.203 0.035
349.8635 I 19.076 0.034
350.89285 I 19.122 0.041
352.95284 I 19.128 0.05
353.82238 I 19.233 0.052
356.99491 I 19.214 0.067
356.99971 I 19.13 0.066
357.00451 I 19.083 0.071
358.02205 I 19.044 0.046
358.92219 I 19.37 0.04
358.93129 I 19.35 0.043
358.94199 I 19.293 0.039
358.95089 I 19.267 0.039
359.82772 I 19.194 0.033
359.83662 I 19.218 0.037
361.93389 I 19.186 0.028
362.00569 I 19.118 0.032
362.75782 I 19.303 0.04
363.00982 I 19.16 0.044
363.76735 I 19.212 0.035
363.89025 I 19.243 0.044
364.80107 I 19.189 0.029
364.92048 I 19.202 0.029
365.7592 I 19.202 0.033
365.9314 I 19.277 0.039
645.9521 I 19.103 0.028
646.89519 I 19.111 0.038
651.89055 I 19.135 0.05
652.87234 I 19.388 0.058
652.88064 I 19.156 0.039
653.97074 I 19.176 0.038
660.89968 I 19.263 0.034
660.96678 I 19.265 0.038
665.87633 I 19.325 0.037
665.88823 I 19.409 0.034
672.00248 I 19.349 0.065
673.96086 I 19.339 0.035
674.95184 I 19.37 0.034
679.90217 I 19.499 0.048
680.91175 I 19.968 0.133
680.95566 I 19.52 0.061
685.92737 I 19.601 0.081
685.96657 I 19.605 0.055
687.96233 I 19.525 0.037
688.95951 I 19.526 0.051
690.93406 I 19.579 0.038
695.90543 I 19.839 0.049
730.9622 I 19.696 0.057
2499.90403 I 20.112 0.117
2499.94584 I 20.161 0.11
2517.78971 I 20.19 0.111
2517.80431 I 20.05 0.109
2531.75027 I 20.051 0.109
2531.78927 I 20.083 0.098
2557.79452 I 19.866 0.085
2557.80622 I 19.926 0.096
2589.8001 I 19.592 0.067
2589.8061 I 19.652 0.075
2646.62805 I 19.37 0.048
2646.63475 I 19.258 0.048
2662.60576 I 19.485 0.057
2662.61356 I 19.38 0.053
2901.76995 I 19.118 0.057
2901.77615 I 19.121 0.054
2908.81181 I 19.086 0.078
2908.81811 I 19.076 0.037
2932.80679 I 19.14 0.019
2932.81359 I 19.177 0.029
2958.81829 I 19.304 0.045
2958.82439 I 19.262 0.038
3000.64214 I 19.647 0.059
3000.65494 I 19.709 0.057
3567.94371 I 19.642 0.078
3567.94991 I 19.683 0.065
4400.70547 H 17.108 0.0228254244210267
4401.70461 H 17.428 0.0857088093488645
4400.69841 J 18.025 0.0551543289325507
4400.71635 K 16.845 0.0306757233003559
4401.70091 K 16.75 0.0697208720542134
3643.99905 H 18.156 0.059
3667.81337 H 18.68 0.098
3720.69614 H 17.979 0.058
4039.77535 H 17.725 0.055
4397.89571 H 17.168 0.028
3643.9967 J 18.557 0.097
3667.81104 J 18.611 0.099
3720.69277 J 18.649 0.097
4397.87305 J 17.897 0.024
3632.1243 K 17.48 0.064
3644.00357 K 17.525 0.065
3661.97993 K 17.765 0.077
3663.88387 K 17.519 0.093
3667.8179 K 17.282 0.046
3720.70071 K 17.625 0.056
3938.1013 K 17.318 0.076
4038.85679 K 17.347 0.045
4397.83375 K 16.754 0.032
