2499.90404 I 21.478 0.329
2499.94584 I 21.203 0.182
2517.78971 I 21.822 0.451
2517.80431 I 22.075 0.511
2531.75027 I 21.993 0.411
2531.78928 I 21.672 0.256
2557.79452 I 20.91 0.099
2557.80622 I 20.887 0.11
2589.8001 I 20.164 0.062
2589.8061 I 20.139 0.068
2646.62805 I 19.984 0.057
2646.63475 I 20.048 0.081
2662.60575 I 20.367 0.112
2662.61355 I 20.242 0.082
2901.76995 I 21.535 0.159
2901.77615 I 21.499 0.2
2908.81181 I 21.946 0.255
2908.81811 I 21.81 0.279
2932.80679 I 21.786 0.13
2932.81359 I 21.691 0.133
2958.81829 I 21.095 0.136
2958.82439 I 21.358 0.158
3000.64214 I 20.551 0.11
3000.65494 I 20.631 0.12
3567.94371 I 21.109 0.135
3567.94991 I 21.146 0.127
4400.70547 H 18.597 0.0746726188103779
4400.71635 K 17.641 0.0529528091794949
4401.70091 K 17.136 0.1174265728019
3643.99905 H 17.817 0.041
3667.81337 H 17.867 0.053
3720.69614 H 18.044 0.058
4039.77535 H 17.906 0.062
4397.89571 H 18.442 0.062
3643.9967 J 18.754 0.101
3667.81104 J 18.527 0.077
4397.87305 J 19.406 0.076
3632.1243 K 17.718 0.073
3644.00357 K 17.444 0.058
3661.97993 K 17.586 0.07
3663.88387 K 17.316 0.083
3667.8179 K 17.227 0.041
3720.70071 K 17.645 0.057
3938.1013 K 17.88 0.105
4038.85679 K 17.451 0.049
4397.83375 K 17.847 0.056
