2499.90404 I 20.263 0.107
2499.94584 I 20.535 0.106
2517.78971 I 20.069 0.101
2517.80431 I 20.145 0.102
2531.75027 I 19.903 0.057
2531.78928 I 19.975 0.067
2557.79452 I 19.671 0.071
2557.80622 I 19.659 0.049
2589.8001 I 19.516 0.061
2589.8061 I 19.532 0.045
2646.62805 I 20.034 0.069
2646.63475 I 20.026 0.068
2662.60575 I 20.227 0.086
2662.61355 I 20.331 0.098
2901.76995 I 20.156 0.069
2901.77615 I 20.138 0.085
2908.81181 I 20.416 0.095
2908.81811 I 20.311 0.073
2932.80679 I 20.606 0.054
2932.81359 I 20.711 0.068
2958.81829 I 20.899 0.126
2958.82439 I 20.96 0.146
3000.64214 I 20.529 0.108
3000.65494 I 21.096 0.209
3567.94371 I 20.062 0.078
3567.94991 I 20.106 0.075
4400.70547 H 17.815 0.0357351367704113
4400.69841 J 18.751 0.0961041102138717
4400.71635 K 17.595 0.0559016994374947
3643.99905 H 17.566 0.033
3667.81337 H 17.428 0.042
3720.69614 H 17.886 0.055
4039.77535 H 17.996 0.067
4397.89571 H 18.039 0.046
3643.9967 J 18.379 0.076
3667.81104 J 18.257 0.062
3720.69277 J 18.806 0.103
4397.87305 J 18.644 0.04
3632.1243 K 17.537 0.065
3644.00357 K 17.256 0.05
3661.97993 K 17.3 0.061
3663.88387 K 16.971 0.069
3667.8179 K 17.11 0.038
3720.70071 K 17.648 0.057
3938.1013 K 17.102 0.068
4038.85679 K 17.497 0.051
4397.83375 K 17.524 0.045
