332.97389 I 20.092 0.069
333.92016 I 20.055 0.077
335.00013 I 20.009 0.078
348.76534 I 20.305 0.096
349.8552 I 20.171 0.089
349.8635 I 20.208 0.082
350.89285 I 20.183 0.117
352.95284 I 20.723 0.217
353.81408 I 20.811 0.253
353.82238 I 20.665 0.189
356.99491 I 20.525 0.231
356.99971 I 20.398 0.236
357.00451 I 20.051 0.137
358.02205 I 20.601 0.199
358.93129 I 20.171 0.069
358.94199 I 20.231 0.084
358.95089 I 20.343 0.103
359.82772 I 20.358 0.1
359.83662 I 20.333 0.094
361.93389 I 20.654 0.128
363.76735 I 20.829 0.182
363.89025 I 21.042 0.193
364.80107 I 20.391 0.103
364.92048 I 20.331 0.094
365.7592 I 20.402 0.101
365.9314 I 20.274 0.099
730.9622 I 21.136 0.197
2499.90403 I 21.05 0.264
2499.94584 I 20.813 0.127
2517.78971 I 20.609 0.137
2517.80431 I 20.63 0.181
2531.75027 I 20.297 0.111
2531.78927 I 20.168 0.062
2557.79452 I 19.559 0.052
2557.80622 I 19.719 0.053
2589.8001 I 19.713 0.055
2589.8061 I 19.902 0.043
2646.62805 I 21.184 0.213
2646.63475 I 21.494 0.361
2662.60576 I 21.859 0.436
2662.61356 I 21.724 0.398
2901.76995 I 22.174 0.337
2901.77615 I 21.656 0.258
2908.81181 I 22.414 0.486
2908.81811 I 22.544 0.678
2932.80679 I 21.706 0.177
2932.81359 I 21.677 0.133
2958.81829 I 21.761 0.321
2958.82439 I 21.274 0.197
3000.64214 I 20.874 0.192
3000.65494 I 20.959 0.198
3567.94371 I 21.041 0.159
3567.94991 I 21.456 0.232
4400.70547 H 17.731 0.0332415402771893
4400.69841 J 18.794 0.136780846612382
4400.71635 K 17.581 0.0453541618817943
3643.99905 H 19.468 0.176
3720.69614 H 19.193 0.128
4039.77535 H 18.77 0.131
4397.89571 H 18.003 0.044
4397.87305 J 18.646 0.04
3632.1243 K 18.407 0.128
3644.00357 K 18.926 0.207
3661.97993 K 18.763 0.16
3663.88387 K 18.392 0.179
3667.8179 K 17.809 0.07
3720.70071 K 18.214 0.089
3938.1013 K 17.99 0.121
4038.85679 K 18.245 0.097
4397.83375 K 17.593 0.047
