332.97389 I 19.754 0.036
333.92016 I 19.807 0.05
335.00013 I 19.759 0.06
348.76535 I 19.67 0.048
349.8552 I 19.611 0.041
349.8635 I 19.576 0.036
350.89285 I 19.646 0.058
352.95285 I 19.541 0.062
353.82238 I 19.685 0.072
356.99492 I 19.523 0.084
356.99972 I 19.878 0.131
357.00452 I 19.593 0.09
358.02206 I 19.472 0.052
358.94199 I 19.701 0.058
358.95089 I 19.703 0.061
359.82772 I 19.51 0.039
359.83662 I 19.513 0.037
361.93389 I 19.521 0.042
362.00569 I 19.615 0.048
362.75782 I 19.685 0.045
363.00982 I 19.674 0.055
363.76735 I 19.614 0.043
363.89025 I 19.589 0.048
364.80108 I 19.504 0.041
364.92048 I 19.498 0.033
365.7592 I 19.435 0.031
365.93141 I 19.571 0.053
645.95211 I 19.738 0.045
646.89519 I 19.623 0.053
651.89055 I 19.759 0.075
652.88064 I 19.857 0.067
653.97074 I 19.718 0.051
660.89968 I 19.905 0.061
660.96679 I 19.868 0.058
665.87633 I 19.917 0.051
672.00249 I 19.99 0.092
673.96086 I 19.923 0.055
674.95185 I 20.019 0.057
679.90217 I 20.106 0.079
680.95566 I 20.113 0.102
685.92737 I 20.241 0.131
685.96657 I 20.097 0.081
687.96233 I 20.168 0.07
688.95951 I 20.162 0.068
690.93406 I 20.262 0.064
695.90543 I 20.426 0.097
730.9622 I 20.219 0.086
2499.90404 I 19.418 0.059
2499.94584 I 19.59 0.064
2517.78971 I 19.466 0.059
2517.80431 I 19.523 0.059
2531.75027 I 19.572 0.062
2531.78928 I 19.59 0.054
2557.79452 I 19.93 0.12
2557.80622 I 19.903 0.088
2589.8001 I 20.772 0.176
2589.8061 I 20.413 0.102
2646.62805 I 19.914 0.071
2646.63475 I 19.914 0.066
2662.60575 I 19.808 0.063
2662.61355 I 19.882 0.087
2901.76995 I 19.639 0.075
2901.77615 I 19.615 0.075
2908.81181 I 19.635 0.087
2908.81811 I 19.547 0.047
2932.80679 I 19.58 0.025
2932.81359 I 19.602 0.029
2958.81829 I 19.514 0.051
2958.82439 I 19.539 0.05
3000.64214 I 20.117 0.092
3000.65494 I 20.031 0.08
3567.94371 I 19.61 0.074
3567.94991 I 19.502 0.054
4400.70547 H 17.89 0.0464004310324807
4400.69841 J 18.313 0.066407830863536
4400.71635 K 17.674 0.0688839603971781
4401.70091 K 18.292 0.426117354727544
3643.99905 H 18.102 0.052
3667.81337 H 17.979 0.059
3720.69614 H 18.369 0.071
4039.77535 H 17.882 0.061
4397.89571 H 17.917 0.042
3643.9967 J 18.837 0.111
3667.81104 J 18.809 0.101
3720.69277 J 18.875 0.112
4397.87305 J 18.538 0.037
3632.1243 K 17.855 0.081
3644.00357 K 17.819 0.079
3661.97993 K 18.711 0.338
3663.88387 K 17.75 0.11
3667.8179 K 17.756 0.061
3720.70071 K 18.159 0.085
3938.1013 K 18.275 0.144
4038.85679 K 17.57 0.055
4397.83375 K 17.54 0.046
