2499.90403 I 20.53 0.192
2499.94584 I 21.111 0.257
2517.78971 I 20.848 0.226
2517.80431 I 20.73 0.265
2531.75027 I 20.492 0.176
2531.78927 I 20.469 0.14
2557.79452 I 19.994 0.059
2557.80622 I 20.093 0.087
2589.8001 I 20.001 0.06
2589.8061 I 20.037 0.078
2646.62805 I 20.795 0.119
2646.63475 I 20.476 0.112
2662.60575 I 20.92 0.206
2662.61355 I 20.68 0.128
2901.76995 I 21.657 0.212
2901.77615 I 21.849 0.25
2908.81181 I 22.154 0.292
2908.81811 I 21.636 0.218
2932.80679 I 21.261 0.087
2932.81359 I 21.369 0.116
2958.81829 I 20.964 0.169
2958.82439 I 20.837 0.138
3000.64214 I 20.058 0.097
3000.65494 I 19.901 0.085
3567.94371 I 21.781 0.283
3567.94991 I 21.295 0.175
4400.70547 H 17.161 0.0264196896272458
4401.70461 H 17.273 0.0822009732302483
4400.69841 J 18.293 0.0695701085237043
4400.71635 K 16.673 0.0299666481275434
4401.70091 K 16.452 0.0549181208709839
