332.97389 I 19.164 0.022
333.92016 I 19.225 0.027
335.00013 I 19.197 0.025
348.76534 I 19.119 0.031
349.8552 I 19.151 0.027
349.8635 I 19.136 0.023
350.89285 I 19.084 0.041
352.95284 I 19.18 0.049
353.82238 I 19.226 0.048
356.99491 I 19.142 0.072
356.99971 I 19.101 0.067
357.00452 I 19.154 0.06
358.02205 I 19.057 0.038
358.94199 I 19.19 0.027
358.95089 I 19.213 0.03
359.82772 I 19.127 0.03
359.83662 I 19.142 0.026
361.93389 I 19.119 0.027
362.00569 I 19.104 0.03
362.75782 I 19.104 0.03
363.00982 I 19.152 0.034
363.76735 I 19.133 0.029
363.89025 I 19.112 0.037
364.80108 I 19.099 0.027
364.92048 I 19.144 0.025
365.7592 I 19.017 0.02
365.93141 I 19.084 0.026
645.9521 I 19.297 0.032
646.89519 I 19.252 0.038
651.89055 I 19.346 0.058
652.88064 I 19.263 0.037
653.97074 I 19.311 0.039
660.89968 I 19.274 0.032
660.96678 I 19.253 0.029
665.87633 I 19.174 0.024
672.00248 I 19.186 0.045
673.96085 I 19.082 0.028
674.95184 I 19.121 0.029
679.90217 I 19.008 0.032
680.95566 I 18.953 0.031
685.92737 I 18.849 0.043
685.96657 I 18.907 0.028
687.96233 I 18.89 0.021
688.95951 I 18.868 0.024
690.93406 I 18.901 0.023
695.90543 I 18.875 0.023
730.9622 I 18.584 0.021
2499.90403 I 19.683 0.073
2499.94583 I 19.818 0.046
2517.78971 I 19.274 0.039
2517.80431 I 19.303 0.041
2531.75027 I 18.984 0.027
2531.78927 I 18.988 0.03
2557.79452 I 18.932 0.039
2557.80622 I 19.117 0.083
2589.8001 I 18.536 0.022
2589.8061 I 18.559 0.023
2646.62806 I 18.482 0.019
2646.63476 I 18.474 0.03
2662.60576 I 18.46 0.022
2662.61356 I 18.493 0.022
2901.76995 I 19.099 0.043
2901.77615 I 19.06 0.036
2908.81181 I 18.867 0.038
2908.81811 I 18.889 0.022
2932.80679 I 18.639 0.013
2932.81359 I 18.657 0.015
2958.81829 I 18.456 0.022
2958.82439 I 18.494 0.026
3000.64214 I 18.597 0.023
3000.65494 I 18.653 0.026
3567.94371 I 18.658 0.044
3567.94991 I 18.669 0.025
2537.12286 H 17.284 0.0241867732448957
2537.12986 K 16.942 0.0519711458407451
4400.70547 H 17.318 0.0405215991787096
4401.70461 H 17.275 0.120702112657567
4400.69841 J 18.216 0.0810431983574192
4400.71635 K 16.955 0.0405215991787096
4401.70091 K 16.824 0.124402572320672
3643.99905 H 16.611 0.017
4039.77535 H 17.32 0.039
4397.89571 H 17.319 0.03
3643.9967 J 17.35 0.033
4397.87305 J 18.114 0.028
3632.1243 K 16.308 0.039
3644.00357 K 16.379 0.029
3661.97993 K 16.503 0.048
3663.88387 K 16.445 0.057
3938.1013 K 16.304 0.053
4038.85679 K 16.936 0.033
4397.83375 K 16.882 0.034
