332.97389 I 21.121 0.124
333.92016 I 21.341 0.157
335.00013 I 21.191 0.11
348.76534 I 20.871 0.138
349.8552 I 20.764 0.106
349.8635 I 20.675 0.089
350.89285 I 20.884 0.179
352.95284 I 20.669 0.189
353.82238 I 20.768 0.161
356.99491 I 20.998 0.371
356.99971 I 20.902 0.25
357.00452 I 20.982 0.375
358.02205 I 20.887 0.212
358.94199 I 20.615 0.102
358.95089 I 20.717 0.125
359.82772 I 20.482 0.08
359.83662 I 20.461 0.086
361.93389 I 20.515 0.078
362.00569 I 20.659 0.121
362.75782 I 20.535 0.09
363.00982 I 20.808 0.155
363.76735 I 20.608 0.094
363.89025 I 20.356 0.092
364.80108 I 20.435 0.074
364.92048 I 20.393 0.079
365.7592 I 20.292 0.062
365.93141 I 20.458 0.08
645.9521 I 20.284 0.062
646.89519 I 20.167 0.076
651.89055 I 20.047 0.123
652.88064 I 19.942 0.055
653.97074 I 20.097 0.069
660.89968 I 19.95 0.049
660.96678 I 19.905 0.049
665.87633 I 19.169 0.125
672.00248 I 19.815 0.075
673.96085 I 19.792 0.046
674.95184 I 19.848 0.056
679.90217 I 19.94 0.06
680.95566 I 19.856 0.073
685.92737 I 19.865 0.102
685.96657 I 19.771 0.052
687.96233 I 19.814 0.044
688.95951 I 19.9 0.06
690.93406 I 19.919 0.045
695.90543 I 20.02 0.049
730.9622 I 20.525 0.099
2499.90403 I 22.338 0.801
2499.94584 I 21.83 0.265
2517.78971 I 20.988 0.17
2517.80431 I 20.584 0.144
2531.75027 I 20.495 0.103
2531.78927 I 20.211 0.069
2557.79452 I 20.015 0.074
2557.80622 I 20.011 0.052
2589.8001 I 19.71 0.055
2589.8061 I 19.751 0.06
2646.62806 I 20.085 0.072
2646.63476 I 20.004 0.068
2662.60576 I 20.429 0.09
2662.61356 I 20.466 0.105
2901.76995 I 20.492 0.102
2901.77615 I 20.363 0.074
2908.81181 I 20.684 0.098
2908.81811 I 20.6 0.103
2932.80679 I 20.998 0.08
2932.81359 I 20.945 0.081
2958.81829 I 21.802 0.244
2958.82439 I 21.772 0.273
3000.64214 I 20.732 0.142
3000.65494 I 20.494 0.111
3567.94371 I 19.848 0.07
3567.94991 I 19.828 0.077
2537.12286 H 18.272 0.0314006369362152
2537.12986 K 17.845 0.0742765104188397
4400.70547 H 17.964 0.0451220566907139
4400.71635 K 17.453 0.0509901951359279
3643.99905 H 17.744 0.039
4039.77535 H 18.222 0.081
4397.89571 H 17.916 0.042
3643.9967 J 18.529 0.084
4397.87305 J 18.65 0.04
3632.1243 K 17.402 0.06
3644.00357 K 17.407 0.058
3661.97993 K 17.556 0.069
3663.88387 K 17.494 0.093
3938.1013 K 17.815 0.103
4038.85679 K 17.792 0.065
4397.83375 K 17.426 0.043
