332.97389 I 20.841 0.104
333.92016 I 20.869 0.103
335.00013 I 20.791 0.119
348.76535 I 20.605 0.117
349.8552 I 20.758 0.125
349.8635 I 20.647 0.092
350.89285 I 20.42 0.117
352.95285 I 20.494 0.149
353.82238 I 20.598 0.176
356.99492 I 20.234 0.168
356.99972 I 20.66 0.223
357.00452 I 20.74 0.254
358.02205 I 20.79 0.193
358.94199 I 20.528 0.104
358.95089 I 20.621 0.122
359.82772 I 20.534 0.094
359.83662 I 20.497 0.09
361.93389 I 20.425 0.073
362.00569 I 20.44 0.103
362.75782 I 20.292 0.09
363.00982 I 20.429 0.122
363.76735 I 20.548 0.1
363.89025 I 20.106 0.079
364.80108 I 20.426 0.08
364.92048 I 20.469 0.084
365.7592 I 20.385 0.067
365.93141 I 20.422 0.096
645.9521 I 20.533 0.096
646.89519 I 20.951 0.153
651.89055 I 21.089 0.283
652.88064 I 21.071 0.195
653.97074 I 20.79 0.146
660.89968 I 20.991 0.149
660.96678 I 21.053 0.154
665.87633 I 20.657 0.099
672.00248 I 21.422 0.317
673.96086 I 20.7 0.118
674.95184 I 20.944 0.136
679.90217 I 20.94 0.166
680.95566 I 20.682 0.147
685.92737 I 20.923 0.259
685.96657 I 20.837 0.133
687.96233 I 20.661 0.107
688.95951 I 20.664 0.118
690.93406 I 20.844 0.107
695.90543 I 20.755 0.123
730.9622 I 20.108 0.077
2499.90403 I 19.662 0.072
2499.94584 I 19.744 0.079
2517.78971 I 19.915 0.086
2517.80431 I 19.946 0.092
2531.75027 I 20.108 0.095
2531.78927 I 20.088 0.09
2557.79452 I 20.688 0.167
2557.80622 I 20.784 0.167
2589.8001 I 21.272 0.195
2589.8061 I 20.998 0.178
2646.62805 I 21.42 0.261
2646.63475 I 21.38 0.289
2662.60576 I 21.175 0.23
2662.61356 I 21.519 0.349
2901.76995 I 20.782 0.166
2901.77615 I 20.656 0.151
2908.81181 I 20.729 0.149
2908.81811 I 20.716 0.133
2932.80679 I 20.83 0.078
2932.81359 I 20.915 0.079
2958.81829 I 21.062 0.173
2958.82439 I 21.215 0.206
3000.64214 I 21.21 0.224
3000.65494 I 20.927 0.168
3567.94371 I 20.607 0.143
3567.94991 I 20.396 0.115
4400.70547 H 17.323 0.039293765408777
4401.70461 H 17.24 0.0896771988857814
4400.69841 J 18.203 0.085615419172016
4400.71635 K 16.947 0.0502195181179589
4401.70091 K 16.982 0.125399362039845
3643.99905 H 17.332 0.028
4039.77535 H 17.195 0.035
4397.89571 H 17.276 0.029
3643.9967 J 18.248 0.068
4397.87305 J 18.165 0.029
3632.1243 K 17.13 0.052
3661.97993 K 17.263 0.06
3663.88387 K 16.935 0.068
3938.1013 K 16.688 0.058
4038.85679 K 16.835 0.03
4397.83375 K 16.839 0.033
