332.97389 I 19.847 0.041
333.92016 I 19.78 0.036
335.00013 I 19.772 0.041
348.76534 I 19.639 0.047
349.8552 I 19.492 0.036
349.8635 I 19.641 0.046
350.89285 I 19.629 0.062
352.95284 I 19.745 0.086
353.82238 I 19.619 0.067
356.99491 I 19.619 0.11
356.99971 I 19.733 0.098
357.00451 I 19.386 0.078
358.02205 I 19.758 0.087
358.94199 I 19.511 0.04
358.95089 I 19.506 0.035
359.82772 I 19.557 0.043
359.83662 I 19.568 0.043
361.93389 I 19.77 0.053
362.00569 I 19.689 0.065
362.75782 I 20.006 0.079
363.00982 I 20.107 0.1
363.76735 I 19.829 0.056
363.89025 I 19.87 0.067
364.80107 I 19.469 0.036
364.92048 I 19.655 0.048
365.7592 I 19.61 0.047
365.9314 I 19.574 0.041
645.9521 I 19.704 0.05
646.89519 I 19.754 0.071
651.89055 I 20.13 0.116
652.88064 I 19.724 0.067
653.97074 I 19.98 0.081
660.89968 I 19.711 0.047
660.96678 I 19.69 0.045
665.87633 I 19.722 0.037
672.00248 I 20.062 0.122
673.96086 I 19.771 0.056
674.95184 I 19.928 0.057
679.90217 I 19.786 0.063
680.95566 I 19.92 0.076
685.92737 I 19.91 0.109
685.96657 I 19.901 0.061
687.96233 I 20.051 0.055
688.95951 I 20.201 0.099
690.93406 I 19.973 0.055
695.90543 I 20.101 0.065
730.9622 I 21.49 0.311
2499.90403 I 19.939 0.09
2499.94584 I 19.791 0.061
2517.78971 I 20.306 0.091
2517.80431 I 20.128 0.085
2531.75027 I 20.769 0.149
2531.78927 I 20.383 0.076
2557.79452 I 21.017 0.129
2557.80622 I 21.288 0.165
2589.8001 I 21.055 0.191
2589.8061 I 21.193 0.158
2646.62806 I 20.512 0.087
2646.63475 I 20.583 0.136
2662.60576 I 20.309 0.127
2662.61356 I 20.234 0.098
2901.76995 I 20.487 0.072
2901.77615 I 20.615 0.074
2908.81181 I 20.454 0.062
2908.81811 I 20.36 0.097
2932.80679 I 20.086 0.032
2932.81359 I 20.066 0.034
2958.81829 I 19.844 0.053
2958.82439 I 19.674 0.035
3000.64214 I 19.778 0.067
3000.65494 I 19.673 0.05
3567.94371 I 19.747 0.068
3567.94991 I 19.977 0.071
2537.10627 H 17.778 0.0278028775489157
2537.11347 K 17.416 0.0519230199429887
4400.70547 H 17.497 0.0344818792991333
4400.69841 J 18.429 0.0858661749468322
4400.71635 K 17.118 0.0434165866921848
3643.99905 H 17.782 0.041
4039.77535 H 17.39 0.041
4397.89571 H 17.534 0.033
3643.9967 J 18.647 0.097
4397.87305 J 18.212 0.029
3632.1243 K 17.576 0.067
3644.00357 K 17.388 0.057
3661.97993 K 17.64 0.072
3663.88387 K 17.588 0.097
3938.1013 K 17.394 0.079
4038.85679 K 17.184 0.039
4397.83375 K 17.026 0.035
