332.97389 I 19.426 0.032
332.98229 I 19.531 0.032
333.91186 I 19.448 0.031
333.92016 I 19.475 0.038
334.87982 I 19.474 0.034
335.00013 I 19.473 0.044
348.76534 I 19.441 0.04
348.78194 I 19.493 0.038
349.8552 I 19.4 0.041
349.8635 I 19.564 0.046
349.8853 I 19.539 0.038
350.89285 I 20.066 0.138
350.90135 I 19.433 0.036
352.95284 I 20.548 0.264
353.81288 I 19.448 0.064
353.81408 I 19.512 0.057
353.82238 I 20.236 0.232
356.99491 I 20.089 0.219
356.99971 I 19.928 0.251
357.00451 I 20.056 0.229
357.00941 I 19.389 0.077
357.01441 I 19.363 0.078
357.98535 I 19.554 0.049
357.99615 I 19.675 0.064
358.02205 I 19.509 0.061
358.92219 I 19.491 0.044
358.93129 I 19.467 0.034
358.94199 I 19.499 0.043
358.95089 I 19.546 0.046
359.80832 I 19.515 0.034
359.81752 I 19.512 0.035
359.82772 I 19.442 0.043
359.83662 I 19.474 0.039
361.92419 I 19.563 0.034
361.93389 I 19.53 0.044
361.99639 I 19.606 0.047
362.00569 I 19.549 0.055
362.74811 I 19.567 0.05
362.75781 I 19.451 0.042
362.87722 I 19.675 0.052
363.00022 I 19.629 0.058
363.00982 I 19.616 0.059
363.75644 I 19.58 0.044
363.76735 I 19.739 0.058
363.87965 I 19.493 0.036
363.89025 I 19.827 0.066
364.79017 I 19.787 0.046
364.80107 I 19.524 0.041
364.91108 I 19.636 0.039
364.92048 I 19.508 0.036
365.7592 I 19.566 0.039
365.9215 I 19.519 0.034
365.9314 I 19.669 0.053
645.932 I 20.573 0.106
645.9521 I 20.367 0.088
646.89519 I 20.426 0.144
651.86824 I 20.132 0.141
651.89055 I 20.115 0.101
652.87234 I 20.219 0.081
652.88064 I 20.318 0.088
653.96244 I 20.883 0.186
653.97074 I 20.216 0.093
660.89138 I 21.024 0.129
660.89968 I 20.849 0.135
660.95838 I 20.638 0.09
660.96678 I 20.592 0.096
665.87633 I 20.422 0.076
665.88823 I 20.954 0.133
672.00248 I 20.854 0.271
673.94015 I 21.635 0.415
674.94294 I 21.204 0.257
679.88607 I 21.094 0.193
679.90217 I 20.757 0.134
680.91175 I 20.833 0.175
680.95566 I 20.932 0.178
685.92737 I 20.927 0.287
685.96657 I 22.205 0.785
685.97487 I 21.083 0.202
687.92693 I 21.273 0.18
687.96233 I 21.125 0.186
688.95951 I 21.46 0.249
688.99581 I 21.429 0.237
690.93406 I 21.29 0.202
695.87953 I 21.564 0.263
695.90543 I 21.174 0.181
696.00323 I 22.681 0.747
730.9033 I 21.059 0.174
730.9622 I 20.711 0.153
2499.90403 I 19.741 0.076
2499.94584 I 19.738 0.062
2517.78971 I 19.669 0.056
2517.80431 I 19.487 0.051
2531.75027 I 19.558 0.052
2531.78927 I 19.643 0.054
2557.79451 I 19.683 0.074
2557.80622 I 19.78 0.071
2589.8001 I 20.366 0.104
2589.8061 I 20.401 0.088
2646.62806 I 21.57 0.281
2646.63476 I 21.645 0.321
2662.60576 I 21.683 0.39
2662.61356 I 21.067 0.21
2901.76995 I 21.292 0.191
2901.77615 I 21.319 0.207
2908.81181 I 21.017 0.143
2908.81811 I 21.182 0.162
2932.80679 I 20.526 0.05
2932.81359 I 20.506 0.05
2958.81829 I 20.182 0.059
2958.82439 I 20.199 0.062
3000.64214 I 19.891 0.072
3000.65494 I 19.887 0.068
3567.94371 I 20.786 0.107
3567.94991 I 20.72 0.117
2537.10627 H 17.674 0.0228254244210267
2537.11347 K 17.371 0.0519711458407451
4400.70547 H 17.908 0.0463249392876019
4400.69841 J 18.803 0.135959552808914
4400.71635 K 17.663 0.0560892146495206
4039.77535 H 17.532 0.046
4397.89571 H 18.224 0.052
4397.87305 J 18.944 0.05
3632.1243 K 18.135 0.103
3643.08379 K 18.426 0.11
3644.00357 K 18.583 0.151
3661.97993 K 18.54 0.144
3938.1013 K 17.585 0.086
4038.85679 K 17.244 0.041
4397.83375 K 17.664 0.05
