332.97389 I 20.018 0.049
333.92016 I 20.025 0.051
335.00013 I 20.03 0.044
348.76535 I 19.88 0.052
349.8552 I 19.736 0.04
349.8635 I 19.8 0.048
350.89285 I 19.868 0.069
352.95285 I 19.739 0.08
353.82238 I 19.759 0.08
356.99492 I 19.747 0.109
356.99972 I 19.774 0.102
357.00452 I 19.899 0.148
358.02205 I 19.528 0.063
358.94199 I 19.721 0.051
358.95089 I 19.753 0.055
359.82772 I 19.708 0.048
359.83662 I 19.682 0.043
361.93389 I 19.794 0.044
362.00569 I 19.885 0.065
362.75782 I 19.85 0.062
363.00982 I 19.97 0.068
363.76735 I 19.744 0.051
363.89025 I 19.769 0.061
364.80108 I 19.686 0.047
364.92048 I 19.69 0.045
365.7592 I 19.731 0.042
365.93141 I 19.655 0.041
645.9521 I 19.961 0.065
646.89519 I 20.053 0.083
651.89055 I 20.044 0.099
652.88064 I 19.7 0.061
653.97074 I 19.857 0.066
660.89968 I 19.788 0.043
660.96678 I 19.7 0.04
665.87633 I 19.636 0.035
672.00248 I 19.792 0.075
673.96086 I 19.729 0.053
674.95184 I 19.808 0.048
679.90217 I 19.706 0.055
680.95566 I 19.776 0.065
685.92737 I 19.791 0.088
685.96657 I 19.754 0.056
687.96233 I 19.835 0.051
688.95951 I 19.915 0.067
690.93406 I 19.851 0.05
695.90543 I 19.922 0.052
730.9622 I 20.502 0.12
2499.90403 I 19.869 0.09
2499.94584 I 19.789 0.056
2517.78971 I 19.716 0.064
2517.80431 I 19.762 0.063
2531.75027 I 19.808 0.063
2531.78927 I 19.668 0.051
2557.79452 I 20.009 0.089
2557.80622 I 19.89 0.053
2589.8001 I 20.46 0.095
2589.8061 I 20.52 0.1
2646.62805 I 19.99 0.07
2646.63475 I 20.064 0.079
2662.60576 I 19.788 0.066
2662.61356 I 19.851 0.063
2901.76995 I 20.35 0.061
2901.77615 I 20.5 0.106
2908.81181 I 20.637 0.117
2908.81811 I 20.5 0.091
2932.80679 I 20.418 0.052
2932.81359 I 20.486 0.055
2958.81829 I 20.124 0.059
2958.82439 I 20.174 0.061
3000.64214 I 19.842 0.066
3000.65494 I 19.759 0.063
3567.94371 I 20.235 0.067
3567.94991 I 19.995 0.059
4400.70547 H 17.963 0.0790759128938769
4401.70461 H 18.791 0.437030891356664
4400.69841 J 18.363 0.0904709898254684
4400.71635 K 17.659 0.0837257427557379
4401.70091 K 17.47 0.200249843945008
3643.99905 H 18.001 0.048
4039.77535 H 17.979 0.066
4397.89571 H 17.782 0.038
3643.9967 J 18.639 0.094
4397.87305 J 18.468 0.035
3632.1243 K 17.909 0.086
3644.00357 K 17.876 0.084
3661.97993 K 18.091 0.1
3663.88387 K 17.697 0.107
3938.1013 K 17.525 0.086
4038.85679 K 17.773 0.063
4397.83375 K 17.44 0.043
