2499.90403 I 21.97 0.546
2499.94583 I 22.329 0.341
2517.78971 I 21.853 0.367
2517.80431 I 22.539 0.832
2531.75027 I 22.118 0.462
2531.78927 I 22.846 0.584
2557.79452 I 21.461 0.149
2557.80622 I 21.467 0.154
2589.8001 I 20.373 0.054
2589.8061 I 20.327 0.064
2646.62806 I 19.587 0.042
2646.63476 I 19.68 0.053
2662.60576 I 19.556 0.051
2662.61356 I 19.474 0.042
2901.76995 I 21.603 0.114
2901.77615 I 21.52 0.151
2908.81181 I 21.348 0.125
2908.81811 I 21.13 0.16
2932.80679 I 20.457 0.037
2932.81359 I 20.478 0.037
2958.81829 I 20.671 0.078
2958.82439 I 20.483 0.067
3000.64214 I 19.852 0.062
3000.65494 I 19.975 0.064
3567.94371 I 22.39 0.262
3567.94991 I 22.846 0.591
4400.70547 H 17.293 0.0304630924234556
4400.71635 K 17.058 0.039293765408777
4401.70091 K 17.153 0.146342065039414
3643.99905 H 17.727 0.038
4039.77535 H 17.737 0.054
4397.89571 H 17.434 0.031
3643.9967 J 18.416 0.076
4397.87305 J 18.145 0.028
3632.1243 K 17.316 0.057
3644.00357 K 17.304 0.052
3661.97993 K 17.397 0.064
3663.88387 K 17.252 0.08
3938.1013 K 17.32 0.075
4038.85679 K 17.235 0.041
4397.83375 K 17.015 0.035
