332.97389 I 20.278 0.067
333.92016 I 20.412 0.079
335.00013 I 20.416 0.087
348.76535 I 20.709 0.098
349.8552 I 20.678 0.106
349.8635 I 20.54 0.089
350.89285 I 20.643 0.155
352.95285 I 20.867 0.212
353.82238 I 20.468 0.145
356.99492 I 20.819 0.307
356.99972 I 20.564 0.226
357.00452 I 21.009 0.357
358.02205 I 21.289 0.312
358.94199 I 21.157 0.153
358.95089 I 20.965 0.142
359.82772 I 20.657 0.1
359.83662 I 20.729 0.117
361.93389 I 20.783 0.1
362.00569 I 21.148 0.19
362.75782 I 20.852 0.14
363.00982 I 21.109 0.195
363.76735 I 21.012 0.159
363.89025 I 20.957 0.181
364.80108 I 20.729 0.099
364.92048 I 20.875 0.126
365.7592 I 20.795 0.095
365.93141 I 21.162 0.154
645.9521 I 21.119 0.141
646.89519 I 21.093 0.171
651.89055 I 21.404 0.383
652.88064 I 20.995 0.207
653.97074 I 21.472 0.259
660.89968 I 21.181 0.169
660.96678 I 21.554 0.217
665.87633 I 21.73 0.24
672.00248 I 21.698 0.412
673.96086 I 21.55 0.29
674.95184 I 21.613 0.277
679.90217 I 21.991 0.351
680.95566 I 21.435 0.326
685.92737 I 21.912 0.673
685.96657 I 21.729 0.31
687.96233 I 21.771 0.225
688.95951 I 22.335 0.542
690.93406 I 21.79 0.277
695.90543 I 21.849 0.352
730.9622 I 21.616 0.322
2499.90403 I 20.39 0.134
2499.94584 I 20.276 0.071
2517.78971 I 20.213 0.1
2517.80431 I 20.135 0.104
2531.75027 I 19.991 0.086
2531.78927 I 20.108 0.066
2557.79452 I 19.744 0.05
2557.80622 I 19.833 0.055
2589.8001 I 20.001 0.053
2589.8061 I 19.933 0.06
2646.62806 I 21.411 0.182
2646.63475 I 21.287 0.218
2662.60576 I 22.369 0.567
2901.76995 I 20.756 0.085
2901.77615 I 20.791 0.128
2908.81181 I 21.083 0.151
2908.81811 I 21.106 0.158
2932.80679 I 21.814 0.179
2932.81359 I 21.95 0.207
2958.81829 I 22.646 0.833
2958.82439 I 22.598 0.571
3000.64214 I 21.653 0.381
3000.65494 I 21.905 0.416
3567.94371 I 22.735 0.541
4400.70547 H 18.235 0.0867006343690748
4400.71635 K 17.621 0.0598414572015087
3643.99905 H 18.268 0.061
4039.77535 H 17.499 0.045
4397.89571 H 18.15 0.049
4397.87305 J 18.891 0.048
3632.1243 K 17.766 0.078
3661.97993 K 17.986 0.087
3663.88387 K 17.777 0.113
3938.1013 K 17.946 0.117
4038.85679 K 17.119 0.038
4397.83375 K 17.56 0.045
