332.97389 I 21.96 0.35
335.00013 I 22.247 0.473
348.76535 I 22.139 0.475
352.95284 I 21.281 0.327
356.99491 I 21.849 0.906
359.82772 I 21.915 0.378
361.93389 I 22.025 0.423
363.89025 I 21.906 0.404
364.80108 I 22.803 0.883
364.92048 I 22.476 0.611
365.7592 I 22.159 0.496
645.9521 I 21.407 0.215
652.88064 I 22.566 0.792
653.97074 I 21.822 0.415
660.89968 I 22.588 0.696
660.96678 I 22.207 0.52
672.00248 I 20.652 0.202
673.96086 I 21.397 0.266
674.95184 I 22.536 0.616
679.90217 I 22.132 0.519
685.92737 I 21.306 0.369
685.96657 I 22.836 0.968
687.96233 I 22.024 0.446
690.93406 I 21.813 0.376
695.90543 I 22.09 0.562
730.9622 I 21.023 0.205
2499.90403 I 21.078 0.276
2499.94584 I 21.085 0.15
2517.78971 I 21.065 0.215
2517.80431 I 21.034 0.241
2531.75027 I 20.632 0.113
2531.78927 I 20.803 0.134
2557.79452 I 19.801 0.077
2557.80622 I 19.923 0.046
2589.8001 I 19.386 0.047
2589.8061 I 19.476 0.045
2646.62806 I 20.048 0.074
2646.63475 I 20.157 0.078
2662.60576 I 20.43 0.128
2662.61356 I 20.451 0.127
2901.76995 I 19.695 0.056
2901.77615 I 19.731 0.051
2908.81181 I 19.691 0.046
2908.81811 I 19.756 0.046
2932.80679 I 19.66 0.027
2932.81359 I 19.737 0.029
2958.81829 I 20.31 0.082
2958.82439 I 20.165 0.071
3000.64214 I 21.467 0.314
3000.65494 I 21.514 0.304
3567.94371 I 20.618 0.102
3567.94991 I 21.335 0.356
4400.70547 H 17.282 0.0286356421265527
4401.70461 H 17.289 0.0988584847142621
4400.69841 J 18.286 0.0875556965593901
4400.71635 K 17.018 0.0347850542618522
4401.70091 K 16.837 0.105475115548645
3643.99905 H 18.507 0.076
4039.77535 H 18.089 0.072
4397.89571 H 17.434 0.031
3643.9967 J 18.89 0.121
4397.87305 J 18.243 0.03
3632.1243 K 18.142 0.101
3644.00357 K 17.513 0.065
3661.97993 K 17.772 0.079
3663.88387 K 17.737 0.105
3938.1013 K 17.69 0.093
4038.85679 K 17.68 0.06
4397.83375 K 17.008 0.035
