332.97389 I 19.801 0.047
333.92016 I 19.793 0.063
335.00013 I 19.839 0.078
348.76534 I 19.899 0.059
349.8552 I 20.007 0.073
349.8635 I 19.932 0.057
350.89285 I 19.851 0.082
352.95284 I 20.144 0.102
353.82238 I 19.925 0.094
356.99491 I 19.86 0.121
356.99971 I 20.087 0.177
357.00451 I 20.026 0.137
358.02205 I 20.038 0.103
358.94199 I 19.915 0.075
358.95089 I 19.978 0.071
359.82772 I 19.973 0.066
359.83662 I 19.96 0.066
361.93389 I 20.035 0.061
362.00569 I 20.238 0.093
362.75782 I 19.899 0.062
363.00982 I 19.946 0.072
363.76735 I 20.004 0.062
363.89025 I 19.907 0.063
364.80107 I 20.126 0.071
364.92048 I 19.968 0.056
365.7592 I 20.065 0.063
365.9314 I 20.046 0.071
645.9521 I 20.086 0.067
646.89519 I 20.218 0.09
651.89054 I 20.099 0.135
652.88064 I 20.038 0.085
653.97074 I 20.217 0.093
660.89967 I 20.439 0.088
660.96678 I 20.216 0.132
665.87633 I 20.4 0.094
672.00248 I 20.232 0.129
673.96085 I 20.518 0.108
674.95184 I 20.419 0.098
679.90217 I 20.573 0.121
680.95566 I 20.596 0.149
685.92737 I 20.453 0.181
685.96657 I 20.523 0.142
687.96233 I 20.436 0.087
688.95951 I 20.605 0.105
690.93406 I 20.568 0.12
695.90543 I 20.419 0.095
730.9622 I 20.957 0.197
2499.90403 I 20.284 0.11
2499.94583 I 20.724 0.19
2517.78971 I 20.569 0.156
2517.80431 I 20.616 0.134
2531.75027 I 20.722 0.187
2531.78927 I 20.894 0.224
2557.79452 I 21.065 0.249
2557.80622 I 21.067 0.303
2589.8001 I 20.662 0.173
2589.8061 I 20.601 0.13
2646.62806 I 19.861 0.088
2646.63476 I 19.823 0.072
2662.60576 I 19.871 0.076
2662.61356 I 19.791 0.072
2901.76995 I 20.367 0.15
2901.77615 I 20.363 0.141
2908.81181 I 20.224 0.177
2908.81811 I 20.093 0.068
2932.80679 I 19.804 0.037
2932.81359 I 19.906 0.057
2958.81829 I 19.509 0.054
2958.82439 I 19.505 0.062
3000.64214 I 19.395 0.043
3000.65494 I 19.364 0.037
3567.94371 I 19.818 0.115
3567.94991 I 19.813 0.084
4400.70547 H 17.659 0.0484664832642105
4400.71635 K 17.25 0.0500099990002
4401.70091 K 16.836 0.119419428905015
3643.99905 H 16.912 0.02
4039.77535 H 17.094 0.033
4397.89571 H 17.383 0.031
3643.9967 J 17.766 0.045
4397.87305 J 17.873 0.024
3632.1243 K 16.665 0.043
3644.00357 K 16.723 0.035
3661.97993 K 16.811 0.051
3663.88387 K 16.805 0.065
3938.1013 K 16.562 0.056
4038.85679 K 16.826 0.03
4397.83375 K 16.788 0.033
