332.97389 I 20.086 0.065
333.92016 I 20.114 0.093
335.00013 I 20.11 0.093
348.76534 I 19.942 0.074
349.8552 I 19.835 0.071
349.8635 I 19.837 0.06
350.89285 I 19.837 0.068
352.95284 I 19.696 0.075
353.82238 I 20.012 0.098
356.99491 I 19.934 0.116
356.99971 I 19.687 0.099
357.00452 I 20.224 0.186
358.02205 I 19.915 0.099
358.94199 I 19.862 0.075
358.95089 I 19.936 0.07
359.82772 I 19.727 0.052
359.83662 I 19.724 0.062
361.93389 I 19.82 0.053
362.00569 I 19.634 0.071
362.75782 I 19.692 0.054
363.00982 I 19.957 0.074
363.76735 I 19.699 0.05
363.89025 I 19.885 0.077
364.80108 I 19.637 0.048
364.92048 I 19.813 0.051
365.7592 I 19.705 0.047
365.93141 I 19.871 0.063
645.9521 I 19.247 0.035
646.89519 I 19.206 0.041
651.89055 I 19.188 0.058
652.88064 I 19.428 0.055
653.97074 I 19.262 0.047
660.89968 I 19.408 0.05
660.96678 I 19.4 0.05
665.87633 I 19.336 0.037
672.00248 I 19.464 0.061
673.96086 I 19.464 0.04
674.95184 I 19.465 0.049
679.90217 I 19.632 0.07
680.95566 I 19.568 0.063
685.92737 I 19.714 0.087
685.96657 I 19.579 0.06
687.96233 I 19.702 0.052
688.95951 I 19.655 0.052
690.93406 I 19.67 0.054
695.90543 I 19.757 0.066
730.9622 I 20.042 0.074
2499.90403 I 19.98 0.085
2499.94584 I 19.86 0.05
2517.78971 I 19.764 0.072
2517.80431 I 19.673 0.061
2531.75027 I 19.59 0.036
2531.78927 I 19.55 0.051
2557.79452 I 19.567 0.051
2557.80622 I 19.577 0.053
2589.8001 I 19.956 0.064
2589.8061 I 20.049 0.09
2646.62806 I 20.684 0.088
2646.63476 I 20.82 0.147
2662.60576 I 20.332 0.111
2662.61356 I 20.226 0.07
2901.76995 I 20.006 0.056
2901.77615 I 19.944 0.074
2908.81181 I 19.945 0.079
2908.81811 I 19.912 0.063
2932.80679 I 19.861 0.03
2932.81359 I 19.9 0.036
2958.81829 I 19.696 0.046
2958.82439 I 19.584 0.05
3000.64214 I 19.962 0.07
3000.65494 I 19.832 0.059
3567.94371 I 19.825 0.07
3567.94991 I 19.717 0.054
4400.70547 H 18.129 0.0502195181179589
4400.71635 K 17.877 0.0746726188103779
3643.99905 H 17.668 0.037
4039.77535 H 17.335 0.039
4397.89571 H 17.837 0.04
3643.9967 J 18.32 0.075
4397.87305 J 18.462 0.035
3632.1243 K 17.517 0.065
3644.00357 K 17.538 0.063
3661.97993 K 17.582 0.07
3663.88387 K 17.349 0.085
3938.1013 K 17.821 0.107
4038.85679 K 17.167 0.039
4397.83375 K 17.505 0.045
