332.97389 I 19.283 0.029
333.91185 I 19.348 0.03
333.92016 I 19.328 0.031
334.87982 I 19.283 0.08
335.00013 I 19.248 0.029
348.76534 I 19.169 0.035
348.78194 I 19.195 0.042
349.8552 I 19.129 0.027
349.8635 I 19.106 0.028
349.8853 I 19.142 0.054
350.89285 I 19.176 0.039
352.95284 I 19.081 0.046
353.82238 I 19.123 0.049
356.99491 I 19.1 0.063
356.99971 I 19.076 0.063
357.00451 I 19.028 0.05
358.02205 I 19.06 0.046
358.92219 I 19.067 0.031
358.93129 I 19.028 0.032
358.94199 I 19.045 0.033
358.95089 I 19.05 0.031
359.80832 I 19.133 0.042
359.81752 I 19.069 0.024
359.82772 I 19.025 0.03
359.83662 I 19.026 0.029
361.93389 I 18.961 0.024
362.00569 I 19.004 0.032
362.74811 I 19.058 0.045
362.75781 I 18.993 0.031
363.00022 I 19.153 0.052
363.00982 I 18.976 0.035
363.75644 I 19.025 0.049
363.76735 I 18.977 0.029
363.87965 I 19.069 0.052
363.89025 I 18.903 0.032
364.79017 I 18.96 0.063
364.80107 I 18.932 0.023
364.92048 I 18.954 0.026
365.7592 I 18.931 0.024
365.9314 I 18.928 0.025
645.9521 I 20.61 0.108
646.89519 I 20.688 0.141
651.89055 I 21.016 0.297
652.88064 I 20.577 0.115
653.97074 I 20.562 0.126
660.89968 I 20.74 0.118
660.96678 I 20.71 0.104
665.87633 I 20.557 0.101
672.00248 I 20.572 0.144
673.96085 I 20.388 0.088
674.95184 I 20.541 0.102
679.90217 I 20.395 0.111
680.95566 I 20.42 0.117
685.92737 I 20.189 0.131
685.96657 I 20.43 0.097
687.96233 I 20.381 0.087
688.95951 I 20.338 0.099
690.93406 I 20.34 0.08
695.90543 I 20.274 0.08
730.9622 I 19.91 0.08
2499.90403 I 19.275 0.053
2499.94583 I 19.227 0.035
2517.78971 I 19.314 0.041
2517.80431 I 19.243 0.049
2531.75027 I 19.434 0.047
2531.78927 I 19.352 0.036
2557.79452 I 19.42 0.058
2557.80622 I 19.581 0.049
2589.8001 I 19.557 0.047
2589.8061 I 19.586 0.059
2646.62806 I 19.502 0.039
2646.63476 I 19.53 0.054
2662.60576 I 19.203 0.035
2662.61356 I 19.148 0.037
2901.76995 I 20.81 0.098
2901.77615 I 20.794 0.121
2908.81181 I 20.769 0.113
2908.81811 I 20.692 0.129
2932.80679 I 20.752 0.066
2932.81359 I 20.874 0.074
2958.81829 I 20.691 0.126
2958.82439 I 20.892 0.139
3000.64214 I 20.157 0.086
3000.65494 I 20.078 0.076
3567.94371 I 20.4 0.093
3567.94991 I 20.167 0.088
2537.10627 H 16.292 0.024738633753706
2537.11347 K 15.868 0.051478150704935
4400.70547 H 16.237 0.0219317121994613
4401.70461 H 16.206 0.0383275357934736
4400.69841 J 17.054 0.0382753184180093
4400.71635 K 15.757 0.0202484567313166
4401.70091 K 15.818 0.0431740662898458
3643.99905 H 15.923 0.012
4039.77535 H 15.817 0.018
4397.89571 H 16.178 0.022
3642.99666 J 16.667 0.018
3643.9967 J 16.73 0.022
4397.87305 J 16.971 0.017
3632.1243 K 15.479 0.036
3644.00357 K 15.482 0.022
3661.97993 K 15.553 0.044
3663.88387 K 15.522 0.053
3938.1013 K 15.298 0.049
4038.85679 K 15.319 0.015
4397.83375 K 15.685 0.027
