332.9648 I 21.449 0.184
332.9739 I 21.341 0.151
333.92016 I 21.55 0.21
333.97607 I 21.522 0.179
334.88823 I 21.586 0.226
335.00014 I 21.578 0.234
348.77365 I 22.285 0.513
349.8386 I 21.987 0.355
349.8469 I 21.787 0.344
349.8552 I 21.904 0.356
349.8635 I 22.108 0.365
350.00761 I 22.256 0.641
352.95285 I 21.966 0.585
356.99002 I 21.683 0.645
356.99492 I 21.51 0.587
356.99972 I 21.319 0.492
358.02206 I 21.709 0.427
358.94199 I 21.602 0.281
358.95089 I 22.019 0.435
358.96139 I 22.802 0.777
359.82772 I 22.036 0.322
359.83662 I 21.513 0.218
359.84722 I 22.219 0.417
359.88552 I 22.101 0.339
359.89432 I 21.692 0.299
361.93389 I 21.936 0.331
362.00569 I 22.472 0.572
364.81118 I 22.105 0.443
364.92048 I 21.676 0.248
364.93008 I 22.473 0.618
365.7592 I 22.163 0.424
365.7693 I 22.311 0.533
365.93141 I 22.045 0.403
365.94141 I 22.315 0.569
652.88065 I 22.017 0.467
653.97075 I 21.528 0.278
660.89969 I 21.876 0.32
660.96679 I 22.451 0.536
665.87634 I 22.02 0.366
671.99349 I 22.542 0.563
679.90218 I 21.622 0.281
680.95566 I 21.243 0.256
685.92737 I 22.261 0.767
685.93587 I 21.579 0.299
685.96658 I 21.236 0.218
687.95403 I 21.716 0.271
687.96234 I 21.348 0.176
688.95951 I 21.808 0.317
690.89106 I 22.661 0.827
690.93407 I 21.127 0.155
695.90543 I 21.161 0.19
695.96784 I 21.486 0.279
730.9622 I 20.591 0.121
731.0201 I 20.492 0.143
1044.93146 I 19.812 0.051
1044.93976 I 19.9 0.055
1047.95271 I 19.738 0.038
1047.96451 I 19.835 0.041
1051.94214 I 19.747 0.059
1051.98954 I 19.777 0.062
1055.87484 I 19.768 0.047
1056.98093 I 19.862 0.055
1057.81059 I 19.651 0.046
1057.9655 I 19.747 0.059
1072.95571 I 19.611 0.048
1074.86521 I 19.546 0.043
1074.97312 I 19.63 0.041
1075.01712 I 19.627 0.051
1075.81707 I 19.598 0.05
1075.86887 I 19.637 0.057
1075.97438 I 19.622 0.052
1101.73992 I 19.947 0.062
1101.88642 I 20.116 0.075
1103.89045 I 19.929 0.054
1104.86977 I 19.94 0.059
1105.78438 I 19.944 0.065
1105.95348 I 19.974 0.065
1106.71559 I 20.013 0.074
1139.86221 I 21.363 0.331
1140.73477 I 21.178 0.24
1140.84466 I 21.39 0.26
1141.69632 I 21.78 0.435
1141.77172 I 21.846 0.417
1142.66978 I 22.189 0.56
1143.68603 I 21.511 0.292
2499.90404 I 19.501 0.063
2499.94584 I 19.468 0.047
2517.78972 I 19.541 0.059
2517.80432 I 19.594 0.074
2517.86722 I 19.602 0.068
2531.75028 I 19.695 0.058
2531.78928 I 19.76 0.043
2531.92359 I 19.724 0.035
2531.93059 I 19.758 0.031
2557.79452 I 20.136 0.089
2557.80622 I 20.123 0.062
2589.80009 I 20.731 0.128
2589.80609 I 21.117 0.144
2646.62805 I 22.094 0.416
2646.63475 I 21.971 0.465
2662.60575 I 22.691 0.865
2662.61355 I 22.554 0.671
2901.76995 I 21.585 0.168
2901.77615 I 21.652 0.197
2908.81181 I 22.318 0.357
2908.81811 I 22.312 0.521
2932.80679 I 21.933 0.171
2932.81359 I 21.889 0.15
2958.81828 I 20.94 0.15
2958.82438 I 21.007 0.13
3000.64213 I 20.247 0.097
3000.65493 I 20.148 0.075
3567.94372 I 20.967 0.103
3567.94992 I 20.823 0.099
4400.70547 H 18.194 0.101833196944808
4400.69841 J 18.979 0.193620763349389
4400.71635 K 17.904 0.117613774703476
4081.74816 H 18.626 0.102
4125.74742 H 18.71 0.089
4386.89975 H 18.964 0.09
4117.70968 J 19.534 0.095
4397.85812 J 19.546 0.07
3632.06069 K 17.42 0.051
3661.93203 K 17.111 0.044
3663.88387 K 17.291 0.083
3667.8179 K 17.313 0.046
3727.74907 K 17.5 0.051
3938.07961 K 17.205 0.039
4081.7246 K 17.918 0.091
4125.71532 K 18.403 0.111
4386.87886 K 18.191 0.079
