332.9648 I 20.773 0.095
333.97607 I 20.867 0.087
334.88823 I 20.732 0.102
348.77365 I 21.077 0.159
349.8386 I 21.078 0.129
349.8469 I 21.134 0.162
350.00761 I 21.183 0.145
356.98042 I 20.955 0.3
356.98522 I 21.441 0.511
356.99002 I 21.427 0.519
358.01126 I 21.156 0.259
358.96139 I 21.336 0.21
358.97309 I 21.456 0.281
359.84722 I 21.113 0.148
359.88552 I 21.125 0.151
359.89432 I 21.075 0.168
361.94319 I 21.035 0.144
362.76732 I 21.101 0.186
362.90582 I 21.044 0.139
363.77685 I 20.928 0.156
364.81118 I 21.209 0.152
364.93008 I 20.964 0.144
365.7693 I 20.813 0.093
365.94141 I 21.361 0.151
645.97222 I 19.675 0.042
646.9035 I 19.61 0.052
651.91076 I 19.676 0.171
652.88895 I 19.707 0.053
660.90809 I 19.713 0.043
660.97509 I 19.651 0.041
665.90004 I 19.592 0.036
671.99349 I 19.658 0.036
673.97017 I 19.618 0.04
674.96035 I 19.776 0.045
679.87777 I 19.727 0.061
680.96397 I 19.674 0.073
685.93587 I 19.887 0.062
687.95404 I 19.94 0.044
690.89106 I 19.753 0.063
695.96784 I 20.055 0.061
731.0201 I 20.791 0.171
1044.93146 I 19.935 0.052
1044.93976 I 19.844 0.052
1047.95271 I 20.014 0.05
1047.96451 I 19.95 0.05
1051.94214 I 19.894 0.054
1051.98954 I 19.842 0.054
1055.87484 I 19.885 0.047
1056.98093 I 19.839 0.053
1057.81059 I 19.822 0.042
1057.9655 I 19.858 0.059
1072.95571 I 20.106 0.063
1074.86521 I 20.027 0.053
1074.97312 I 19.991 0.05
1075.01712 I 20.036 0.076
1075.81707 I 19.944 0.061
1075.86887 I 19.978 0.061
1075.97438 I 19.975 0.062
1101.73992 I 21.243 0.227
1101.88642 I 20.845 0.141
1103.89045 I 20.47 0.091
1104.86977 I 20.536 0.098
1105.78438 I 20.58 0.089
1105.95348 I 20.613 0.138
1106.71559 I 20.23 0.086
1139.71361 I 20.845 0.162
1139.8622 I 20.911 0.153
1140.67467 I 20.71 0.191
1140.73477 I 20.847 0.137
1140.84466 I 21.009 0.198
1141.69632 I 20.884 0.178
1141.77172 I 21.061 0.213
1142.66978 I 21.134 0.207
1142.79497 I 20.978 0.182
1143.68603 I 20.83 0.12
1143.81562 I 21.183 0.195
2499.98365 I 19.853 0.052
2499.99435 I 19.748 0.05
2517.81262 I 19.931 0.088
2517.86722 I 20.1 0.086
2531.87448 I 20.252 0.061
2531.92359 I 20.094 0.067
2531.93059 I 20.173 0.052
2557.72171 I 20.342 0.068
2557.72871 I 20.767 0.091
2557.73561 I 20.668 0.079
2589.71799 I 21.342 0.156
2589.72359 I 21.534 0.234
2589.72959 I 21.263 0.22
2646.67074 I 20.525 0.094
2646.67724 I 20.578 0.106
2901.93586 I 19.797 0.038
2901.94496 I 19.693 0.035
2908.93832 I 19.902 0.053
2908.94452 I 19.81 0.036
2908.95092 I 19.903 0.056
2932.80678 I 20.461 0.118
2932.87878 I 20.082 0.035
2932.93069 I 19.924 0.038
2958.88088 I 20.61 0.092
3000.73912 I 20.616 0.163
3000.74712 I 21.552 0.371
4400.70547 H 18.188 0.0478016736108685
4400.71635 K 17.76 0.0628012738724303
4401.70091 K 17.943 0.208240245870005
3667.81337 H 19.288 0.158
3679.82567 H 18.533 0.093
3720.69613 H 18.045 0.059
4125.74742 H 18.064 0.07
4386.89975 H 18.407 0.055
3667.81104 J 19.142 0.125
3679.83103 J 19.007 0.106
3720.69276 J 18.619 0.088
4117.70967 J 18.78 0.064
4397.85812 J 19.44 0.065
3632.06069 K 18.212 0.094
3663.88387 K 18.761 0.275
3667.8179 K 18.363 0.104
3679.8211 K 18.504 0.124
3720.7007 K 17.836 0.068
3727.74907 K 17.63 0.055
3938.07961 K 17.623 0.053
4125.71532 K 17.699 0.077
4386.87886 K 18.031 0.068
