332.9648 I 20.121 0.072
332.9739 I 20.071 0.069
333.92016 I 20.264 0.097
333.97607 I 20.246 0.091
334.88823 I 20.196 0.098
335.00014 I 20.225 0.09
348.76535 I 20.192 0.084
348.77365 I 20.218 0.081
349.8386 I 20.184 0.102
349.8469 I 20.234 0.1
349.8552 I 20.237 0.079
349.8635 I 20.273 0.086
350.00761 I 20.104 0.091
350.89285 I 19.97 0.095
352.95285 I 20.088 0.107
353.82239 I 20.032 0.108
356.98042 I 19.801 0.177
356.98522 I 20.102 0.168
356.99002 I 19.939 0.11
356.99492 I 20.038 0.162
356.99972 I 20.104 0.158
357.00452 I 20.146 0.17
358.01126 I 19.927 0.082
358.02206 I 20.135 0.11
358.94199 I 20.038 0.111
358.95089 I 20.111 0.105
358.96139 I 20.183 0.094
358.97309 I 20.001 0.092
359.82772 I 19.967 0.069
359.83662 I 19.992 0.077
359.84722 I 19.952 0.065
359.88552 I 20.08 0.07
359.89432 I 19.941 0.069
361.93389 I 19.854 0.047
361.94319 I 19.828 0.051
362.00569 I 19.797 0.058
362.75782 I 19.767 0.056
362.76732 I 19.792 0.056
362.90582 I 19.857 0.051
363.00983 I 19.744 0.069
363.76735 I 19.824 0.058
363.77685 I 19.864 0.065
363.89025 I 19.552 0.044
364.80108 I 19.834 0.055
364.81118 I 19.693 0.048
364.92048 I 19.847 0.056
364.93008 I 19.861 0.068
365.7592 I 19.789 0.051
365.7693 I 19.66 0.044
365.93141 I 19.885 0.077
365.94141 I 19.922 0.078
645.95211 I 19.772 0.061
645.97221 I 19.824 0.066
646.8952 I 19.732 0.064
646.9035 I 19.932 0.067
651.89056 I 19.823 0.097
651.91076 I 20.388 0.297
652.88065 I 19.99 0.091
652.88895 I 20.031 0.087
653.97075 I 19.82 0.067
660.89969 I 20.224 0.095
660.90809 I 20.221 0.077
660.96679 I 20.201 0.095
660.97509 I 20.217 0.096
665.87634 I 20.251 0.089
665.90004 I 20.132 0.077
671.99349 I 20.284 0.076
672.00249 I 20.325 0.125
673.96086 I 20.289 0.077
673.97017 I 20.084 0.072
674.95185 I 20.37 0.107
674.96035 I 20.199 0.084
679.87777 I 20.287 0.117
679.90218 I 20.533 0.169
680.95567 I 20.452 0.139
680.96397 I 20.359 0.141
685.92737 I 20.287 0.166
685.93587 I 20.375 0.129
685.96658 I 20.566 0.131
687.95404 I 20.586 0.123
687.96234 I 20.499 0.116
688.95951 I 20.454 0.093
690.89106 I 20.472 0.158
690.93407 I 20.576 0.128
695.90543 I 20.74 0.162
695.96784 I 20.612 0.119
730.9622 I 20.213 0.086
731.0201 I 20.191 0.103
1044.93146 I 19.645 0.056
1044.93976 I 19.737 0.063
1047.95271 I 19.568 0.051
1047.96451 I 19.586 0.049
1051.94214 I 19.759 0.066
1051.98954 I 19.89 0.074
1055.87484 I 19.59 0.057
1056.98093 I 19.613 0.054
1057.81059 I 19.707 0.058
1057.9655 I 19.788 0.071
1072.95571 I 19.809 0.061
1074.86522 I 20.004 0.087
1074.97312 I 20 0.075
1075.01712 I 19.861 0.074
1075.81707 I 19.999 0.073
1075.86887 I 20.007 0.075
1075.97438 I 20.17 0.104
1101.73992 I 20.413 0.132
1101.88642 I 20.188 0.088
1103.89045 I 20.273 0.1
1104.86977 I 20.331 0.126
1105.78438 I 20.4 0.116
1105.95348 I 20.393 0.124
1106.71559 I 20.279 0.108
1139.71361 I 20.024 0.099
1139.86221 I 20.264 0.118
1140.67467 I 20.262 0.135
1140.73477 I 20.282 0.097
1140.84466 I 20.297 0.105
1141.69632 I 20.219 0.112
1141.77172 I 20.202 0.132
1142.66978 I 20.256 0.115
1142.79497 I 20.216 0.13
1143.68603 I 19.854 0.07
1143.81562 I 20.109 0.09
2499.90404 I 19.782 0.085
2499.94584 I 19.876 0.06
2517.78972 I 19.656 0.06
2517.80432 I 19.769 0.072
2531.75028 I 19.901 0.071
2531.78928 I 19.879 0.046
2531.92359 I 19.872 0.06
2531.93059 I 19.962 0.077
2557.79452 I 20.209 0.064
2557.80622 I 20.174 0.078
2589.80009 I 20.699 0.096
2589.80609 I 20.865 0.134
2646.62805 I 20.603 0.091
2646.63475 I 20.519 0.123
2662.60575 I 20.201 0.096
2662.61355 I 20.179 0.104
2901.76995 I 20.072 0.054
2901.77615 I 20.006 0.049
2908.81181 I 19.972 0.063
2908.81811 I 19.991 0.059
2932.80679 I 19.725 0.027
2932.81359 I 19.702 0.029
2958.81828 I 19.655 0.048
2958.82438 I 19.7 0.045
3000.64213 I 19.856 0.066
3000.65493 I 19.933 0.075
3567.94372 I 19.598 0.04
3567.94992 I 19.64 0.042
4400.70547 H 18.357 0.087692645073575
4400.71635 K 17.748 0.0766550715869472
3667.81337 H 18.05 0.061
3720.69613 H 18.028 0.059
4081.74816 H 17.918 0.083
4125.74742 H 18.137 0.071
4386.89975 H 18.213 0.047
4397.85812 J 19.033 0.046
3632.06069 K 17.314 0.05
3661.93203 K 17.499 0.058
3663.88387 K 17.817 0.107
3667.8179 K 17.622 0.059
3727.74907 K 17.826 0.062
3938.07961 K 17.733 0.058
4081.7246 K 17.386 0.076
4125.71532 K 17.654 0.075
4386.87886 K 17.712 0.053
