332.9648 I 20.681 0.08
333.97607 I 20.892 0.091
334.88823 I 20.76 0.106
348.77365 I 20.622 0.099
349.8386 I 20.618 0.086
349.8469 I 20.631 0.082
350.00761 I 20.807 0.124
356.98042 I 20.71 0.228
356.98522 I 20.212 0.165
356.99002 I 20.375 0.166
358.01126 I 20.337 0.104
358.96139 I 20.569 0.099
358.97309 I 20.443 0.087
359.84722 I 20.504 0.084
359.88552 I 20.425 0.069
359.89432 I 20.541 0.098
361.94319 I 20.351 0.069
362.76732 I 20.417 0.084
362.90582 I 20.339 0.068
363.77685 I 20.798 0.138
364.81118 I 20.394 0.084
364.93008 I 20.294 0.069
365.7693 I 20.417 0.079
365.94141 I 20.318 0.062
645.97222 I 21.046 0.14
646.9035 I 20.957 0.163
651.91076 I 21.149 0.625
652.88895 I 20.942 0.178
660.90809 I 20.767 0.099
660.97509 I 20.692 0.088
665.90004 I 20.614 0.078
671.99349 I 20.352 0.073
673.97017 I 20.326 0.085
674.96035 I 20.383 0.077
679.87778 I 20.175 0.086
680.96397 I 20.18 0.117
685.93588 I 19.989 0.07
687.95404 I 19.994 0.044
690.89106 I 19.975 0.073
695.96784 I 19.975 0.05
731.0201 I 20.209 0.101
1044.93146 I 20.093 0.055
1044.93976 I 20.018 0.053
1047.95271 I 20.243 0.072
1047.96451 I 20.23 0.059
1051.94214 I 20.233 0.078
1051.98954 I 20.478 0.114
1055.87485 I 20.671 0.121
1056.98093 I 20.538 0.108
1057.81059 I 20.338 0.084
1057.9655 I 20.541 0.114
1072.95571 I 21.248 0.189
1074.86522 I 20.914 0.11
1074.97312 I 21.17 0.181
1075.01712 I 21.511 0.307
1075.81707 I 21.049 0.16
1075.86887 I 20.984 0.171
1075.97438 I 21.026 0.139
1101.73992 I 22.153 0.475
2499.94585 I 20.737 0.076
2499.98365 I 20.708 0.091
2499.99435 I 20.33 0.08
2517.81262 I 20.109 0.098
2517.86722 I 20.338 0.091
2531.92359 I 19.936 0.058
2531.93059 I 19.955 0.05
2557.72172 I 19.551 0.044
2557.72872 I 19.617 0.048
2557.79452 I 19.655 0.036
2557.80622 I 19.725 0.05
2589.718 I 20.097 0.065
2589.7236 I 20.036 0.061
2589.80009 I 19.892 0.059
2589.80609 I 19.942 0.052
2646.62805 I 21.972 0.299
2646.63474 I 21.768 0.378
2646.67724 I 21.541 0.335
2646.68284 I 21.554 0.349
2662.60575 I 22.942 0.952
2662.61355 I 22.594 0.578
2901.76995 I 20.243 0.078
2901.77615 I 20.114 0.061
2901.94496 I 20.168 0.144
2908.81181 I 20.346 0.066
2908.81811 I 20.276 0.059
2908.94452 I 20.314 0.046
2908.95092 I 20.272 0.051
2932.80679 I 20.959 0.071
2932.81359 I 20.853 0.064
2932.87879 I 20.952 0.07
2932.88379 I 20.842 0.057
2958.81828 I 22.607 0.561
2958.82438 I 22.38 0.48
2958.88088 I 22 0.373
3000.65493 I 22.402 0.634
3567.94372 I 21.754 0.192
3567.94992 I 21.936 0.268
4400.70547 H 17.521 0.0619838688692469
4400.69841 J 18.202 0.077884529914483
4400.71635 K 17.045 0.107563934476199
3667.81337 H 17.888 0.054
3720.69613 H 17.915 0.056
4081.74816 H 17.366 0.077
4125.74742 H 17.262 0.062
4386.89975 H 17.428 0.025
3667.81104 J 18.523 0.075
3720.69276 J 18.732 0.097
4117.70967 J 18.139 0.049
4397.85812 J 18.206 0.024
3632.06069 K 17.504 0.055
3661.93203 K 17.34 0.05
3663.88387 K 17.375 0.086
3667.8179 K 17.294 0.045
3720.7007 K 17.382 0.049
3727.74907 K 17.401 0.048
3938.07961 K 17.181 0.038
4081.72459 K 17.027 0.071
4125.71532 K 16.812 0.062
4386.87886 K 17.007 0.032
