332.9648 I 20.282 0.057
333.97606 I 20.5 0.065
334.88823 I 20.445 0.079
348.77365 I 20.694 0.108
349.8386 I 20.65 0.093
349.8469 I 20.74 0.105
350.00761 I 20.573 0.098
356.98042 I 20.863 0.29
356.98522 I 20.48 0.211
356.99002 I 20.631 0.23
358.01126 I 20.934 0.182
358.96139 I 20.872 0.137
358.97309 I 20.995 0.167
359.84722 I 20.894 0.127
359.88552 I 21.212 0.163
359.89432 I 20.973 0.129
361.94319 I 21.227 0.163
362.76732 I 21.066 0.17
362.90582 I 21.203 0.159
363.77685 I 21.409 0.234
364.81118 I 20.943 0.117
364.93008 I 21.084 0.151
365.7693 I 21.066 0.13
365.94141 I 21.204 0.157
645.97221 I 19.727 0.047
646.9035 I 19.677 0.055
651.91076 I 19.924 0.216
652.88895 I 19.827 0.057
660.90809 I 19.756 0.045
660.97509 I 19.695 0.042
665.90004 I 19.756 0.042
671.99349 I 19.766 0.044
673.97016 I 19.942 0.055
674.96035 I 19.876 0.059
679.87777 I 19.803 0.058
680.96396 I 19.871 0.089
685.93587 I 20.047 0.086
687.95403 I 19.946 0.056
690.89106 I 19.973 0.075
695.96784 I 20.128 0.065
731.0201 I 21.219 0.264
1044.93146 I 20.259 0.067
1044.93976 I 20.243 0.049
1047.95271 I 20.416 0.073
1047.96451 I 20.356 0.079
1051.94214 I 20.66 0.111
1051.98954 I 20.385 0.112
1055.87484 I 21.089 0.183
1056.98093 I 20.999 0.167
1057.81059 I 20.797 0.119
1057.9655 I 20.813 0.14
1072.9557 I 21.401 0.228
1074.86521 I 20.693 0.099
1074.97312 I 20.817 0.107
1075.01712 I 20.774 0.15
1075.81707 I 20.562 0.105
1075.86887 I 20.754 0.119
1075.97438 I 20.615 0.103
1103.89045 I 22.162 0.468
1104.86977 I 22.266 0.507
1105.95348 I 21.401 0.233
1106.71559 I 22.642 0.796
2499.90404 I 20.099 0.097
2499.94584 I 20.197 0.071
2517.78971 I 20.19 0.104
2517.80432 I 20.173 0.098
2531.75027 I 20.411 0.106
2531.78928 I 20.201 0.064
2531.92359 I 20.297 0.048
2531.93059 I 20.282 0.065
2557.80622 I 20.71 0.125
2589.80009 I 21.007 0.153
2589.80609 I 21.425 0.217
2662.60575 I 22.602 0.835
2901.76995 I 19.66 0.05
2901.77615 I 19.688 0.049
2908.81181 I 19.805 0.05
2908.81811 I 19.754 0.048
2932.80678 I 20.232 0.118
2932.81358 I 20.07 0.034
2958.81828 I 20.841 0.117
2958.82438 I 20.568 0.101
3567.94992 I 20.814 0.113
4400.70547 H 16.866 0.0287923600977759
4401.70461 H 16.985 0.0521727898429823
4400.69841 J 17.874 0.0560802995712398
4400.71635 K 16.344 0.0241867732448957
4401.70091 K 16.496 0.0657647321898295
3667.81337 H 16.886 0.036
3679.82567 H 16.827 0.044
3720.69613 H 16.862 0.043
4081.74816 H 16.804 0.075
4125.74742 H 16.924 0.06
4386.89975 H 16.98 0.019
3667.81104 J 17.891 0.049
3679.83103 J 17.932 0.061
3720.69276 J 18.11 0.062
4117.70968 J 17.906 0.046
4397.85812 J 17.889 0.02
3632.06069 K 16.667 0.035
3661.93203 K 16.448 0.036
3663.88387 K 16.543 0.061
3667.8179 K 16.286 0.026
3679.8211 K 16.462 0.036
3720.7007 K 16.343 0.029
3727.74907 K 16.333 0.034
3938.0796 K 17.062 0.035
4081.7246 K 16.351 0.067
4125.71533 K 16.38 0.059
4386.87886 K 16.471 0.025
