2499.90404 I 20.215 0.121
2499.94584 I 20.319 0.081
2517.78971 I 20.133 0.082
2531.75028 I 20.092 0.08
2531.78928 I 20.008 0.088
2531.92359 I 19.407 0.058
2557.79452 I 19.943 0.102
2557.80622 I 20.176 0.098
2589.80009 I 20.54 0.102
2589.80609 I 20.587 0.124
2646.62805 I 21.587 0.287
2646.63475 I 22.287 0.651
2662.60575 I 22.134 0.503
2662.61355 I 22.37 0.637
2901.76995 I 20.448 0.115
2901.77615 I 20.255 0.111
2908.81181 I 20.412 0.105
2908.81811 I 20.744 0.11
2932.80679 I 20.925 0.076
2932.81359 I 20.86 0.079
2958.81828 I 21.376 0.166
2958.82438 I 21.938 0.296
3000.64213 I 21.394 0.266
3567.94372 I 20.664 0.134
3567.94992 I 20.848 0.235
4400.70547 H 17.763 0.0694262198308391
4400.69841 J 18.561 0.110022724925353
4400.71635 K 17.229 0.0443846820423443
4401.70091 K 17.48 0.173288776324377
3667.81337 H 17.467 0.044
3720.69613 H 17.451 0.048
4081.74816 H 17.346 0.077
4125.74742 H 17.093 0.061
4386.89975 H 17.677 0.03
3667.81104 J 18.357 0.07
3720.69276 J 18.155 0.063
4117.70968 J 18.06 0.048
4397.85812 J 18.367 0.027
3632.06069 K 16.85 0.038
3661.93203 K 16.895 0.041
3663.88387 K 17.032 0.07
3667.8179 K 16.911 0.035
3720.7007 K 16.989 0.038
3727.74907 K 16.963 0.04
3938.0796 K 16.61 0.027
4081.7246 K 17.034 0.071
4125.71533 K 16.73 0.061
4386.87886 K 17.254 0.038
