2499.90404 I 20.637 0.183
2499.94584 I 21.831 0.344
2517.78972 I 21.617 0.361
2517.80432 I 22.192 0.663
2531.75028 I 21.803 0.372
2531.78928 I 21.504 0.274
2557.79452 I 21.074 0.119
2557.80622 I 20.884 0.16
2589.80009 I 20.29 0.08
2589.80609 I 20.264 0.102
2646.62805 I 19.661 0.056
2646.63475 I 19.702 0.066
2662.60575 I 19.548 0.053
2662.61355 I 19.532 0.048
2901.76995 I 20.355 0.068
2901.77615 I 20.34 0.096
2908.81181 I 20.361 0.117
2908.81811 I 20.192 0.089
2932.80679 I 20.067 0.035
2932.81359 I 20.062 0.033
2958.81828 I 19.389 0.053
2958.82438 I 19.525 0.055
3000.64213 I 19.443 0.058
3000.65493 I 19.654 0.067
3567.94372 I 19.433 0.054
3567.94992 I 19.422 0.044
4400.70547 H 17.629 0.0354400902933387
4400.69841 J 18.36 0.0711688133946324
4400.71635 K 17.2 0.0531507290636732
3667.81337 H 17.238 0.039
3720.69613 H 17.428 0.047
4081.74816 H 17.871 0.082
4125.74742 H 17.764 0.066
4386.89975 H 17.832 0.034
3667.81104 J 17.772 0.041
3720.69276 J 17.918 0.049
4117.70968 J 18.534 0.056
4397.85812 J 18.589 0.032
3632.06069 K 16.784 0.037
3661.93203 K 16.761 0.039
3663.88387 K 16.9 0.061
3667.8179 K 16.571 0.029
3720.7007 K 16.972 0.038
3727.74907 K 17.154 0.043
3938.07961 K 16.769 0.029
4081.7246 K 17.392 0.076
4125.71532 K 17.319 0.068
4386.87886 K 17.224 0.037
