332.9739 I 21.482 0.278
333.92016 I 21.464 0.211
335.00013 I 21.931 0.371
348.76535 I 21.37 0.276
349.8552 I 21.831 0.383
349.8635 I 21.48 0.26
350.89285 I 21.416 0.353
352.95285 I 21.063 0.334
353.82239 I 21.828 0.513
356.99972 I 20.442 0.26
358.02206 I 20.683 0.202
358.94199 I 21.247 0.242
358.95089 I 20.965 0.219
359.82772 I 21.324 0.264
359.83662 I 21.084 0.236
361.93389 I 20.975 0.188
362.00569 I 20.784 0.164
362.75782 I 20.98 0.18
363.76735 I 20.773 0.18
363.89025 I 20.818 0.169
364.80108 I 21.053 0.186
364.92048 I 20.67 0.161
365.7592 I 20.933 0.178
365.93141 I 20.839 0.154
645.95211 I 19.856 0.072
646.8952 I 19.831 0.084
651.89055 I 19.726 0.105
652.88065 I 20.052 0.097
653.97075 I 19.785 0.078
660.89968 I 19.895 0.072
660.96679 I 20.013 0.081
665.87634 I 19.896 0.065
672.00249 I 20.151 0.12
673.96086 I 19.863 0.075
674.95185 I 19.853 0.063
679.90218 I 19.663 0.067
680.95566 I 19.621 0.078
685.92737 I 19.521 0.087
685.96658 I 19.911 0.072
687.96233 I 19.672 0.059
688.95951 I 19.729 0.063
690.93407 I 19.722 0.058
695.90543 I 19.789 0.069
730.9622 I 20.089 0.085
1044.93146 I 20.934 0.143
1074.86521 I 19.992 0.055
1074.97312 I 20.336 0.084
1075.81707 I 20.238 0.104
1075.86887 I 20.084 0.086
1075.97438 I 20.17 0.081
1101.73992 I 20.093 0.097
1103.89045 I 20.004 0.077
1104.86977 I 19.817 0.063
1105.95348 I 19.749 0.067
1106.71559 I 19.934 0.064
1139.71361 I 19.884 0.083
1140.67467 I 19.739 0.097
1140.73477 I 19.743 0.079
1140.84466 I 19.82 0.073
1141.69632 I 19.909 0.082
1141.77172 I 19.911 0.093
2499.90404 I 21.213 0.305
2499.94584 I 20.86 0.12
2517.78971 I 21.189 0.22
2517.80432 I 21.505 0.364
2531.75027 I 21.444 0.287
2531.78928 I 21.638 0.239
2557.79452 I 20.544 0.114
2557.80622 I 20.761 0.113
2589.80009 I 20.082 0.062
2589.80609 I 20.145 0.054
2646.62805 I 19.79 0.048
2646.63475 I 19.968 0.083
2662.60575 I 19.938 0.069
2662.61355 I 19.862 0.061
2901.76995 I 20.138 0.065
2901.77615 I 20.112 0.053
2908.81181 I 20.249 0.048
2908.81811 I 20.288 0.057
2932.80679 I 21.284 0.103
2932.81359 I 21.097 0.087
2958.81828 I 21.769 0.283
2958.82438 I 22.016 0.286
3000.64213 I 21.749 0.346
3000.65493 I 22.384 0.529
3567.94372 I 19.98 0.073
3567.94992 I 19.965 0.05
4400.70547 H 18.09 0.0562938717801503
4400.71635 K 17.854 0.0756637297521078
3667.81337 H 18.54 0.091
3720.69613 H 18.337 0.073
4081.74817 H 18.153 0.089
4125.74742 H 18.515 0.082
4386.89975 H 18.456 0.057
3667.81104 J 19.26 0.163
4117.70968 J 19.404 0.095
4397.85812 J 19.261 0.056
3632.06069 K 17.8 0.068
3661.93203 K 17.775 0.065
3663.88387 K 18 0.147
3667.8179 K 18.077 0.087
3727.74907 K 17.746 0.061
3938.0796 K 17.954 0.07
4081.7246 K 17.453 0.079
4125.71533 K 17.876 0.083
4386.87886 K 17.977 0.065
