332.9739 I 21.434 0.242
333.92016 I 21.25 0.178
333.97607 I 22.378 0.426
334.88823 I 22.199 0.459
335.00014 I 21.595 0.256
348.76535 I 21.336 0.256
348.77365 I 22.365 0.629
349.8469 I 21.781 0.34
349.8552 I 20.92 0.152
349.8635 I 21.095 0.201
350.00761 I 22.36 0.597
350.89285 I 21.523 0.429
352.95285 I 20.947 0.275
353.82239 I 20.817 0.249
356.98042 I 22.194 0.9
356.98522 I 21.61 0.616
356.99492 I 20.909 0.324
356.99972 I 21.832 0.733
357.00452 I 20.818 0.308
358.02206 I 20.845 0.222
358.94199 I 20.851 0.168
358.95089 I 21.027 0.194
358.96139 I 22.118 0.537
358.97309 I 22.1 0.539
359.82772 I 21.15 0.198
359.83662 I 21.079 0.168
359.84722 I 22.333 0.552
359.88552 I 22.389 0.618
361.93389 I 21.26 0.234
362.00569 I 21.374 0.28
362.75782 I 20.767 0.162
363.00983 I 21.587 0.337
363.76735 I 20.854 0.157
363.89025 I 20.895 0.17
364.80108 I 20.926 0.174
364.81118 I 21.584 0.261
364.92048 I 20.974 0.169
365.7592 I 21.036 0.178
365.93141 I 21.08 0.146
365.94141 I 21.616 0.27
645.95211 I 20.363 0.101
645.97221 I 20.765 0.12
646.8952 I 20.254 0.105
646.9035 I 20.733 0.175
651.89056 I 20.257 0.145
651.91076 I 20.95 0.567
652.88065 I 20.074 0.095
652.88895 I 20.68 0.166
653.97075 I 20.066 0.095
660.89968 I 20.168 0.071
660.90809 I 20.448 0.083
660.96679 I 20.093 0.078
660.97509 I 20.492 0.09
665.87634 I 19.995 0.072
665.90004 I 20.37 0.078
671.99349 I 20.324 0.086
672.00249 I 20.101 0.123
673.96086 I 20.182 0.086
673.97016 I 20.488 0.119
674.95185 I 20.12 0.081
674.96035 I 20.447 0.117
679.87777 I 20.387 0.098
679.90218 I 20.014 0.082
680.95566 I 20 0.095
680.96397 I 20.417 0.135
685.92737 I 20.07 0.126
685.93587 I 20.502 0.138
685.96658 I 20.123 0.09
687.95403 I 20.386 0.081
687.96234 I 20.076 0.077
688.95951 I 19.927 0.08
690.89106 I 20.452 0.153
690.93407 I 20.078 0.075
695.90543 I 19.939 0.07
695.96784 I 20.44 0.079
730.9622 I 20.552 0.131
2499.90404 I 21.413 0.399
2499.94584 I 21.237 0.22
2517.78972 I 21.022 0.196
2517.80432 I 20.81 0.216
2531.75028 I 20.74 0.156
2531.78928 I 20.697 0.153
2557.79452 I 20.217 0.099
2557.80622 I 20.267 0.099
2589.80009 I 19.947 0.073
2589.80609 I 20.101 0.098
2646.62805 I 21.055 0.163
2646.63475 I 20.72 0.195
2662.60575 I 21.334 0.31
2662.61355 I 21.19 0.287
2901.76995 I 21.649 0.251
2901.77615 I 21.273 0.184
2908.81181 I 22.029 0.423
2908.81811 I 21.311 0.241
2932.80679 I 21.93 0.231
2932.81359 I 21.788 0.184
2958.81828 I 21.28 0.229
2958.82438 I 21.484 0.261
3000.64213 I 20.367 0.141
3000.65493 I 20.389 0.127
3567.94372 I 20.413 0.089
3567.94992 I 20.18 0.104
4400.70547 H 18.379 0.0557853027239254
4400.71635 K 18.088 0.128390030765632
4401.70091 K 17.851 0.242206523446418
3667.81337 H 18.872 0.113
3720.69613 H 18.631 0.085
4081.74817 H 18.084 0.087
4125.74742 H 18.489 0.081
4386.89975 H 18.32 0.051
3667.81104 J 19.465 0.168
3720.69276 J 19.49 0.185
4117.70968 J 19.334 0.091
4397.85812 J 19.203 0.052
3632.06069 K 17.614 0.06
3661.93203 K 17.971 0.075
3663.88387 K 18.264 0.152
3667.8179 K 18.067 0.083
3720.7007 K 18.181 0.091
3727.74907 K 17.935 0.068
3938.0796 K 17.657 0.055
4081.7246 K 17.507 0.08
4125.71532 K 18.088 0.092
4386.87886 K 17.931 0.063
