332.9739 I 21.1 0.167
333.92016 I 21.025 0.141
335.00014 I 20.879 0.106
348.76535 I 21.417 0.247
349.85521 I 21.03 0.152
349.86351 I 21.104 0.165
350.89286 I 21.135 0.224
353.82239 I 21.552 0.46
356.99492 I 21.529 0.56
356.99972 I 20.722 0.317
357.00452 I 20.76 0.283
358.94199 I 20.931 0.154
358.95089 I 20.945 0.174
359.82773 I 21.028 0.143
359.83663 I 21.107 0.162
363.89025 I 21.515 0.268
364.80108 I 21.119 0.187
364.92048 I 21.225 0.19
365.75921 I 21.254 0.211
365.93141 I 20.841 0.11
645.95211 I 20.613 0.126
646.8952 I 20.788 0.17
651.89056 I 20.537 0.168
652.88065 I 20.464 0.122
660.89969 I 20.558 0.119
660.96679 I 20.655 0.132
665.87634 I 20.891 0.174
672.00249 I 20.614 0.183
673.96087 I 21.237 0.199
674.95185 I 21.044 0.183
679.90218 I 21.238 0.245
680.95567 I 21.162 0.263
685.92738 I 21.265 0.349
685.96658 I 21.291 0.275
687.96234 I 21.481 0.244
690.93407 I 21.852 0.339
2499.94585 I 20.946 0.116
2517.80432 I 21.03 0.197
2517.87532 I 20.936 0.138
2531.78928 I 20.641 0.108
2531.80668 I 20.828 0.201
2557.74982 I 20.498 0.084
2557.80622 I 20.384 0.085
2589.7945 I 19.951 0.065
2589.8001 I 19.876 0.088
2646.62215 I 21.407 0.216
2646.62805 I 21.057 0.156
2662.59925 I 22.097 0.479
2662.60575 I 21.63 0.294
2901.76376 I 21.803 0.248
2901.76996 I 21.695 0.182
2908.80541 I 21.731 0.233
2908.81181 I 21.538 0.169
2932.80119 I 20.646 0.049
2932.80679 I 20.551 0.043
2958.81219 I 20.344 0.067
2958.81829 I 20.283 0.072
3000.63564 I 20.281 0.087
3000.64214 I 20.533 0.116
3567.94992 I 20.856 0.09
3567.95582 I 20.91 0.096
4400.79205 H 18.491 0.0537587202228624
3643.99905 H 18.687 0.086
3667.81338 H 18.116 0.063
3720.69613 H 18.454 0.075
4081.74817 H 18.074 0.086
4125.74742 H 17.962 0.068
4386.89976 H 18.584 0.064
3667.81105 J 18.785 0.093
3720.69276 J 19.539 0.191
4117.70968 J 18.812 0.065
4397.85812 J 19.569 0.071
3632.0607 K 18.214 0.095
3644.00357 K 17.664 0.069
3661.93203 K 17.602 0.058
3663.88387 K 17.859 0.12
3667.81791 K 17.754 0.063
3720.7007 K 18.176 0.09
3727.74907 K 17.986 0.07
3938.07961 K 17.902 0.067
4081.7246 K 17.96 0.092
4125.71532 K 17.599 0.074
4386.87887 K 18.031 0.068
