332.9739 I 20.134 0.06
333.92016 I 20.026 0.049
335.00014 I 20.034 0.062
348.76535 I 19.974 0.063
349.8552 I 19.847 0.055
349.8635 I 19.882 0.055
350.89285 I 19.976 0.088
352.95285 I 20.079 0.105
353.82239 I 19.88 0.089
356.99492 I 19.795 0.108
356.99972 I 20.023 0.182
357.00452 I 19.86 0.147
358.02206 I 20.013 0.094
358.94199 I 19.953 0.064
358.95089 I 19.928 0.064
359.82772 I 19.845 0.058
359.83662 I 19.836 0.054
361.93389 I 20.038 0.068
362.0057 I 19.974 0.079
362.75782 I 20.092 0.082
363.00983 I 20.183 0.1
363.76735 I 20.016 0.067
363.89025 I 19.985 0.076
364.80108 I 19.93 0.053
364.92048 I 20.034 0.072
365.7592 I 19.958 0.058
365.93141 I 19.909 0.057
645.95211 I 20.549 0.097
646.8952 I 20.665 0.135
651.89056 I 20.723 0.21
652.88065 I 20.401 0.107
653.97075 I 20.562 0.13
660.89969 I 20.353 0.092
660.96679 I 20.433 0.079
665.87634 I 20.381 0.066
672.00249 I 20.208 0.104
673.96086 I 20.427 0.087
674.95185 I 20.431 0.083
679.90218 I 20.297 0.104
680.95567 I 20.289 0.105
685.92737 I 20.204 0.132
685.96658 I 20.146 0.078
687.96234 I 20.156 0.062
688.95951 I 20.234 0.081
690.93407 I 19.943 0.057
695.90544 I 19.956 0.06
730.9622 I 20.216 0.092
2499.94584 I 20.909 0.102
2517.80432 I 20.956 0.194
2517.87532 I 20.707 0.123
2531.78928 I 20.581 0.111
2531.80668 I 20.763 0.146
2557.74982 I 20.032 0.061
2589.7945 I 19.708 0.04
2589.8001 I 19.912 0.061
2646.62215 I 20.418 0.094
2662.59925 I 21.133 0.174
2662.60575 I 20.968 0.172
2901.76375 I 20.423 0.066
2901.76995 I 20.184 0.038
2908.80541 I 20.29 0.063
2908.81181 I 20.31 0.068
2932.80119 I 20.153 0.118
2958.81218 I 19.98 0.053
3000.63564 I 20.874 0.167
3567.95582 I 19.94 0.038
3667.81337 H 18.816 0.108
3720.69613 H 20.633 0.403
4081.74817 H 18.895 0.116
4125.74742 H 18.169 0.072
4386.89975 H 18.758 0.074
3667.81104 J 19.231 0.135
4117.70968 J 19.038 0.074
4397.85812 J 19.471 0.066
3632.06069 K 18.184 0.092
3661.93203 K 18.102 0.082
3663.88387 K 18.256 0.157
3667.8179 K 18.15 0.088
3727.74907 K 18.719 0.126
3938.07961 K 18.235 0.088
4081.7246 K 18.787 0.152
4125.71532 K 18.028 0.089
4386.87886 K 18.498 0.102
