332.9739 I 20.862 0.078
333.92017 I 20.86 0.093
335.00014 I 20.876 0.082
348.76535 I 20.508 0.094
349.85521 I 20.491 0.057
349.86351 I 20.512 0.085
350.89286 I 20.549 0.12
352.95285 I 20.575 0.148
353.82239 I 20.646 0.179
356.99492 I 20.469 0.224
356.99972 I 20.322 0.162
357.00452 I 20.213 0.164
358.02206 I 20.423 0.138
358.94199 I 20.325 0.075
358.95089 I 20.36 0.083
359.82773 I 20.381 0.074
359.83663 I 20.359 0.064
361.9339 I 20.345 0.067
362.0057 I 20.22 0.081
362.75782 I 20.288 0.081
363.00983 I 20.311 0.099
363.76735 I 20.272 0.073
363.89026 I 20.309 0.093
364.80108 I 20.3 0.066
364.92048 I 20.316 0.067
365.75921 I 20.357 0.061
365.93141 I 20.393 0.065
645.95211 I 21.119 0.11
646.8952 I 20.898 0.144
651.89056 I 20.79 0.209
652.88065 I 20.733 0.136
653.97075 I 21.054 0.154
660.89969 I 20.653 0.085
660.96679 I 20.663 0.086
665.87634 I 20.891 0.126
672.00249 I 20.764 0.182
673.96087 I 20.746 0.091
674.95185 I 20.613 0.101
679.90218 I 20.656 0.115
680.95567 I 20.758 0.169
685.92738 I 20.388 0.165
685.96658 I 20.991 0.144
687.96234 I 20.706 0.074
688.95952 I 20.907 0.119
690.93407 I 20.61 0.077
695.90544 I 20.548 0.081
730.96221 I 20.141 0.078
2499.94585 I 19.848 0.044
2517.80432 I 19.823 0.082
2517.87533 I 19.737 0.051
2531.78928 I 19.745 0.049
2557.74982 I 20.052 0.053
2557.80622 I 19.939 0.099
2589.7945 I 20.351 0.081
2589.8001 I 20.246 0.106
2646.62215 I 21.011 0.129
2646.62805 I 21.292 0.202
2662.59925 I 20.847 0.132
2662.60575 I 21.044 0.16
2901.76376 I 21.076 0.144
2901.76996 I 21.027 0.133
2908.80541 I 21.218 0.16
2908.81181 I 21.189 0.131
2932.80119 I 21.406 0.099
2932.80679 I 21.338 0.098
2958.81219 I 21.205 0.157
2958.81829 I 21.146 0.159
3000.63564 I 20.147 0.079
3000.64213 I 20.196 0.085
3567.94992 I 21.523 0.153
3567.95582 I 21.701 0.191
4400.79205 H 17.271 0.0265706605111728
4400.78669 J 18.154 0.0955667306126981
4400.80187 K 16.727 0.037
3667.81338 H 17.828 0.052
3720.69613 H 17.344 0.046
4081.74817 H 17.24 0.077
4125.74742 H 17.693 0.065
4386.89976 H 17.16 0.021
3667.81105 J 18.589 0.078
3720.69276 J 18.161 0.06
4117.70967 J 18.468 0.055
4397.85812 J 18.105 0.022
3632.0607 K 17.52 0.056
3661.93204 K 17.503 0.054
3663.88388 K 17.481 0.092
3667.81791 K 17.431 0.049
3720.7007 K 17.105 0.041
3727.74907 K 16.941 0.039
3938.07961 K 17.317 0.042
4081.7246 K 16.828 0.069
4125.71532 K 17.22 0.066
4386.87887 K 16.788 0.029
