332.9739 I 19.086 0.039
333.92016 I 18.999 0.034
335.00014 I 18.954 0.033
348.76535 I 18.538 0.032
349.85521 I 18.561 0.031
349.86351 I 18.548 0.027
350.89286 I 18.544 0.035
352.95285 I 18.457 0.034
353.82239 I 18.498 0.033
356.99492 I 18.434 0.036
356.99972 I 18.427 0.039
357.00452 I 18.378 0.041
358.02206 I 18.408 0.032
358.94199 I 18.416 0.028
358.95089 I 18.405 0.027
359.82772 I 18.415 0.028
359.83662 I 18.405 0.026
361.93389 I 18.383 0.025
362.0057 I 18.336 0.024
362.75782 I 18.379 0.027
363.00983 I 18.323 0.029
363.76735 I 18.3 0.022
363.89025 I 18.331 0.025
364.80108 I 18.37 0.03
364.92048 I 18.354 0.024
365.7592 I 18.357 0.025
365.93141 I 18.342 0.026
645.95211 I 19.925 0.069
646.8952 I 19.985 0.088
651.89056 I 20.087 0.128
652.88065 I 19.991 0.078
653.97075 I 19.965 0.087
660.89969 I 20.042 0.075
660.96679 I 20.12 0.066
665.87634 I 20.256 0.084
672.00249 I 20.232 0.113
673.96087 I 20.396 0.099
674.95185 I 20.193 0.08
679.90218 I 20.248 0.093
680.95567 I 20.384 0.124
685.92738 I 20.259 0.152
685.96658 I 20.431 0.113
687.96234 I 20.463 0.1
688.95952 I 20.449 0.115
690.93407 I 20.503 0.089
695.90544 I 20.574 0.107
730.9622 I 20.688 0.158
2499.94585 I 17.899 0.012
2517.80432 I 17.655 0.023
2517.87532 I 17.594 0.016
2531.78928 I 17.587 0.016
2531.80668 I 17.595 0.016
2557.74982 I 17.676 0.017
2557.80622 I 17.672 0.025
2589.7945 I 17.906 0.021
2589.8001 I 17.928 0.031
2646.62215 I 18.554 0.019
2646.62805 I 18.513 0.019
2662.59925 I 18.772 0.032
2662.60575 I 18.773 0.029
2901.76376 I 22.805 0.567
2901.76996 I 22.244 0.335
2908.81181 I 22.459 0.4
2932.80119 I 22.452 0.26
2932.80679 I 22.401 0.284
3567.94992 I 21.933 0.251
3567.95582 I 22.129 0.288
4400.79204 H 16.348 0.0237065391822594
4400.78668 J 17.14 0.0460651712251241
4400.80186 K 15.588 0.0259422435421457
3667.81337 H 16.646 0.033
3720.69613 H 16.308 0.041
4081.74817 H 15.44 0.074
4125.74742 H 15.477 0.059
4386.89976 H 16.403 0.014
3667.81104 J 17.417 0.031
3720.69276 J 17.026 0.025
4117.70967 J 16.282 0.04
4397.85812 J 17.191 0.014
3632.0607 K 15.701 0.029
3661.93203 K 15.713 0.033
3663.88387 K 15.728 0.051
3667.8179 K 15.773 0.022
3720.7007 K 15.537 0.024
3727.74907 K 15.512 0.031
3938.07961 K 15.364 0.019
4081.7246 K 14.878 0.065
4125.71532 K 14.85 0.057
4386.87887 K 15.536 0.02
