332.9739 I 20.363 0.053
333.92016 I 20.282 0.058
335.00014 I 20.258 0.052
348.76535 I 20.405 0.081
349.8552 I 20.364 0.06
349.8635 I 20.429 0.066
350.89285 I 20.468 0.12
352.95285 I 20.887 0.21
353.82239 I 20.778 0.172
356.99492 I 20.509 0.26
356.99972 I 20.605 0.253
357.00452 I 20.829 0.269
358.02206 I 20.599 0.177
358.94199 I 20.822 0.135
358.95089 I 20.583 0.097
359.82772 I 20.61 0.096
359.83662 I 20.759 0.113
361.93389 I 20.936 0.11
362.0057 I 20.683 0.113
362.75782 I 20.523 0.111
363.00983 I 20.691 0.132
363.76735 I 20.876 0.116
363.89025 I 20.68 0.102
364.80108 I 20.829 0.101
364.92048 I 20.887 0.101
365.7592 I 20.92 0.102
365.93141 I 20.784 0.106
645.95211 I 21.082 0.13
646.8952 I 21.4 0.238
651.89055 I 21.375 0.379
652.88064 I 20.927 0.154
653.97074 I 20.957 0.169
660.89968 I 21.063 0.108
660.96679 I 21.044 0.131
665.87634 I 21.349 0.15
672.00249 I 21.721 0.45
673.96086 I 21.08 0.128
674.95185 I 21.07 0.135
679.90218 I 20.926 0.16
680.95566 I 20.946 0.187
685.92737 I 21.173 0.33
685.96658 I 21.136 0.177
687.96234 I 20.975 0.098
688.95951 I 21.231 0.186
690.93407 I 21.037 0.13
695.90543 I 20.802 0.107
730.9622 I 20.845 0.138
2499.94584 I 21.162 0.193
2517.80432 I 21.295 0.309
2517.87532 I 21.074 0.184
2531.78928 I 21.154 0.143
2531.80668 I 20.75 0.142
2557.74982 I 20.627 0.09
2557.80622 I 20.494 0.121
2589.7945 I 20.143 0.079
2589.8001 I 20.251 0.086
2646.62215 I 19.728 0.045
2646.62805 I 19.919 0.046
2662.59925 I 19.937 0.068
2662.60575 I 19.961 0.06
2901.76375 I 20.025 0.046
2901.76995 I 20.009 0.032
2908.80541 I 20.092 0.053
2908.81181 I 20.067 0.047
2932.80119 I 19.993 0.027
2932.80679 I 20.023 0.033
2958.81219 I 20.429 0.084
2958.81829 I 20.467 0.085
3000.63564 I 21.625 0.26
3000.64214 I 22.597 0.701
3567.94991 I 21.394 0.156
3567.95582 I 21.211 0.134
4400.79204 H 17.955 0.0521727898429823
4400.80186 K 17.644 0.099503768772846
3667.81337 H 18.129 0.064
3720.69614 H 17.667 0.051
4081.74817 H 17.972 0.082
4125.74742 H 17.981 0.069
4386.89976 H 18.11 0.043
4117.70968 J 18.834 0.065
4397.85812 J 18.967 0.043
3632.06069 K 17.842 0.07
3661.93203 K 17.48 0.056
3663.88387 K 17.513 0.091
3667.8179 K 17.699 0.061
3720.70071 K 17.347 0.048
3727.74908 K 17.254 0.045
3938.0796 K 17.567 0.051
4081.7246 K 17.53 0.079
4125.71533 K 17.553 0.073
4386.87886 K 17.643 0.05
