332.9739 I 20.425 0.056
333.92016 I 20.459 0.058
335.00014 I 20.537 0.077
348.76535 I 20.792 0.137
349.85521 I 20.425 0.079
349.86351 I 20.444 0.068
350.89286 I 20.832 0.166
352.95285 I 21.114 0.25
353.82239 I 20.844 0.226
356.99492 I 20.956 0.331
356.99972 I 20.887 0.281
357.00452 I 21.125 0.42
358.02206 I 20.774 0.198
358.94199 I 20.476 0.086
358.95089 I 20.525 0.094
359.82772 I 20.754 0.11
359.83662 I 20.684 0.112
361.93389 I 20.733 0.108
362.0057 I 21.002 0.175
363.00983 I 21.407 0.285
363.76735 I 20.997 0.143
363.89025 I 20.677 0.107
364.80108 I 20.648 0.082
364.92048 I 20.649 0.108
365.7592 I 20.843 0.098
365.93141 I 20.548 0.063
645.95211 I 19.934 0.048
646.8952 I 19.945 0.073
651.89056 I 20.023 0.097
652.88065 I 20.093 0.091
653.97075 I 20.132 0.076
660.89969 I 20.252 0.059
660.96679 I 20.161 0.06
665.87634 I 20.234 0.057
672.00249 I 20.31 0.12
673.96087 I 20.468 0.09
674.95185 I 20.373 0.082
679.90218 I 20.376 0.091
680.95567 I 20.461 0.107
685.92738 I 20.223 0.123
685.96658 I 20.404 0.092
687.96234 I 20.452 0.07
688.95952 I 20.401 0.095
690.93407 I 20.417 0.076
695.90544 I 20.475 0.074
730.9622 I 21.1 0.19
2499.94585 I 19.186 0.048
2517.80432 I 19.079 0.038
2517.87532 I 19.126 0.052
2531.78928 I 19.2 0.041
2531.80668 I 19.188 0.041
2557.74982 I 19.345 0.044
2557.80622 I 19.455 0.128
2589.7945 I 19.867 0.098
2589.8001 I 19.986 0.12
2646.62215 I 20.573 0.153
2646.62805 I 20.405 0.135
2662.59925 I 20.631 0.128
2662.60575 I 20.455 0.144
2901.76376 I 19.446 0.068
2901.76996 I 19.37 0.062
2908.80541 I 19.413 0.043
2908.81181 I 19.432 0.052
2932.80119 I 19.371 0.027
2932.80679 I 19.366 0.023
2958.81218 I 19.637 0.043
2958.81828 I 19.605 0.048
3000.63563 I 20.025 0.076
3000.64213 I 19.963 0.066
3567.94992 I 20.664 0.197
3567.95582 I 20.677 0.165
4400.78668 J 18.069 0.0926498785752038
4400.80186 K 16.6 0.0475394572960188
3667.81337 H 16.997 0.036
3720.69613 H 16.737 0.042
4081.74817 H 16.806 0.075
4125.74742 H 16.581 0.06
4386.89976 H 17.145 0.021
3667.81104 J 17.916 0.046
3720.69276 J 17.671 0.04
4117.70967 J 17.567 0.043
4397.85812 J 18.017 0.021
3632.0607 K 16.807 0.037
3661.93203 K 16.646 0.037
3663.88387 K 16.702 0.059
3667.8179 K 16.31 0.026
3720.7007 K 16.303 0.028
3727.74907 K 16.193 0.033
3938.07961 K 16.669 0.028
4081.7246 K 16.439 0.067
4125.71532 K 16.179 0.059
4386.87886 K 16.718 0.028
