332.9739 I 19.86 0.043
333.92016 I 19.879 0.044
335.00014 I 19.855 0.054
348.76535 I 20.308 0.077
349.8552 I 20.149 0.066
349.8635 I 20.13 0.059
350.89285 I 20.118 0.103
352.95285 I 20.395 0.132
353.82239 I 20.137 0.1
356.99492 I 20.198 0.159
356.99972 I 20.201 0.167
357.00452 I 20.077 0.151
358.02206 I 20.413 0.15
358.94199 I 20.321 0.076
358.95089 I 20.246 0.081
359.82772 I 20.234 0.075
359.83662 I 20.233 0.065
361.93389 I 20.296 0.075
362.0057 I 20.4 0.094
362.75782 I 20.592 0.122
363.00983 I 20.833 0.156
363.76735 I 20.556 0.108
363.89025 I 20.808 0.157
364.80108 I 20.382 0.073
364.92048 I 20.284 0.081
365.7592 I 20.562 0.09
365.93141 I 20.366 0.079
645.95211 I 20.418 0.082
646.8952 I 20.417 0.113
651.89055 I 20.219 0.128
652.88065 I 20.227 0.09
653.97075 I 20.27 0.093
660.89968 I 20.172 0.058
660.96679 I 20.118 0.058
665.87634 I 20.071 0.048
672.00249 I 20.098 0.099
673.96086 I 19.933 0.056
674.95185 I 19.94 0.057
679.90218 I 19.859 0.064
680.95567 I 19.849 0.074
685.92737 I 19.868 0.1
685.96658 I 19.892 0.065
687.96234 I 19.8 0.04
688.95951 I 19.864 0.053
690.93407 I 19.86 0.045
695.90544 I 19.864 0.053
730.9622 I 20.12 0.078
2499.94584 I 19.815 0.043
2517.80432 I 19.905 0.09
2517.87532 I 19.87 0.071
2531.78928 I 20.115 0.072
2531.80668 I 20.015 0.085
2557.74982 I 20.555 0.089
2557.80622 I 20.555 0.079
2589.7945 I 20.932 0.162
2589.8001 I 20.762 0.132
2646.62215 I 20.03 0.075
2646.62805 I 20.069 0.061
2662.59925 I 19.869 0.062
2662.60575 I 19.812 0.065
2901.76375 I 20.047 0.064
2901.76995 I 20.064 0.034
2908.80541 I 20.041 0.073
2908.81181 I 20.09 0.055
2932.80119 I 20.458 0.042
2932.80679 I 20.437 0.046
2958.81219 I 20.752 0.102
2958.81829 I 20.612 0.11
3000.63564 I 20.581 0.123
3000.64214 I 20.37 0.11
3567.94992 I 21.186 0.165
3567.95582 I 21.095 0.116
4400.79204 H 18.472 0.0682495421230062
4400.71635 K 18.232 0.147410990092327
3667.81337 H 18.256 0.07
4081.74817 H 17.966 0.084
4125.74742 H 18.342 0.077
4386.89975 H 18.651 0.067
4117.70968 J 19.126 0.079
4397.85812 J 19.575 0.072
3632.06069 K 18.028 0.083
3661.93203 K 17.666 0.06
3663.88387 K 17.594 0.096
3667.8179 K 17.383 0.048
3720.7007 K 17.542 0.055
3727.74907 K 17.578 0.053
3938.0796 K 17.828 0.063
4081.7246 K 17.473 0.078
4125.71533 K 17.644 0.075
4386.87886 K 17.902 0.063
