332.9739 I 20.948 0.095
333.92017 I 20.928 0.079
335.00014 I 21.026 0.09
348.76535 I 21.01 0.138
349.85521 I 20.922 0.097
349.86351 I 21.215 0.129
350.89286 I 21.144 0.22
352.95285 I 21.114 0.241
353.82239 I 21.181 0.252
356.99492 I 21.168 0.41
356.99972 I 21.073 0.339
357.00452 I 20.948 0.367
358.02206 I 21.654 0.401
358.94199 I 20.959 0.146
358.9509 I 20.907 0.132
359.82773 I 20.867 0.108
359.83663 I 21.173 0.142
361.9339 I 20.953 0.111
362.0057 I 20.779 0.146
362.75782 I 21.047 0.21
363.00983 I 21.016 0.185
363.76735 I 20.812 0.117
363.89026 I 21.029 0.161
364.80108 I 21.062 0.126
364.92048 I 20.859 0.106
365.75921 I 20.987 0.12
365.93141 I 20.912 0.101
645.95211 I 18.595 0.017
646.8952 I 18.595 0.024
651.89056 I 18.522 0.029
652.88065 I 18.521 0.021
653.97075 I 18.534 0.02
660.89969 I 18.434 0.016
660.96679 I 18.456 0.014
665.87634 I 18.446 0.015
672.00249 I 18.432 0.023
673.96087 I 18.415 0.018
674.95185 I 18.383 0.015
679.90218 I 18.359 0.017
680.95567 I 18.401 0.02
685.92738 I 18.365 0.027
685.96658 I 18.412 0.022
687.96234 I 18.383 0.013
688.95952 I 18.413 0.016
690.93407 I 18.383 0.013
695.90544 I 18.384 0.015
730.96221 I 18.531 0.02
2499.94585 I 19.722 0.045
2517.80432 I 19.393 0.051
2517.87533 I 19.542 0.05
2531.80668 I 19.194 0.044
2557.74982 I 18.766 0.066
2557.80622 I 18.707 0.05
2589.7945 I 18.417 0.034
2589.8001 I 18.324 0.048
2646.62805 I 18.786 0.023
2662.59925 I 18.782 0.028
2662.60575 I 18.885 0.031
2901.76376 I 21.093 0.073
2901.76996 I 21.276 0.101
2908.80541 I 21.433 0.148
2908.81181 I 21.442 0.142
2932.80119 I 21.201 0.072
2932.80679 I 21.248 0.083
2958.81219 I 20.855 0.123
2958.81829 I 20.966 0.138
3000.63563 I 20.545 0.091
3000.64213 I 20.53 0.117
3567.94992 I 20.925 0.13
3567.95582 I 20.804 0.087
4400.79205 H 16.515 0.0246981780704569
4400.78669 J 17.331 0.0496588360717405
4400.80187 K 15.915 0.0228254244210267
3667.81338 H 16.404 0.032
3720.69613 H 16.225 0.041
4081.74817 H 15.842 0.074
4125.74742 H 16.198 0.059
4386.89976 H 16.465 0.015
3667.81105 J 17.06 0.024
3720.69276 J 16.92 0.024
4117.70967 J 16.948 0.041
4397.85812 J 17.238 0.014
3632.0607 K 15.745 0.029
3661.93204 K 15.636 0.032
3663.88388 K 15.667 0.05
3667.81791 K 15.673 0.022
3720.7007 K 15.668 0.025
3727.74907 K 15.574 0.031
3938.07961 K 14.977 0.018
4081.7246 K 15.258 0.065
4125.71532 K 15.515 0.057
4386.87887 K 15.742 0.02
