2499.94584 I 19.603 0.032
2517.80432 I 19.388 0.047
2517.87532 I 19.449 0.054
2531.78928 I 19.379 0.043
2531.80668 I 19.383 0.045
2557.74982 I 19.523 0.034
2557.80622 I 19.345 0.039
2589.7945 I 19.621 0.05
2589.8001 I 19.588 0.066
2646.62215 I 20.717 0.098
2646.62805 I 20.67 0.095
2662.59925 I 21.05 0.159
2662.60575 I 20.878 0.169
2901.76376 I 19.975 0.056
2901.76996 I 19.982 0.047
2908.80541 I 20.176 0.067
2908.81181 I 20.164 0.043
2932.80119 I 20.804 0.055
2932.80679 I 20.733 0.064
2958.81219 I 21.401 0.186
2958.81829 I 21.181 0.154
3000.63564 I 21.259 0.185
3000.64214 I 20.994 0.169
3567.94992 I 21.657 0.207
3567.95582 I 21.583 0.163
4400.79205 H 17.8 0.0357351367704113
4400.78669 J 18.672 0.147800541270998
4400.80187 K 17.504 0.0807527089328897
3643.99905 H 18.277 0.06
3667.81338 H 18.062 0.061
3720.69614 H 17.428 0.047
4081.74817 H 17.687 0.08
4125.74742 H 18.019 0.069
4386.89976 H 17.685 0.03
3643.9967 J 18.924 0.119
3667.81105 J 18.469 0.071
3720.69277 J 18.047 0.055
4117.70968 J 18.686 0.06
4397.85812 J 18.584 0.032
3632.06069 K 17.651 0.061
3644.00357 K 17.98 0.092
3661.93203 K 17.633 0.059
3663.88387 K 17.649 0.103
3667.81791 K 17.652 0.059
3720.70071 K 17.082 0.04
3727.74908 K 17.016 0.04
3938.0796 K 17.351 0.043
4081.7246 K 17.222 0.073
4125.71533 K 17.574 0.073
4386.87887 K 17.214 0.037
