2499.94584 I 19.798 0.063
2517.80432 I 20.156 0.088
2517.87532 I 20.023 0.081
2531.78928 I 20.316 0.087
2531.80668 I 20.225 0.101
2557.74982 I 20.813 0.139
2557.80622 I 21.004 0.164
2589.7945 I 21.522 0.462
2589.8001 I 20.995 0.245
2646.62215 I 21.91 0.442
2646.62805 I 21.981 0.403
2662.59925 I 22.013 0.433
2662.60575 I 21.546 0.279
2901.76375 I 19.534 0.065
2901.76995 I 19.558 0.061
2908.80541 I 19.653 0.044
2908.81181 I 19.675 0.042
2932.80119 I 19.942 0.032
2932.80679 I 20.063 0.037
2958.81219 I 20.403 0.08
2958.81829 I 20.399 0.086
3000.63564 I 20.964 0.171
3000.64214 I 21.026 0.203
3567.94991 I 21.374 0.187
3567.95581 I 21.239 0.16
4400.79204 H 17.385 0.0342052627529741
4400.80186 K 16.878 0.0364005494464026
3643.99905 H 17.467 0.03
3667.81337 H 17.382 0.042
3720.69614 H 16.844 0.043
4081.74817 H 17.041 0.076
4125.74742 H 16.918 0.06
4386.89975 H 17.38 0.025
3643.9967 J 18.121 0.062
3667.81104 J 18.073 0.052
3720.69277 J 17.642 0.04
4117.70968 J 17.794 0.045
4397.85812 J 18.133 0.023
3632.06069 K 16.805 0.037
3644.00357 K 17.091 0.044
3661.93203 K 16.799 0.039
3663.88387 K 16.881 0.066
3667.8179 K 16.78 0.032
3720.70071 K 16.491 0.03
3727.74908 K 16.412 0.034
3938.0796 K 16.581 0.026
4081.7246 K 16.72 0.068
4125.71533 K 16.542 0.06
4386.87886 K 16.729 0.028
