332.9739 I 21.486 0.126
333.92016 I 21.488 0.122
335.00014 I 21.515 0.122
348.76535 I 21.203 0.159
349.85521 I 21.085 0.106
349.86351 I 21.126 0.135
350.89286 I 20.981 0.181
352.95285 I 20.774 0.19
353.82239 I 21.002 0.221
356.99492 I 20.57 0.218
356.99972 I 20.758 0.271
357.00452 I 20.633 0.236
358.02206 I 20.812 0.183
358.94199 I 20.707 0.114
358.95089 I 20.714 0.113
359.82773 I 20.698 0.083
359.83663 I 20.671 0.084
361.9339 I 20.614 0.082
362.0057 I 20.505 0.094
362.75782 I 20.718 0.124
363.00983 I 20.58 0.12
363.76735 I 20.557 0.093
363.89025 I 20.459 0.103
364.80108 I 20.615 0.075
364.92048 I 20.515 0.066
365.75921 I 20.465 0.066
365.93141 I 20.466 0.065
652.88065 I 22.311 0.527
660.89969 I 21.952 0.284
660.96679 I 22.181 0.349
665.87634 I 22.084 0.299
672.00249 I 22.418 0.818
673.96086 I 21.482 0.199
674.95185 I 21.318 0.154
679.90218 I 21.374 0.199
680.95567 I 21.198 0.219
685.92738 I 21.925 0.643
685.96658 I 20.952 0.145
687.96234 I 20.908 0.094
688.95952 I 20.963 0.147
690.93407 I 20.838 0.105
695.90544 I 20.764 0.093
730.96221 I 19.897 0.058
2499.94584 I 20.658 0.081
2517.80432 I 20.295 0.122
2531.78928 I 19.758 0.043
2557.80622 I 19.612 0.044
2589.8001 I 19.594 0.052
2646.62805 I 20.42 0.071
2662.60575 I 20.679 0.126
2901.76996 I 20.123 0.032
2908.81181 I 19.938 0.043
2932.80679 I 19.522 0.02
2958.81829 I 19.592 0.041
3000.64214 I 20.53 0.109
3567.94992 I 20.989 0.093
3567.95582 I 21.164 0.113
4400.79205 H 17.053 0.0241660919471891
4400.78669 J 17.967 0.0657875368135941
4400.80187 K 16.422 0.0295465734053883
3643.99905 H 17.263 0.026
3667.81338 H 17.088 0.037
3720.69614 H 17.032 0.044
4081.74817 H 16.988 0.075
4125.74742 H 17.181 0.061
4386.89976 H 17.131 0.021
3643.9967 J 18.136 0.062
3667.81105 J 17.944 0.046
3720.69277 J 17.975 0.051
4117.70968 J 18.124 0.048
4397.85813 J 18.143 0.023
3632.0607 K 16.893 0.039
3644.00357 K 16.896 0.039
3661.93204 K 16.645 0.037
3663.88388 K 16.604 0.06
3667.81791 K 16.615 0.029
3720.7007 K 16.531 0.031
3727.74908 K 16.515 0.035
3938.0796 K 17.2 0.039
4081.7246 K 16.496 0.067
4125.71533 K 16.678 0.061
4386.87887 K 16.53 0.025
