2499.94584 I 21.799 0.278
2517.80431 I 20.856 0.191
2517.87532 I 20.757 0.131
2531.78928 I 20.809 0.115
2531.80668 I 20.912 0.229
2557.74982 I 20.572 0.093
2557.80622 I 20.714 0.119
2589.7945 I 20.95 0.14
2589.8001 I 20.842 0.136
2646.62215 I 22.062 0.382
2646.62805 I 21.748 0.221
2662.59925 I 22.302 0.523
2662.60575 I 22.393 0.617
2901.76375 I 20.515 0.085
2901.76995 I 20.262 0.069
2908.80541 I 20.448 0.084
2908.81181 I 20.431 0.06
2932.80119 I 20.567 0.051
2932.80679 I 20.534 0.055
2958.81219 I 21.867 0.354
2958.81829 I 21.302 0.225
3567.94991 I 20.011 0.06
3567.95581 I 19.97 0.062
4400.79204 H 17.823 0.0441474801092882
3643.99905 H 17.423 0.03
3667.81337 H 18.069 0.061
3720.69614 H 18.915 0.101
4039.77535 H 17.974 0.066
4397.89571 H 17.819 0.039
3643.9967 J 18.318 0.071
4397.87305 J 18.857 0.047
3632.12431 K 16.926 0.047
3644.00357 K 17.024 0.043
3661.97993 K 17.155 0.057
3663.88387 K 17.075 0.073
3667.8179 K 16.803 0.032
3720.70071 K 17.828 0.066
3938.1013 K 16.795 0.06
4038.85679 K 17.445 0.049
4397.83375 K 17.316 0.041
