332.9739 I 20.402 0.072
333.92016 I 20.35 0.071
335.00014 I 20.302 0.079
348.76535 I 20.358 0.09
349.8552 I 20.377 0.08
349.8635 I 20.17 0.059
350.89285 I 20.239 0.103
352.95285 I 19.915 0.111
353.82239 I 20.414 0.135
356.99492 I 20.05 0.141
356.99972 I 19.983 0.142
357.00452 I 20.243 0.197
358.02206 I 20.177 0.108
358.94199 I 20.336 0.08
358.95089 I 20.11 0.079
359.82772 I 20.335 0.088
359.83662 I 20.148 0.066
361.93389 I 19.965 0.061
362.0057 I 19.816 0.061
362.75782 I 19.791 0.065
363.00983 I 19.82 0.073
363.76735 I 19.944 0.065
363.89025 I 20.186 0.093
364.80108 I 20.17 0.067
364.92048 I 20.076 0.067
365.7592 I 20.048 0.061
365.93141 I 20.09 0.078
645.95211 I 19.723 0.049
646.89519 I 19.638 0.06
651.89055 I 19.6 0.079
652.88064 I 19.748 0.061
653.97074 I 19.488 0.052
660.89968 I 19.664 0.048
660.96679 I 19.746 0.058
665.87634 I 19.802 0.058
672.00249 I 19.548 0.069
673.96086 I 19.613 0.057
674.95185 I 19.581 0.052
679.90217 I 19.664 0.055
680.95566 I 19.637 0.054
685.92737 I 19.448 0.068
685.96658 I 19.761 0.071
687.96233 I 19.602 0.045
688.95951 I 19.406 0.048
690.93407 I 19.569 0.038
695.90543 I 19.682 0.049
730.9622 I 19.615 0.055
2499.94584 I 21.251 0.173
2517.80432 I 21.809 0.494
2531.80668 I 20.856 0.263
2557.74982 I 22.754 0.926
2589.7945 I 20.953 0.437
2646.62215 I 20.479 0.119
2646.62805 I 20.355 0.083
2662.59925 I 20.261 0.134
2662.60575 I 20.145 0.119
2901.76375 I 21.006 0.147
2901.76995 I 21.177 0.158
2908.80541 I 20.878 0.158
2908.81181 I 20.823 0.139
2932.80119 I 20.696 0.057
2932.80679 I 20.779 0.064
2958.81219 I 19.828 0.095
2958.81829 I 19.785 0.099
3000.63564 I 19.613 0.09
3000.64214 I 19.366 0.095
3567.94991 I 19.776 0.09
3567.95581 I 19.73 0.053
4400.79205 H 17.715 0.0366878726556883
4400.80187 K 17.438 0.0796303962064738
3643.99905 H 17.403 0.029
3667.81338 H 17.69 0.049
3720.69614 H 17.811 0.053
4039.77535 H 17.769 0.055
4397.89571 H 17.544 0.033
3643.9967 J 18.058 0.056
3667.81105 J 18.252 0.062
3720.69277 J 18.429 0.076
4397.87305 J 18.483 0.035
3632.12431 K 17.015 0.049
3644.00357 K 17.015 0.042
3661.97994 K 17.284 0.06
3663.88387 K 17.15 0.075
3667.81791 K 17.108 0.038
3720.70071 K 17.341 0.046
3938.1013 K 17.221 0.072
4038.85679 K 17.448 0.049
4397.83375 K 17.381 0.042
