2499.94584 I 21.685 0.319
2517.87532 I 21.867 0.474
2531.78928 I 21.995 0.409
2531.80668 I 21.203 0.298
2557.74982 I 21.041 0.242
2557.80622 I 20.925 0.288
2589.7945 I 20.414 0.194
2589.8001 I 20.76 0.3
2646.62215 I 19.211 0.049
2646.62805 I 19.234 0.061
2662.59925 I 19.12 0.041
2662.60575 I 19.099 0.034
2901.76375 I 21.299 0.164
2901.76995 I 21.275 0.182
2908.80541 I 20.951 0.18
2908.81181 I 21.035 0.169
2932.80119 I 20.788 0.073
2932.80679 I 20.76 0.078
2958.81219 I 20.541 0.14
2958.81829 I 20.487 0.127
3000.63564 I 18.994 0.027
3000.64214 I 19.038 0.037
3567.94991 I 22.09 0.369
3567.95581 I 22.226 0.542
4400.79204 H 17.722 0.0460977222864644
4400.80186 K 17.263 0.0746726188103779
4039.77535 H 17.23 0.036
4397.89571 H 17.645 0.038
4397.87305 J 18.35 0.032
3632.12431 K 17.214 0.052
3661.97993 K 17.169 0.063
3663.88387 K 17.1 0.07
3667.8179 K 17.172 0.04
3720.70071 K 16.422 0.029
3938.1013 K 17.072 0.066
4038.85679 K 16.86 0.031
4397.83375 K 17.247 0.039
