332.9648 I 19.473 0.025
332.9739 I 19.531 0.027
333.92017 I 19.529 0.041
333.97607 I 19.514 0.026
334.88823 I 19.486 0.03
335.00014 I 19.502 0.026
348.76535 I 19.459 0.032
348.77365 I 19.6 0.039
349.83861 I 19.6 0.034
349.84691 I 19.588 0.031
349.85521 I 19.548 0.034
349.86351 I 19.604 0.035
350.00762 I 19.621 0.04
350.89286 I 19.57 0.051
352.95285 I 19.677 0.058
353.82239 I 19.609 0.075
356.98042 I 19.882 0.13
356.98522 I 19.543 0.08
356.99002 I 19.798 0.096
356.99492 I 19.8 0.123
356.99972 I 19.871 0.116
357.00452 I 19.619 0.111
358.01126 I 19.704 0.064
358.02206 I 19.723 0.074
358.94199 I 19.648 0.045
358.9509 I 19.662 0.047
358.9614 I 19.721 0.048
358.9731 I 19.799 0.057
359.82773 I 19.745 0.036
359.83663 I 19.721 0.042
359.84723 I 19.678 0.034
359.88553 I 19.674 0.04
359.89433 I 19.655 0.04
361.9339 I 19.67 0.038
361.9432 I 19.73 0.044
362.0057 I 19.713 0.051
362.75782 I 19.714 0.049
362.76732 I 19.68 0.045
362.90583 I 19.744 0.042
363.00983 I 19.675 0.061
363.76735 I 19.752 0.043
363.77685 I 19.792 0.055
363.89026 I 19.758 0.054
364.80108 I 19.706 0.04
364.81118 I 19.69 0.041
364.92048 I 19.722 0.04
364.93008 I 19.761 0.041
365.75921 I 19.787 0.04
365.76931 I 19.763 0.039
365.93141 I 19.78 0.035
365.94141 I 19.771 0.036
645.95212 I 20.127 0.054
645.97222 I 20.158 0.054
646.8952 I 20.43 0.102
646.9035 I 20.066 0.077
651.89056 I 20.361 0.156
651.91076 I 20.298 0.306
652.88065 I 20.329 0.098
652.88895 I 20.081 0.081
653.97075 I 20.371 0.1
660.89969 I 20.235 0.049
660.90809 I 20.226 0.046
660.9668 I 20.443 0.072
660.9751 I 20.29 0.047
665.87635 I 20.476 0.071
665.90005 I 20.439 0.068
671.9935 I 20.586 0.079
672.0025 I 20.799 0.175
673.96087 I 20.694 0.084
673.97017 I 20.574 0.095
674.95186 I 20.706 0.09
674.96036 I 20.551 0.085
679.87778 I 20.705 0.128
679.90218 I 20.517 0.114
680.95567 I 20.551 0.123
680.96397 I 21.28 0.284
685.92738 I 21.18 0.346
685.93588 I 20.559 0.083
685.96658 I 20.982 0.148
687.95404 I 20.748 0.091
687.96234 I 20.835 0.091
688.95952 I 20.579 0.093
690.89107 I 20.828 0.152
690.93407 I 20.667 0.084
695.90544 I 20.709 0.084
695.96784 I 21.07 0.131
730.96221 I 20.015 0.066
731.02011 I 20.18 0.099
1044.93146 I 19.419 0.024
1044.93976 I 19.372 0.027
1047.95272 I 19.416 0.027
1047.96452 I 19.409 0.026
1051.94214 I 19.396 0.032
1051.98955 I 19.421 0.04
1055.87485 I 19.37 0.034
1056.98093 I 19.338 0.032
1057.8106 I 19.343 0.029
1057.96551 I 19.358 0.044
1072.95571 I 19.385 0.034
1074.86522 I 19.317 0.024
1074.97313 I 19.347 0.03
1075.01713 I 19.388 0.04
1075.81707 I 19.325 0.032
1075.86888 I 19.359 0.032
1075.97438 I 19.376 0.027
1101.73992 I 19.486 0.041
1101.88643 I 19.377 0.036
1103.89046 I 19.444 0.031
1104.86977 I 19.408 0.033
1105.78438 I 19.333 0.034
1105.95348 I 19.4 0.041
1106.71559 I 19.349 0.035
1139.71361 I 19.801 0.056
1139.86221 I 19.641 0.051
1140.67467 I 19.666 0.082
1140.73477 I 19.751 0.05
1140.84466 I 19.716 0.046
1141.69632 I 19.737 0.061
1141.77172 I 19.731 0.055
1142.66978 I 19.707 0.048
1142.79497 I 19.718 0.062
1143.68603 I 19.678 0.051
1143.81562 I 19.733 0.053
2499.94585 I 19.883 0.046
2499.99435 I 19.767 0.065
2517.80432 I 19.978 0.088
2517.81262 I 19.994 0.097
2517.82302 I 20.132 0.099
2517.87533 I 20.145 0.059
2531.78928 I 20.372 0.074
2531.80668 I 20.203 0.091
2531.93059 I 20.392 0.052
2531.93729 I 20.378 0.068
2557.74982 I 20.459 0.086
2557.80622 I 20.665 0.078
2589.7945 I 20.094 0.046
2589.8001 I 20.045 0.068
2646.62214 I 19.536 0.035
2646.62804 I 19.63 0.046
2646.68284 I 19.521 0.052
2662.59924 I 19.606 0.046
2662.60574 I 19.578 0.032
2901.76376 I 19.874 0.046
2901.76996 I 19.808 0.044
2908.80541 I 19.827 0.036
2908.81181 I 19.832 0.031
2908.95092 I 19.919 0.048
2932.80119 I 19.683 0.02
2932.80679 I 19.741 0.021
2932.88379 I 19.707 0.024
2932.88959 I 19.743 0.025
2958.81218 I 19.446 0.031
2958.81828 I 19.48 0.036
2958.89318 I 19.382 0.03
2958.90068 I 19.451 0.038
3000.63563 I 19.671 0.042
3000.64213 I 19.723 0.058
3567.94992 I 20.546 0.064
3567.95582 I 20.522 0.068
4400.79204 H 17.519 0.0325729949498047
4400.80186 K 17.098 0.0697208720542134
3667.81337 H 18.021 0.059
4081.74816 H 17.286 0.077
4125.74742 H 17.537 0.063
4386.89976 H 17.509 0.027
3667.81104 J 18.702 0.087
3720.69276 J 18.56 0.084
4117.70967 J 18.364 0.052
4397.85812 J 18.436 0.028
3632.0607 K 17.556 0.057
3661.93203 K 17.523 0.055
3663.88387 K 17.742 0.102
3667.8179 K 17.64 0.058
3720.7007 K 17.481 0.052
3727.74907 K 17.395 0.048
3938.07961 K 17.357 0.043
4081.72459 K 16.974 0.07
4125.71532 K 17.151 0.065
4386.87887 K 17.07 0.033
