332.97389 I 20.164 0.036
333.92016 I 20.132 0.047
335.00013 I 20.171 0.044
348.76535 I 20.359 0.075
349.8552 I 20.273 0.061
349.8635 I 20.279 0.067
350.89285 I 20.382 0.107
352.95285 I 20.599 0.148
353.82239 I 20.418 0.143
356.99492 I 20.395 0.183
356.99972 I 20.384 0.188
357.00452 I 20.396 0.174
358.02206 I 20.416 0.209
358.94199 I 20.384 0.076
358.95089 I 20.452 0.08
359.82772 I 20.472 0.067
359.83662 I 20.466 0.064
361.93389 I 20.433 0.074
362.00569 I 20.613 0.106
362.75782 I 20.639 0.116
363.00983 I 20.675 0.13
363.76735 I 20.53 0.079
363.89025 I 20.577 0.115
364.80108 I 20.511 0.081
364.92048 I 20.559 0.086
365.7592 I 20.562 0.072
365.93141 I 20.454 0.064
645.9521 I 20.182 0.058
646.89519 I 20.153 0.076
651.89055 I 20.283 0.125
652.88064 I 20.134 0.074
653.97074 I 20.175 0.083
660.89968 I 20.124 0.048
660.96678 I 20.032 0.044
665.87633 I 20.207 0.059
672.00249 I 20.16 0.098
673.96086 I 20.092 0.054
674.95185 I 20.226 0.065
679.90217 I 20.36 0.078
680.95566 I 20.408 0.118
685.92737 I 20.504 0.178
685.96657 I 20.312 0.074
687.96233 I 20.467 0.064
688.95951 I 20.567 0.092
690.93406 I 20.506 0.064
695.90543 I 20.472 0.071
730.9622 I 21.495 0.261
2499.94584 I 20.317 0.064
2517.80431 I 20.202 0.083
2517.87532 I 20.07 0.067
2531.78928 I 19.949 0.053
2531.80668 I 20.014 0.073
2557.74982 I 20.038 0.062
2557.80622 I 19.988 0.06
2589.7945 I 20.499 0.081
2589.8001 I 20.335 0.091
2646.62216 I 21.366 0.152
2646.62805 I 21.398 0.151
2662.59926 I 21.446 0.172
2662.60576 I 21.497 0.238
2901.76375 I 20.651 0.089
2901.76995 I 20.604 0.072
2908.80541 I 20.6 0.086
2908.81181 I 20.75 0.079
2932.80119 I 20.783 0.054
2932.80679 I 20.819 0.055
2958.81219 I 21.016 0.129
2958.81829 I 21.446 0.186
3000.63564 I 21.56 0.248
3000.64214 I 21.103 0.188
3567.94991 I 21.367 0.108
3567.95581 I 21.167 0.1
4400.79205 H 17.355 0.0354400902933387
4400.80187 K 16.976 0.0500099990002
3643.99905 H 17.829 0.041
4039.77535 H 17.501 0.045
4397.89571 H 17.344 0.03
3643.9967 J 18.653 0.093
4397.87305 J 18.283 0.031
3632.1243 K 17.43 0.061
3644.00357 K 17.455 0.059
3661.97993 K 17.433 0.065
3663.88387 K 17.196 0.077
3938.1013 K 17.421 0.08
4038.85679 K 17.202 0.04
4397.83375 K 16.991 0.035
