332.9648 I 20.44 0.054
332.9739 I 20.127 0.046
333.92017 I 20.246 0.078
333.97607 I 20.458 0.059
334.88823 I 20.521 0.062
335.00014 I 20.231 0.055
348.76535 I 19.986 0.059
348.77365 I 20.35 0.079
349.83861 I 20.145 0.048
349.84691 I 20.254 0.055
349.85521 I 19.981 0.053
349.86351 I 20.076 0.058
350.00762 I 20.19 0.071
350.89286 I 19.823 0.068
352.95285 I 19.872 0.08
353.82239 I 20.001 0.103
356.98042 I 19.848 0.079
356.98522 I 20.147 0.157
356.99002 I 20.083 0.128
356.99492 I 19.811 0.101
356.99972 I 19.935 0.119
357.00452 I 20.113 0.153
358.01126 I 19.953 0.075
358.02206 I 19.814 0.084
358.942 I 19.806 0.06
358.9509 I 19.807 0.053
358.9614 I 20.073 0.066
358.9731 I 20.111 0.066
359.82773 I 19.831 0.052
359.83663 I 19.793 0.051
359.84723 I 19.974 0.041
359.88553 I 19.997 0.054
359.89433 I 20.009 0.057
361.9339 I 19.792 0.039
361.9432 I 19.919 0.04
362.0057 I 19.82 0.054
362.75782 I 19.794 0.053
362.76732 I 19.76 0.044
362.90583 I 19.864 0.044
363.00983 I 19.845 0.068
363.76735 I 19.767 0.047
363.77685 I 20.038 0.064
363.89026 I 19.672 0.05
364.80108 I 19.805 0.048
364.81118 I 19.938 0.037
364.92048 I 19.744 0.039
364.93008 I 19.981 0.045
365.75921 I 19.87 0.047
365.76931 I 19.931 0.048
365.93141 I 19.883 0.047
365.94141 I 19.93 0.047
645.95212 I 19.524 0.035
645.97222 I 19.715 0.041
646.8952 I 19.496 0.047
646.9035 I 19.79 0.055
651.89056 I 19.461 0.054
651.91076 I 19.838 0.192
652.88065 I 19.56 0.053
652.88895 I 19.786 0.052
653.97075 I 19.545 0.047
660.89969 I 19.752 0.049
660.90809 I 19.774 0.043
660.9668 I 19.673 0.048
660.9751 I 19.85 0.05
665.87635 I 19.619 0.046
665.90005 I 19.955 0.04
671.9935 I 19.878 0.043
672.0025 I 19.658 0.06
673.96087 I 19.924 0.054
673.97017 I 19.888 0.056
674.95186 I 19.791 0.048
674.96036 I 20.065 0.06
679.87778 I 19.918 0.054
679.90218 I 19.775 0.071
680.95567 I 19.789 0.07
680.96397 I 19.966 0.08
685.92738 I 19.884 0.106
685.93588 I 20.08 0.072
685.96658 I 19.934 0.074
687.95404 I 20.325 0.055
687.96234 I 19.992 0.049
688.95952 I 19.886 0.054
690.89107 I 20.39 0.109
690.93407 I 19.995 0.053
695.90544 I 20.162 0.079
695.96785 I 20.334 0.076
730.96221 I 20.526 0.112
731.02011 I 21.51 0.312
2499.94585 I 20.035 0.073
2517.80432 I 20.024 0.08
2517.81262 I 20.027 0.11
2517.82302 I 20.072 0.092
2517.87533 I 20.252 0.101
2531.78928 I 20.476 0.099
2531.93059 I 20.642 0.109
2557.74982 I 20.88 0.122
2557.80622 I 21.447 0.205
2589.7945 I 21.827 0.294
2589.8001 I 21.735 0.314
2646.62214 I 20.542 0.103
2646.62804 I 20.745 0.116
2646.68284 I 20.535 0.136
2662.59924 I 20.358 0.084
2662.60574 I 20.384 0.108
2901.76376 I 20.884 0.113
2901.76996 I 20.809 0.121
2908.80542 I 20.578 0.108
2908.81182 I 20.696 0.093
2908.95092 I 20.832 0.124
2932.80119 I 20.217 0.043
2932.80679 I 20.389 0.05
2932.88379 I 20.215 0.04
2932.88959 I 20.248 0.041
2958.81218 I 19.862 0.053
2958.81828 I 19.851 0.061
3000.63563 I 19.684 0.05
3000.64213 I 19.558 0.048
3567.94992 I 20.533 0.083
3567.95582 I 20.398 0.078
4400.79205 H 17.962 0.125674181914982
4400.80187 K 17.323 0.0945304183847718
3667.81338 H 18.04 0.06
3720.69613 H 18.047 0.06
4081.74816 H 17.393 0.077
4125.74742 H 17.741 0.065
4386.89976 H 17.679 0.03
3667.81105 J 18.726 0.088
3720.69276 J 18.793 0.102
4117.70967 J 18.443 0.054
4397.85812 J 18.573 0.032
3632.0607 K 17.454 0.053
3661.93204 K 17.561 0.056
3663.88387 K 17.557 0.089
3667.81791 K 17.447 0.05
3720.7007 K 17.618 0.058
3727.74907 K 17.518 0.052
3938.07961 K 17.498 0.048
4081.72459 K 16.992 0.07
4125.71532 K 17.265 0.067
4386.87887 K 17.16 0.035
