332.9739 I 20.833 0.065
333.92017 I 20.757 0.059
335.00014 I 21.105 0.1
348.76535 I 21.292 0.182
349.85521 I 21.241 0.121
349.86351 I 21.266 0.152
350.89286 I 21.451 0.247
352.95285 I 21.207 0.268
353.82239 I 22.26 0.753
358.02206 I 21.214 0.273
358.942 I 21.032 0.15
358.9509 I 20.818 0.121
359.82773 I 21.393 0.162
359.83663 I 21.629 0.202
361.9339 I 21.174 0.152
362.0057 I 20.966 0.147
362.75782 I 20.906 0.146
363.00983 I 20.525 0.134
363.76735 I 21.331 0.163
363.89026 I 21.577 0.273
364.80108 I 21.818 0.249
364.92048 I 21.949 0.288
365.75921 I 21.419 0.142
365.93141 I 21.643 0.181
645.95212 I 21.033 0.142
646.8952 I 21.046 0.188
651.89056 I 20.674 0.217
652.88065 I 21.293 0.163
653.97075 I 21.111 0.197
660.89969 I 20.907 0.1
660.9668 I 21.014 0.094
665.87635 I 20.866 0.091
672.0025 I 20.572 0.147
673.96087 I 20.715 0.1
674.95186 I 20.753 0.103
679.90218 I 20.737 0.109
680.95567 I 20.64 0.156
685.92738 I 20.543 0.162
685.96658 I 20.401 0.084
687.96234 I 20.731 0.081
688.95952 I 20.396 0.072
690.93407 I 20.82 0.1
695.90544 I 20.506 0.076
730.96221 I 20.045 0.072
2499.94585 I 20.144 0.053
2499.99435 I 19.972 0.074
2517.80432 I 20.369 0.111
2517.81262 I 20.224 0.11
2517.82302 I 20.349 0.116
2517.87533 I 20.44 0.095
2531.78928 I 20.761 0.103
2531.80668 I 20.645 0.12
2531.93059 I 20.755 0.087
2531.93729 I 20.664 0.077
2557.74982 I 21.341 0.155
2557.80622 I 21.344 0.161
2589.8001 I 21.481 0.253
2646.62214 I 20.612 0.087
2646.62804 I 20.602 0.09
2646.68284 I 20.378 0.093
2662.59924 I 20.516 0.096
2662.60574 I 20.306 0.1
2901.76376 I 20.486 0.058
2901.76996 I 20.516 0.068
2908.80542 I 20.429 0.067
2908.81182 I 20.299 0.04
2908.95092 I 20.455 0.102
2932.80119 I 20.175 0.031
2932.80679 I 20.264 0.039
2932.88379 I 20.292 0.037
2932.88959 I 20.27 0.037
2958.81218 I 20.167 0.057
2958.81828 I 20.23 0.058
2958.90068 I 20.053 0.068
3000.63563 I 20.348 0.078
3000.64213 I 20.469 0.109
3567.94992 I 21.42 0.156
3567.95582 I 21.789 0.223
4400.79205 H 18.346 0.0639531078212779
4400.80187 K 17.791 0.109457754407808
3667.81338 H 18.768 0.104
3720.69613 H 17.951 0.057
4081.74816 H 19.154 0.136
4125.74742 H 18.864 0.098
4386.89976 H 18.645 0.068
3667.81105 J 19.078 0.119
3720.69276 J 18.666 0.092
4117.70967 J 19.354 0.091
4397.85812 J 19.321 0.059
3632.0607 K 18.215 0.094
3661.93203 K 18.137 0.084
3663.88387 K 18.04 0.129
3667.81791 K 18.124 0.086
3720.7007 K 17.594 0.057
3727.74907 K 17.488 0.051
3938.07961 K 17.435 0.046
4081.72459 K 18.553 0.128
4125.71532 K 18.329 0.106
4386.87887 K 18.149 0.075
