332.9648 I 20.4 0.053
332.9739 I 20.359 0.067
333.92016 I 20.34 0.068
333.97607 I 20.439 0.053
334.88823 I 20.361 0.054
335.00014 I 20.413 0.08
348.76535 I 20.682 0.105
348.77365 I 20.649 0.095
349.8386 I 20.71 0.08
349.84691 I 20.637 0.072
349.85521 I 20.77 0.096
349.86351 I 20.504 0.088
350.00761 I 20.801 0.115
350.89286 I 20.909 0.169
352.95285 I 20.656 0.185
353.82239 I 21.027 0.262
356.98042 I 20.598 0.209
356.98522 I 20.783 0.234
356.99002 I 20.482 0.169
356.99492 I 20.533 0.254
356.99972 I 20.798 0.275
357.00452 I 20.805 0.334
358.01126 I 20.809 0.166
358.02206 I 21.209 0.278
358.94199 I 20.608 0.103
358.95089 I 20.895 0.149
358.96139 I 20.876 0.133
358.97309 I 20.88 0.119
359.82772 I 20.978 0.144
359.83662 I 20.888 0.119
359.84722 I 20.598 0.078
359.88553 I 20.713 0.097
359.89433 I 20.944 0.135
361.93389 I 20.652 0.111
361.94319 I 20.867 0.133
362.0057 I 21.13 0.203
362.75782 I 20.757 0.132
362.76732 I 20.907 0.143
362.90582 I 21.084 0.134
363.00983 I 20.797 0.161
363.76735 I 21.222 0.194
363.77685 I 20.914 0.146
363.89025 I 21.123 0.233
364.80108 I 20.794 0.108
364.81118 I 21 0.122
364.92048 I 20.805 0.126
364.93008 I 20.944 0.133
365.7592 I 20.829 0.118
365.7693 I 20.806 0.098
365.93141 I 20.779 0.11
365.94141 I 20.863 0.103
645.95211 I 20.642 0.104
645.97222 I 20.591 0.09
646.8952 I 20.818 0.157
646.9035 I 20.709 0.151
651.89056 I 20.479 0.155
651.91076 I 20.342 0.266
652.88065 I 20.499 0.118
652.88895 I 20.793 0.133
653.97075 I 20.674 0.139
660.89969 I 20.294 0.065
660.90809 I 20.499 0.067
660.96679 I 20.389 0.079
660.97509 I 20.468 0.077
665.87634 I 20.311 0.069
665.90005 I 20.376 0.057
671.99349 I 20.201 0.065
672.00249 I 20.204 0.106
673.96087 I 20.234 0.066
673.97017 I 20.307 0.084
674.95185 I 20.206 0.07
674.96035 I 20.347 0.077
679.87778 I 20.092 0.07
679.90218 I 20.207 0.091
680.95567 I 20.142 0.09
680.96397 I 20.153 0.102
685.92738 I 19.995 0.107
685.93588 I 20.04 0.088
685.96658 I 20.085 0.093
687.95404 I 20.108 0.06
687.96234 I 20.091 0.065
688.95952 I 20.065 0.063
690.89107 I 20.049 0.107
690.93407 I 20.037 0.07
695.90544 I 19.895 0.06
695.96784 I 19.958 0.06
730.9622 I 20.805 0.167
731.0201 I 20.608 0.141
2499.94585 I 20.664 0.143
2517.80432 I 21.383 0.274
2517.87532 I 20.795 0.141
2531.78928 I 20.843 0.12
2531.80668 I 20.544 0.148
2531.93059 I 20.943 0.147
2531.93729 I 21.176 0.115
2557.74982 I 20.533 0.1
2589.7945 I 20.305 0.178
2589.80009 I 20.603 0.21
2646.62215 I 20.905 0.137
2646.62805 I 20.826 0.118
2662.59925 I 20.952 0.144
2662.60575 I 20.797 0.148
2901.76376 I 21.057 0.166
2901.76996 I 20.958 0.136
2908.80541 I 20.828 0.111
2908.81181 I 20.874 0.091
2932.80119 I 20.785 0.056
2932.80679 I 20.862 0.061
2958.81218 I 20.553 0.115
2958.81828 I 20.538 0.107
3000.63563 I 20.321 0.092
3000.64213 I 20.171 0.077
3567.95582 I 20.968 0.097
4400.70547 H 18.995 0.228219192882632
3667.81337 H 18.873 0.113
3720.69613 H 18.985 0.109
4081.74816 H 18.652 0.104
4125.74742 H 18.437 0.08
4386.89975 H 18.515 0.06
3667.81104 J 19.215 0.135
4117.70967 J 19.397 0.094
4397.85812 J 19.197 0.052
3632.0607 K 18.147 0.089
3661.93203 K 18.044 0.079
3663.88387 K 18.332 0.165
3667.8179 K 18.088 0.084
3720.7007 K 18.466 0.115
3727.74907 K 18.286 0.089
3938.07961 K 18.103 0.079
4081.7246 K 18.636 0.136
4125.71532 K 17.981 0.088
4386.87886 K 18.134 0.074
