332.9648 I 21.372 0.155
332.9739 I 22.057 0.263
333.92016 I 21.941 0.298
333.97607 I 21.549 0.178
334.88823 I 21.313 0.122
335.00014 I 21.77 0.22
348.76535 I 21.507 0.227
348.77365 I 20.928 0.121
349.8386 I 21.169 0.149
349.8469 I 21.111 0.134
349.85521 I 21.479 0.202
349.86351 I 21.886 0.277
350.00761 I 20.876 0.122
352.95285 I 21.405 0.339
356.98042 I 21.163 0.379
356.98522 I 20.999 0.36
356.99002 I 21.299 0.437
356.99492 I 21.294 0.469
356.99972 I 21.655 0.617
358.01126 I 21.102 0.205
358.94199 I 21.133 0.186
358.95089 I 21.406 0.227
358.96139 I 21.077 0.155
358.97309 I 21.132 0.189
359.82772 I 21.218 0.175
359.83662 I 21.366 0.183
359.84722 I 20.758 0.1
359.88553 I 20.947 0.134
359.89433 I 21.061 0.143
361.93389 I 21.255 0.161
361.94319 I 20.778 0.1
362.76732 I 21.336 0.201
362.90582 I 20.826 0.107
363.77685 I 20.896 0.152
363.89025 I 21.654 0.296
364.80108 I 21.131 0.118
364.81118 I 20.662 0.093
364.92048 I 21.282 0.181
364.93008 I 20.774 0.11
365.7592 I 21.231 0.172
365.7693 I 20.916 0.11
365.93141 I 21.249 0.186
365.94141 I 20.724 0.082
645.95211 I 20.002 0.059
645.97222 I 19.986 0.049
646.8952 I 20.007 0.074
646.9035 I 19.926 0.071
651.89056 I 19.892 0.1
651.91076 I 19.81 0.175
652.88065 I 19.824 0.071
652.88895 I 19.769 0.056
653.97075 I 19.841 0.071
660.89969 I 19.652 0.038
660.90809 I 19.677 0.035
660.96679 I 19.666 0.038
660.97509 I 19.576 0.033
665.87634 I 19.594 0.038
665.90004 I 19.552 0.033
671.99349 I 19.467 0.03
672.00249 I 19.646 0.073
673.96087 I 19.596 0.041
673.97017 I 19.459 0.036
674.95185 I 19.598 0.042
674.96035 I 19.535 0.034
679.87778 I 19.498 0.046
679.90218 I 19.49 0.041
680.95567 I 19.594 0.051
680.96397 I 19.693 0.065
685.92738 I 19.533 0.085
685.93588 I 19.517 0.046
685.96658 I 19.624 0.048
687.95404 I 19.514 0.035
687.96234 I 19.614 0.043
688.95952 I 19.74 0.052
690.89107 I 19.591 0.06
690.93407 I 19.6 0.038
695.90544 I 19.57 0.033
695.96784 I 19.573 0.037
730.9622 I 20.315 0.106
731.0201 I 20.069 0.096
2499.94585 I 20.386 0.068
2517.80432 I 20.433 0.135
2517.87532 I 20.115 0.079
2531.78928 I 20.304 0.057
2531.80668 I 20.638 0.15
2531.93059 I 20.29 0.054
2557.74982 I 19.646 0.062
2589.7945 I 19.476 0.034
2589.8001 I 19.449 0.041
2646.62215 I 20.545 0.096
2646.62805 I 20.449 0.075
2662.59925 I 20.804 0.1
2662.60575 I 21.026 0.196
2901.76376 I 20.434 0.087
2901.76996 I 20.335 0.063
2908.80541 I 20.526 0.083
2908.81181 I 20.512 0.058
2932.80119 I 21.237 0.072
2932.80679 I 21.182 0.086
2958.81218 I 22.07 0.292
2958.81828 I 21.837 0.312
3000.63563 I 21.281 0.216
3567.95582 I 20.495 0.056
4400.71635 K 18.039 0.110453610171873
3667.81337 H 17.699 0.049
3720.69613 H 18.062 0.06
4081.74816 H 18.353 0.093
4125.74742 H 18.229 0.074
4386.89975 H 18.18 0.045
3667.81104 J 18.55 0.077
3720.69276 J 18.695 0.094
4117.70967 J 19.026 0.073
4397.85812 J 18.886 0.04
3632.0607 K 17.634 0.06
3661.93203 K 17.24 0.047
3663.88387 K 17.281 0.075
3667.8179 K 17.126 0.04
3720.7007 K 17.563 0.056
3727.74907 K 17.517 0.052
3938.07961 K 17.06 0.035
4081.7246 K 17.926 0.092
4125.71532 K 17.842 0.082
4386.87886 K 17.851 0.059
