332.9739 I 21.181 0.118
333.92017 I 21.134 0.106
335.00014 I 21.135 0.11
348.76535 I 20.849 0.126
349.85521 I 20.882 0.095
349.86351 I 20.979 0.113
350.89286 I 20.89 0.159
352.95285 I 21.006 0.207
353.82239 I 21.027 0.216
356.99492 I 20.925 0.344
356.99972 I 20.966 0.292
357.00452 I 20.813 0.265
358.02206 I 20.838 0.205
358.942 I 20.671 0.101
358.9509 I 20.762 0.113
359.82773 I 20.748 0.101
359.83663 I 20.788 0.118
361.9339 I 20.857 0.097
362.0057 I 20.809 0.133
362.75782 I 20.779 0.13
363.00983 I 20.57 0.13
363.76735 I 20.702 0.1
363.89026 I 20.586 0.095
364.80108 I 20.702 0.082
364.92048 I 20.611 0.084
365.75921 I 20.825 0.094
365.93141 I 20.58 0.063
645.95211 I 19.857 0.041
646.8952 I 19.759 0.059
651.89056 I 19.845 0.087
652.88065 I 19.848 0.059
653.97075 I 19.866 0.061
660.89969 I 19.628 0.036
660.9668 I 19.684 0.034
665.87634 I 19.63 0.028
672.0025 I 19.713 0.063
673.96087 I 19.742 0.042
674.95185 I 19.598 0.037
679.90218 I 19.502 0.038
680.95567 I 19.618 0.055
685.92738 I 19.604 0.075
685.96658 I 19.547 0.045
687.96234 I 19.566 0.026
688.95952 I 19.623 0.04
690.93407 I 19.617 0.034
695.90544 I 19.576 0.038
730.96221 I 19.771 0.049
1044.93146 I 20.623 0.093
1044.93976 I 20.689 0.106
1047.95272 I 20.961 0.129
1047.96452 I 20.976 0.129
1051.94214 I 21.157 0.193
1051.98954 I 20.793 0.143
1055.87485 I 20.484 0.093
1056.98093 I 20.374 0.096
1057.8106 I 20.967 0.162
1057.96551 I 21.135 0.231
1072.95571 I 20.549 0.111
1074.86522 I 20.278 0.065
1074.97313 I 20.158 0.062
1075.01713 I 20.034 0.076
1075.81707 I 19.958 0.073
1075.86888 I 19.964 0.069
1075.97438 I 20.022 0.07
1101.73992 I 19.828 0.064
1101.88643 I 20.207 0.091
1103.89046 I 19.751 0.059
1104.86977 I 19.749 0.054
1105.78438 I 20.188 0.085
1105.95348 I 19.643 0.057
1106.71559 I 19.719 0.055
1139.71361 I 19.59 0.053
1139.86221 I 19.727 0.06
1140.67467 I 19.618 0.083
1140.73477 I 19.503 0.048
1140.84466 I 19.705 0.061
1141.69633 I 19.644 0.06
1141.77172 I 19.52 0.056
1142.66978 I 19.645 0.055
1142.79497 I 19.624 0.06
1143.68603 I 19.901 0.065
1143.81562 I 19.847 0.069
2499.94585 I 20.244 0.054
2517.80432 I 19.88 0.082
2517.87533 I 19.899 0.062
2531.78928 I 19.853 0.053
2557.74982 I 20.01 0.043
2557.80622 I 19.931 0.096
2589.7945 I 20.466 0.117
2589.8001 I 20.197 0.072
2646.62215 I 20.93 0.117
2646.62804 I 21.112 0.168
2662.59925 I 20.9 0.162
2662.60575 I 21.053 0.165
2901.76376 I 20.226 0.05
2901.76996 I 20.368 0.056
2908.80541 I 20.219 0.063
2908.81181 I 20.143 0.05
2932.80119 I 19.655 0.021
2932.80679 I 19.695 0.021
2958.81219 I 19.674 0.041
2958.81828 I 19.691 0.035
3000.63563 I 19.623 0.047
3000.64213 I 19.77 0.061
3567.94992 I 20.888 0.086
3567.95582 I 20.763 0.079
4400.79205 H 17.574 0.0354400902933387
4400.78669 J 18.24 0.109444049632678
4400.80187 K 17.204 0.0559016994374947
3667.81338 H 17.664 0.048
3720.69613 H 17.567 0.049
4081.74816 H 18.06 0.085
4125.74742 H 17.759 0.066
4386.89976 H 17.586 0.028
3667.81105 J 18.41 0.068
3720.69276 J 18.41 0.074
4117.70967 J 18.731 0.062
4397.85812 J 18.354 0.027
3632.0607 K 17.816 0.069
3661.93204 K 17.454 0.053
3663.88387 K 17.449 0.083
3667.81791 K 17.481 0.051
3720.7007 K 17.273 0.045
3727.74907 K 17.26 0.045
3938.07961 K 17.15 0.037
4081.7246 K 17.837 0.087
4125.71532 K 17.493 0.071
4386.87887 K 17.264 0.038
