1044.93147 I 20.534 0.072
1044.93977 I 20.549 0.082
1047.95272 I 20.342 0.078
1047.96452 I 20.334 0.07
1051.94215 I 20.411 0.107
1051.98955 I 20.572 0.143
1055.87485 I 20.185 0.102
1056.98094 I 20.251 0.091
1057.8106 I 20.14 0.09
1057.96551 I 19.991 0.082
1072.95571 I 20.074 0.078
1074.86522 I 19.879 0.062
1074.97313 I 20 0.062
1075.01713 I 20.043 0.075
1075.81708 I 20.003 0.066
1075.86888 I 19.876 0.06
1075.97439 I 19.948 0.066
1101.73993 I 19.691 0.066
1101.88643 I 19.615 0.049
1103.89046 I 19.991 0.09
1104.86977 I 19.456 0.049
1105.78438 I 19.911 0.062
1105.95348 I 19.754 0.075
1106.71559 I 19.907 0.061
1138.61906 I 20.245 0.118
1138.68096 I 19.76 0.085
1139.71361 I 19.837 0.066
1139.86221 I 19.661 0.058
1140.67467 I 19.88 0.09
1140.73477 I 19.721 0.058
1140.84466 I 19.702 0.052
1141.69632 I 19.821 0.078
1141.77172 I 19.74 0.072
1142.66978 I 19.832 0.073
1142.79497 I 19.922 0.08
1143.68603 I 19.687 0.05
1143.81562 I 19.771 0.061
2517.82303 I 20.832 0.166
2517.82903 I 21.031 0.264
2531.80669 I 20.239 0.113
2531.9373 I 20.82 0.118
2531.9447 I 20.829 0.115
2557.70632 I 20.309 0.079
2557.71322 I 20.275 0.087
2557.74982 I 20.283 0.097
2589.7945 I 20.01 0.073
2662.59924 I 19.503 0.069
2901.76376 I 19.871 0.057
2901.95877 I 19.934 0.083
2901.96547 I 19.868 0.062
2908.80542 I 19.77 0.058
2908.95713 I 19.922 0.072
2908.96363 I 19.819 0.043
2932.80119 I 19.723 0.035
2932.88959 I 19.759 0.027
2932.89499 I 19.749 0.029
2958.81218 I 19.479 0.059
2958.90068 I 19.689 0.047
2958.90948 I 19.733 0.053
3000.63563 I 19.717 0.072
3000.75352 I 20.045 0.105
3000.75972 I 20.47 0.136
3567.95583 I 19.315 0.055
4400.79205 H 17.535 0.0529528091794949
4400.80187 K 17.16 0.0608276253029822
3667.81338 H 17.175 0.033
3720.69613 H 17.506 0.044
4081.74816 H 17.412 0.077
4125.74741 H 17.372 0.062
4386.89976 H 17.538 0.027
3667.81105 J 17.969 0.045
3720.69276 J 18.388 0.074
4117.70967 J 18.153 0.049
4397.85813 J 18.299 0.026
3632.0607 K 16.64 0.037
3661.93204 K 16.791 0.039
3663.88388 K 16.818 0.059
3667.81791 K 16.807 0.036
3720.7007 K 17.003 0.038
3727.74907 K 17.001 0.04
3938.07961 K 16.623 0.027
4081.72459 K 16.956 0.07
4125.71532 K 16.977 0.063
4386.87887 K 17.095 0.034
