332.97391 I 19.503 0.035
333.92017 I 19.491 0.038
335.00014 I 19.532 0.042
348.76536 I 19.672 0.048
349.85521 I 19.677 0.04
349.86351 I 19.767 0.048
350.89286 I 19.725 0.056
352.95286 I 19.891 0.099
353.82239 I 19.679 0.071
356.99492 I 19.821 0.107
356.99972 I 19.921 0.134
357.00452 I 19.918 0.134
358.02206 I 19.656 0.078
359.82773 I 19.807 0.051
359.83663 I 19.793 0.047
361.9339 I 19.931 0.056
362.0057 I 19.922 0.062
362.75782 I 19.908 0.061
363.00983 I 19.831 0.067
363.76735 I 20.031 0.058
363.89026 I 19.955 0.064
364.80108 I 19.87 0.051
364.92049 I 19.804 0.049
365.75921 I 20.004 0.06
365.93141 I 20.039 0.061
645.95212 I 20.085 0.064
646.8952 I 19.829 0.062
651.89056 I 19.762 0.09
652.88065 I 20.006 0.081
653.97075 I 19.848 0.06
660.89969 I 19.588 0.033
660.9668 I 19.629 0.04
665.87635 I 19.413 0.03
672.0025 I 19.158 0.044
673.96087 I 19.236 0.037
674.95186 I 19.125 0.027
679.90218 I 19.074 0.04
680.95567 I 19.099 0.036
685.92738 I 19.131 0.052
685.96659 I 19.136 0.041
687.96234 I 19.095 0.029
688.95952 I 19.087 0.027
690.93407 I 19.052 0.028
695.90544 I 18.975 0.029
730.96221 I 19.088 0.031
2517.82303 I 18.812 0.028
2517.82903 I 18.724 0.027
2517.87533 I 18.767 0.039
2531.80669 I 18.934 0.037
2531.93729 I 19.006 0.023
2531.9447 I 19.024 0.023
2557.74982 I 19.216 0.038
2589.7945 I 19.749 0.059
2662.59924 I 20.84 0.193
2901.76376 I 19.351 0.044
2908.80542 I 19.144 0.034
2908.95712 I 19.296 0.032
2908.96362 I 19.296 0.029
2932.80119 I 18.925 0.018
2932.88959 I 19.03 0.015
2932.89499 I 18.957 0.015
2958.81218 I 18.976 0.031
2958.90068 I 19.053 0.025
2958.90948 I 19.075 0.024
3000.63563 I 19.505 0.044
3567.95582 I 20.749 0.147
2877.04605 H 16.984 0.0333016516106934
2897.11657 H 17.013 0.0322800247831379
2877.04052 J 17.827 0.0612698947281616
2897.11118 J 17.695 0.0553624421426656
2877.05327 K 16.529 0.0557853027239254
2897.1234 K 16.417 0.0553624421426656
4400.79205 H 16.686 0.0246981780704569
4400.78669 J 17.405 0.0469574275274956
4400.80187 K 16.155 0.0282311884269862
3667.81338 H 16.733 0.034
3720.69613 H 16.797 0.042
4081.74816 H 16.937 0.075
4125.74741 H 16.957 0.06
4386.89976 H 16.576 0.015
3667.81105 J 17.495 0.033
3720.69276 J 17.55 0.037
4117.70967 J 17.707 0.044
4397.85813 J 17.465 0.016
3632.0607 K 16.319 0.032
3661.93204 K 16.195 0.034
3663.88388 K 16.236 0.049
3667.81791 K 16.171 0.025
3720.7007 K 16.247 0.028
3727.74907 K 16.223 0.033
3938.07961 K 15.88 0.02
4081.72459 K 16.429 0.067
4125.71532 K 16.411 0.059
4386.87887 K 16.04 0.022
