1379.98064 I 19.89 0.068
1384.96179 I 19.86 0.058
1385.96269 I 19.855 0.067
1428.92641 I 19.564 0.05
1428.96581 I 19.614 0.061
1429.75577 I 19.525 0.07
1429.79377 I 19.466 0.046
1429.91558 I 19.613 0.065
1432.82687 I 19.617 0.051
1432.93828 I 19.548 0.06
1433.80233 I 19.533 0.053
1433.91564 I 19.541 0.053
1458.69732 I 19.77 0.072
1458.82192 I 19.71 0.051
1458.91693 I 19.957 0.118
1459.69555 I 19.752 0.07
1459.95566 I 19.813 0.13
1460.88228 I 19.892 0.104
1462.87683 I 19.839 0.056
1462.96433 I 19.737 0.067
1463.70285 I 19.815 0.065
1463.75855 I 19.778 0.062
1463.88336 I 19.715 0.059
1481.6788 I 20.116 0.075
1481.79959 I 20.313 0.191
1481.86469 I 20.022 0.083
1482.66479 I 20.231 0.099
1482.78809 I 20.46 0.212
1483.66088 I 20.446 0.134
1483.80498 I 20.226 0.073
1484.66747 I 20.451 0.132
1484.84187 I 20.298 0.115
1485.65706 I 20.28 0.106
1485.79285 I 20.464 0.135
1486.81044 I 20.277 0.093
2531.86768 I 19.744 0.035
2531.87448 I 19.809 0.047
2557.73561 I 19.499 0.039
2557.74241 I 19.553 0.037
2589.72959 I 19.544 0.049
2589.78519 I 19.592 0.041
2901.92966 I 21.401 0.087
2901.93586 I 21.446 0.116
2908.93171 I 21.372 0.141
2908.93831 I 21.153 0.141
4401.86709 H 17.808 0.147665161768103
4401.86019 K 17.221 0.119419428905015
4116.73647 H 18.379 0.062
4377.88462 H 17.823 0.037
4118.70482 J 18.713 0.061
4377.8709 J 18.314 0.028
3632.07283 K 17.602 0.058
3661.95599 K 17.527 0.05
3663.88387 K 17.915 0.135
3678.90644 K 17.532 0.05
3727.74907 K 17.398 0.103
3938.05756 K 17.243 0.034
4074.81058 K 17.895 0.081
4115.76295 K 17.633 0.07
4362.84503 K 17.513 0.048
