1379.98064 I 18.926 0.029
1384.9618 I 18.915 0.02
1385.96269 I 18.975 0.026
1429.75577 I 18.932 0.033
1429.79378 I 18.972 0.028
1429.91558 I 19.06 0.028
1432.82688 I 19.045 0.03
1432.93828 I 19.081 0.026
1433.80234 I 19.082 0.025
1433.91565 I 19.112 0.027
1458.69732 I 19.545 0.063
1458.82193 I 19.446 0.042
1458.91693 I 19.748 0.13
1459.69555 I 19.569 0.064
1459.95566 I 19.717 0.107
1460.88229 I 19.637 0.11
1462.87684 I 19.706 0.051
1462.96434 I 19.647 0.063
1463.70285 I 19.708 0.076
1463.75856 I 19.596 0.053
1463.88336 I 19.673 0.049
2499.98365 I 20.13 0.052
2517.86723 I 20.446 0.108
2531.87449 I 20.556 0.082
2531.92359 I 20.699 0.087
2557.72871 I 21.052 0.136
2557.73561 I 21.031 0.091
2589.72359 I 20.746 0.098
2589.72959 I 20.616 0.09
2646.67074 I 19.558 0.037
2646.67724 I 19.603 0.048
2901.93586 I 21.118 0.072
2901.94496 I 21.157 0.054
2908.93832 I 20.888 0.066
2908.94452 I 20.863 0.088
2932.87878 I 20.692 0.052
2932.93068 I 20.63 0.063
2958.88088 I 20.44 0.094
3000.73912 I 19.982 0.093
4401.84257 H 16.784 0.0434165866921848
4401.83892 K 16.517 0.0509901951359279
3667.81337 H 17.325 0.04
3679.82567 H 17.637 0.055
3720.69613 H 17.051 0.044
4116.73646 H 16.896 0.038
4377.88463 H 16.944 0.022
3667.81104 J 18.422 0.075
3679.83103 J 18.245 0.064
3720.69276 J 17.817 0.05
4118.70481 J 17.791 0.045
4377.87091 J 17.758 0.02
3632.07284 K 17.332 0.047
3661.95599 K 17.384 0.044
3663.88387 K 17.439 0.096
3667.8179 K 17.237 0.042
3678.90644 K 17.122 0.038
3679.8211 K 17.184 0.049
3720.70069 K 16.562 0.031
3727.74907 K 16.776 0.056
3938.05757 K 17.045 0.03
4074.81057 K 16.474 0.058
4115.76294 K 16.477 0.055
4362.84503 K 16.694 0.025
