1379.98064 I 20.053 0.087
1384.96179 I 19.994 0.065
1385.96269 I 19.945 0.067
1428.92641 I 19.629 0.047
1428.96581 I 19.587 0.047
1429.75577 I 19.594 0.059
1429.79377 I 19.61 0.051
1429.91558 I 19.624 0.055
1432.82687 I 19.605 0.05
1432.93828 I 19.652 0.05
1433.80233 I 19.646 0.053
1433.91564 I 19.577 0.045
1458.69732 I 19.592 0.064
1458.82192 I 19.647 0.05
1458.91693 I 19.526 0.125
1459.69555 I 19.636 0.059
1459.95566 I 19.536 0.123
1460.88228 I 19.599 0.106
1462.87683 I 19.651 0.047
1462.96434 I 19.575 0.088
1463.70285 I 19.606 0.06
1463.75855 I 19.585 0.055
1463.88336 I 19.61 0.051
1481.6788 I 19.912 0.059
1481.7996 I 19.676 0.155
1481.8647 I 19.826 0.079
1482.66479 I 19.811 0.07
1482.78809 I 19.64 0.147
1483.66088 I 19.918 0.069
1483.80498 I 19.876 0.06
1484.66747 I 19.864 0.067
1484.84187 I 19.814 0.075
1485.65706 I 19.821 0.061
1485.79286 I 19.997 0.081
1486.81044 I 19.908 0.058
2499.98365 I 19.941 0.072
2517.86722 I 20.472 0.114
2531.87448 I 20.6 0.102
2531.92358 I 20.665 0.12
2557.72871 I 20.743 0.122
2557.73561 I 20.801 0.096
2589.72359 I 20.079 0.085
2589.72959 I 20.093 0.078
2646.67074 I 19.65 0.065
2646.67724 I 19.573 0.07
2901.93586 I 20.057 0.056
2901.94496 I 21.426 0.317
2908.93831 I 20.183 0.067
2908.94451 I 20.166 0.072
2932.87878 I 20.572 0.055
2958.88088 I 20.484 0.133
3000.73912 I 19.931 0.127
4401.83892 K 17.901 0.159314155052211
3679.82567 H 17.715 0.057
4116.73647 H 17.791 0.046
4377.88462 H 18.198 0.048
3679.83103 J 18.517 0.075
4118.70482 J 18.731 0.062
4377.8709 J 18.839 0.043
3632.07283 K 17.934 0.074
3661.95599 K 17.506 0.049
3663.88387 K 17.745 0.119
3678.90644 K 17.57 0.14
3679.8211 K 17.44 0.058
3727.74907 K 18.044 0.253
3938.05756 K 17.678 0.053
4074.81058 K 17.376 0.066
4115.76295 K 17.436 0.065
4362.84503 K 17.725 0.057
