332.9648 I 20.071 0.035
333.97607 I 20.225 0.045
334.88823 I 20.084 0.042
348.77365 I 20.13 0.055
349.83861 I 20.1 0.047
349.84691 I 20.112 0.051
350.00761 I 20.029 0.063
356.98042 I 20.195 0.144
356.98522 I 20.223 0.148
356.99002 I 20.085 0.139
358.01126 I 19.909 0.075
358.96139 I 20.217 0.061
358.97309 I 20.195 0.074
359.84723 I 20.069 0.047
359.88553 I 20.026 0.049
359.89433 I 20.098 0.059
361.9432 I 20.114 0.057
362.76732 I 20.001 0.057
362.90582 I 20.204 0.061
363.77685 I 20.068 0.057
364.81118 I 19.99 0.041
364.93008 I 20.057 0.052
365.7693 I 20.006 0.05
365.94141 I 20.149 0.064
645.97222 I 20.567 0.077
646.9035 I 20.621 0.129
651.91076 I 20.881 0.467
652.88895 I 20.737 0.12
660.90809 I 20.732 0.092
660.9751 I 20.613 0.07
665.90005 I 20.473 0.058
671.9935 I 20.364 0.067
673.97017 I 20.36 0.083
674.96036 I 20.57 0.102
679.87778 I 20.279 0.085
680.96397 I 20.401 0.129
685.93588 I 20.374 0.084
687.95404 I 20.215 0.048
690.89107 I 20.321 0.116
695.96784 I 20.134 0.062
731.02011 I 20.064 0.091
1044.93146 I 20.868 0.083
1044.93977 I 20.878 0.107
1047.95272 I 20.839 0.116
1047.96452 I 20.927 0.116
1051.94214 I 21.033 0.132
1051.98955 I 21.09 0.162
1055.87485 I 20.919 0.14
1056.98093 I 20.945 0.137
1057.8106 I 20.852 0.105
1057.96551 I 20.818 0.13
1072.95571 I 20.745 0.124
1074.86522 I 20.93 0.093
1074.97313 I 20.864 0.104
1075.01713 I 20.79 0.146
1075.81707 I 20.929 0.133
1075.86887 I 20.912 0.138
1075.97438 I 20.957 0.104
1101.73992 I 20.479 0.113
1101.88642 I 20.177 0.076
1103.89046 I 20.372 0.086
1104.86977 I 20.39 0.093
1105.78438 I 20.422 0.076
1105.95348 I 20.441 0.103
1106.71559 I 20.166 0.076
1139.71361 I 19.833 0.062
1139.8622 I 19.946 0.063
1140.67467 I 19.905 0.093
1140.73477 I 19.985 0.053
1140.84466 I 19.971 0.069
1141.69632 I 19.97 0.077
1141.77172 I 19.854 0.076
1142.66978 I 19.949 0.063
1142.79497 I 19.86 0.064
1143.68603 I 19.883 0.056
1143.81562 I 19.984 0.063
2499.98365 I 20.642 0.076
2499.99435 I 20.641 0.101
2517.81262 I 20.469 0.114
2517.82302 I 20.332 0.09
2517.86723 I 20.656 0.115
2531.93059 I 20.199 0.05
2531.93729 I 20.149 0.046
2557.71322 I 20.148 0.057
2557.72172 I 20.173 0.055
2557.72872 I 20.08 0.054
2589.7126 I 20.037 0.055
2589.718 I 19.954 0.06
2589.7236 I 20.064 0.069
2646.67724 I 20.499 0.106
2646.68284 I 20.439 0.101
2901.94497 I 20.337 0.115
2908.94452 I 20.717 0.079
2908.95092 I 20.57 0.057
2932.87879 I 20.498 0.045
2932.88379 I 20.572 0.037
2958.88088 I 20.411 0.098
2958.89318 I 20.289 0.058
3000.74712 I 20.232 0.126
3000.75352 I 19.91 0.091
2536.96371 H 18.206 0.0876584280032445
2949.85792 H 18.088 0.0262488094968134
2949.85224 J 18.891 0.0519230199429887
2536.96991 K 19.788 0.159380048939634
2949.86612 K 17.811 0.0512445119012758
4401.83892 K 17.753 0.162308348522188
3667.81337 H 18.246 0.069
3720.69613 H 18.285 0.068
4081.74816 H 18.121 0.086
4125.74742 H 18.274 0.075
4386.89976 H 18.477 0.058
3667.81104 J 19.001 0.111
3720.69276 J 19.384 0.167
4117.70967 J 19.152 0.08
4397.85812 J 19.204 0.053
3632.0607 K 17.839 0.07
3661.93203 K 17.78 0.065
3663.88387 K 17.901 0.116
3667.8179 K 17.902 0.071
3720.7007 K 17.799 0.066
3727.74907 K 17.861 0.064
3938.07961 K 17.857 0.064
4081.72459 K 18.045 0.096
4125.71532 K 18.002 0.088
4386.87886 K 18.054 0.069
