2499.98365 I 19.724 0.046
2499.99436 I 19.9 0.042
2517.81262 I 19.606 0.061
2517.86723 I 19.575 0.052
2531.92359 I 19.665 0.03
2531.93059 I 19.642 0.044
2557.72172 I 20.149 0.061
2557.72872 I 20.232 0.092
2589.71799 I 20.952 0.142
2589.72359 I 20.698 0.117
2646.67723 I 21.457 0.238
2646.68283 I 21.522 0.261
2901.94497 I 19.405 0.064
2908.94452 I 19.514 0.036
2908.95092 I 19.483 0.021
2932.87879 I 19.856 0.029
2932.88379 I 19.836 0.025
2958.88088 I 20.292 0.071
2958.89318 I 20.332 0.054
3000.73912 I 20.723 0.18
3000.74712 I 20.349 0.118
4401.84257 H 17.596 0.0669103878332804
4401.83892 K 16.952 0.0717007670809734
3667.81337 H 17.213 0.039
3720.69613 H 16.718 0.042
4081.74816 H 16.947 0.075
4125.74741 H 16.755 0.06
4386.89975 H 17.514 0.027
3667.81104 J 17.905 0.045
3720.69276 J 17.549 0.037
4117.70967 J 17.613 0.043
4397.85812 J 18.368 0.027
3632.0607 K 16.892 0.039
3661.93203 K 16.734 0.039
3663.88387 K 16.68 0.056
3667.8179 K 16.718 0.031
3720.7007 K 16.321 0.028
3727.74907 K 16.298 0.033
3938.07961 K 16.813 0.03
4081.72459 K 16.424 0.067
4125.71532 K 16.261 0.059
4386.87886 K 16.994 0.032
