332.9648 I 20.759 0.076
333.97607 I 20.837 0.072
334.88823 I 20.721 0.078
348.77365 I 20.988 0.127
349.83861 I 20.916 0.1
349.84691 I 21.013 0.111
350.00761 I 20.782 0.116
356.98042 I 21.246 0.405
356.98522 I 20.898 0.293
356.99002 I 20.459 0.188
358.01126 I 21.184 0.253
358.96139 I 20.857 0.107
358.97309 I 21.119 0.142
359.84723 I 21.003 0.12
359.88553 I 21.056 0.137
359.89433 I 21.486 0.206
361.94319 I 21 0.109
362.76732 I 21.124 0.139
362.90582 I 21.099 0.136
363.77685 I 20.821 0.128
364.81118 I 20.973 0.116
364.93008 I 20.933 0.12
365.7693 I 21.133 0.142
365.94141 I 21.005 0.116
645.97222 I 20.645 0.088
646.9035 I 20.613 0.12
651.91076 I 19.916 0.177
652.88895 I 20.32 0.092
660.90809 I 20.228 0.055
660.9751 I 20.147 0.056
665.90005 I 20.092 0.046
671.9935 I 19.96 0.04
673.97017 I 19.809 0.042
674.96036 I 19.858 0.047
679.87778 I 19.91 0.064
680.96397 I 19.935 0.08
685.93588 I 19.748 0.055
687.95404 I 19.776 0.034
690.89107 I 19.743 0.077
695.96784 I 19.775 0.044
731.0201 I 19.748 0.062
1044.93146 I 20.831 0.112
1044.93977 I 20.923 0.112
1047.95272 I 20.777 0.094
1047.96452 I 20.814 0.1
1051.94214 I 20.949 0.117
1051.98955 I 20.873 0.161
1055.87485 I 20.975 0.147
1056.98093 I 20.746 0.126
1057.8106 I 20.673 0.093
1057.96551 I 20.551 0.114
1072.95571 I 20.387 0.088
1074.86522 I 20.395 0.072
1074.97312 I 20.333 0.072
1075.01713 I 20.457 0.113
1075.81707 I 20.354 0.079
1075.86887 I 20.393 0.086
1075.97438 I 20.319 0.081
1101.73992 I 19.802 0.06
1101.88642 I 19.805 0.057
1103.89046 I 19.732 0.045
1104.86977 I 19.682 0.048
1105.78438 I 19.653 0.039
1105.95348 I 19.597 0.05
1106.71559 I 19.718 0.05
1139.71361 I 19.54 0.049
1139.8622 I 19.464 0.04
1140.67467 I 19.514 0.067
1140.73477 I 19.489 0.039
1140.84466 I 19.511 0.042
1141.69632 I 19.525 0.048
1141.77172 I 19.533 0.044
1142.66978 I 19.551 0.048
1142.79497 I 19.538 0.053
1143.68603 I 19.631 0.051
1143.81562 I 19.562 0.043
2499.98365 I 19.543 0.037
2499.99435 I 19.572 0.051
2517.81262 I 19.581 0.067
2517.86723 I 19.561 0.065
2531.92359 I 19.816 0.057
2557.72172 I 20.361 0.098
2557.72872 I 20.13 0.06
2589.718 I 20.845 0.138
2589.72359 I 20.97 0.163
2646.67724 I 20.181 0.084
2646.68284 I 20.17 0.085
2901.94497 I 19.914 0.126
2908.94452 I 19.832 0.046
2908.95092 I 19.742 0.054
2932.87879 I 19.43 0.023
2932.88379 I 19.559 0.029
2958.88088 I 19.523 0.037
2958.89318 I 19.612 0.049
3000.73912 I 20.283 0.116
3000.74712 I 20.263 0.107
2536.96371 H 18.504 0.0333016516106934
2949.85224 J 18.266 0.0497292670366254
3667.81337 H 17.769 0.051
3720.69613 H 18.136 0.062
4081.74816 H 17.562 0.079
4125.74742 H 17.778 0.066
4386.89975 H 18.075 0.041
3667.81104 J 18.406 0.068
3720.69276 J 18.844 0.107
4117.70967 J 18.455 0.054
4397.85812 J 18.855 0.039
3632.0607 K 17.173 0.045
3661.93203 K 17.273 0.048
3663.88387 K 17.498 0.087
3667.8179 K 17.283 0.044
3720.7007 K 17.759 0.064
3727.74907 K 17.724 0.059
3938.07961 K 17.815 0.062
4081.72459 K 17.112 0.072
4125.71532 K 17.369 0.069
4386.87886 K 17.629 0.049
