332.9648 I 20.231 0.045
333.97607 I 20.261 0.05
334.88823 I 20.252 0.061
348.77365 I 20.569 0.089
349.8386 I 20.568 0.062
349.8469 I 20.69 0.079
350.00761 I 20.51 0.081
356.98042 I 21.782 0.73
356.98522 I 20.517 0.196
356.99002 I 20.783 0.288
358.01126 I 20.881 0.19
358.96139 I 20.841 0.133
358.97309 I 20.896 0.128
359.84722 I 20.91 0.107
359.88552 I 20.921 0.133
359.89432 I 21.16 0.158
361.94319 I 20.745 0.095
362.76732 I 21.121 0.149
362.90582 I 21.135 0.122
363.77685 I 21.134 0.178
364.81118 I 21.06 0.127
364.93008 I 20.981 0.111
365.7693 I 20.975 0.132
365.94141 I 21.205 0.141
645.97222 I 20.774 0.094
646.9035 I 20.559 0.119
651.91076 I 20.125 0.274
652.88895 I 20.521 0.119
660.90809 I 20.549 0.07
660.9751 I 20.421 0.062
665.90005 I 20.493 0.065
671.99349 I 20.35 0.064
673.97017 I 20.45 0.09
674.96036 I 20.494 0.084
679.87778 I 20.292 0.083
680.96397 I 20.397 0.131
685.93588 I 20.56 0.11
687.95404 I 20.522 0.065
690.89107 I 20.384 0.099
695.96784 I 20.515 0.074
731.0201 I 21.527 0.353
2499.98365 I 21.725 0.27
2499.99435 I 21.305 0.163
2517.81262 I 21.05 0.202
2517.86722 I 21.293 0.237
2531.92359 I 20.945 0.088
2531.93059 I 21.024 0.105
2557.72172 I 20.509 0.074
2557.72872 I 20.585 0.06
2589.71799 I 20.276 0.055
2589.72359 I 20.513 0.094
2646.67724 I 21.629 0.327
2646.68284 I 21.847 0.408
2901.94497 I 20.338 0.06
2908.94452 I 20.327 0.04
2908.95092 I 20.363 0.043
2932.87879 I 20.251 0.043
2932.88379 I 20.205 0.031
2958.88088 I 20.814 0.109
2958.89318 I 21.032 0.135
3000.73912 I 21.565 0.372
3667.81337 H 18.413 0.078
3720.69613 H 18.791 0.094
4081.74816 H 19.64 0.18
4125.74742 H 18.995 0.105
4386.89975 H 18.715 0.071
3667.81104 J 19.356 0.15
4117.70967 J 19.699 0.118
4397.85812 J 19.536 0.07
3632.06069 K 18.102 0.086
3661.93203 K 18.06 0.079
3663.88387 K 18.106 0.148
3667.8179 K 17.948 0.074
3720.7007 K 18.495 0.117
3727.74907 K 18.454 0.101
3938.07961 K 18.169 0.083
4081.72459 K 18.997 0.176
4125.71532 K 18.476 0.117
4386.87886 K 18.114 0.073
