332.96481 I 20.436 0.05
333.97607 I 20.378 0.04
334.88824 I 20.277 0.044
348.77365 I 20.319 0.07
349.83861 I 20.337 0.066
349.84691 I 20.308 0.054
350.00762 I 20.239 0.062
356.98042 I 20.175 0.145
356.98522 I 20.26 0.147
356.99002 I 20.283 0.147
358.01126 I 20.555 0.135
358.96139 I 20.368 0.082
358.9731 I 20.439 0.078
359.84723 I 20.499 0.078
359.88553 I 20.485 0.076
359.89433 I 20.465 0.085
361.9432 I 20.467 0.068
362.76732 I 20.518 0.094
362.90582 I 20.601 0.072
363.77685 I 20.688 0.107
364.81118 I 20.595 0.08
364.93008 I 20.636 0.077
365.7693 I 20.611 0.073
365.94141 I 20.536 0.06
645.97223 I 21.237 0.148
646.90351 I 21.095 0.174
651.91077 I 20.899 0.489
652.88896 I 21.099 0.166
660.9081 I 20.905 0.083
660.97511 I 20.86 0.069
665.90006 I 20.81 0.072
671.9935 I 20.631 0.075
673.97018 I 20.506 0.08
674.96036 I 20.66 0.09
679.87779 I 20.403 0.1
680.96398 I 20.653 0.178
685.93589 I 20.551 0.113
687.95405 I 20.494 0.047
690.89107 I 20.587 0.143
695.96785 I 20.504 0.076
731.0201 I 20.477 0.128
1044.93147 I 21.056 0.1
1044.93977 I 20.801 0.081
1047.95272 I 20.921 0.084
1047.96452 I 20.898 0.082
1051.94215 I 20.792 0.111
1051.98955 I 20.69 0.098
1055.87485 I 20.984 0.132
1056.98094 I 20.89 0.119
1057.8106 I 20.716 0.087
1057.96551 I 20.695 0.122
1072.95571 I 20.489 0.087
1074.86522 I 20.529 0.068
1074.97313 I 20.426 0.06
1075.01713 I 20.486 0.095
1075.81707 I 20.57 0.093
1075.86888 I 20.628 0.08
1075.97438 I 20.393 0.071
1101.73992 I 20.643 0.098
1101.88642 I 20.737 0.102
1103.89045 I 20.881 0.124
1104.86977 I 20.726 0.108
1105.78438 I 20.725 0.09
1105.95348 I 20.916 0.139
1106.71559 I 20.885 0.12
1139.71361 I 21.425 0.22
1139.8622 I 21.542 0.249
1140.67466 I 21.271 0.366
1140.73476 I 21.081 0.145
1140.84466 I 21.471 0.202
1141.69632 I 21.784 0.314
1141.77171 I 21.558 0.25
1142.66977 I 22.076 0.412
1142.79496 I 21.894 0.378
1143.68602 I 21.539 0.237
1143.81561 I 21.382 0.235
2499.98366 I 20.518 0.063
2499.99436 I 20.46 0.068
2517.81263 I 20.257 0.098
2517.86723 I 20.181 0.067
2531.92359 I 20.101 0.033
2531.93059 I 20.087 0.035
2557.72172 I 20.307 0.049
2557.72872 I 20.431 0.06
2589.71799 I 21.071 0.108
2589.72359 I 21.315 0.155
2646.67723 I 20.241 0.076
2646.68283 I 20.345 0.107
2901.94497 I 20.181 0.112
2908.94452 I 20.418 0.041
2908.95092 I 20.342 0.041
2932.87879 I 20.804 0.061
2932.88379 I 20.733 0.054
2958.88087 I 21.326 0.188
2958.89317 I 20.907 0.1
3000.73911 I 20.145 0.101
3000.74711 I 20.11 0.091
3667.81337 H 18.731 0.101
3720.69612 H 19.886 0.267
4081.74815 H 19.108 0.131
4125.74741 H 18.586 0.085
4386.89975 H 19.206 0.11
3667.81104 J 19.724 0.127
4117.70966 J 19.386 0.094
4397.85812 J 19.891 0.094
3663.88387 K 18.812 0.238
3667.8179 K 18.529 0.121
3720.70069 K 19.173 0.23
