332.9648 I 20.245 0.042
333.97607 I 20.234 0.036
334.88824 I 20.208 0.046
348.77366 I 19.959 0.047
349.83861 I 19.891 0.029
349.84691 I 20.02 0.037
350.00762 I 20.09 0.065
356.98042 I 19.753 0.092
356.98522 I 19.847 0.098
356.99002 I 19.7 0.097
358.01126 I 19.889 0.077
358.9614 I 19.901 0.054
358.9731 I 19.88 0.053
359.84723 I 19.811 0.038
359.88553 I 19.896 0.052
359.89433 I 19.788 0.05
361.9432 I 19.803 0.043
362.76732 I 19.798 0.052
362.90583 I 19.764 0.042
363.77685 I 19.712 0.044
364.81118 I 19.765 0.039
364.93008 I 19.743 0.045
365.76931 I 19.73 0.036
365.94141 I 19.784 0.036
645.97222 I 19.976 0.042
646.90351 I 20.012 0.075
651.91077 I 20.011 0.193
652.88896 I 19.854 0.069
660.90809 I 19.886 0.042
660.9751 I 19.863 0.031
665.90005 I 19.879 0.031
671.9935 I 19.816 0.038
673.97017 I 19.805 0.047
674.96036 I 19.736 0.048
679.87778 I 19.828 0.057
680.96397 I 19.773 0.069
685.93588 I 19.775 0.051
687.95404 I 19.735 0.025
690.89107 I 19.625 0.063
695.96785 I 19.673 0.034
731.02011 I 19.656 0.064
1044.93147 I 19.823 0.04
1044.93977 I 19.799 0.038
1047.95272 I 19.775 0.038
1047.96452 I 19.752 0.034
1051.94214 I 19.942 0.045
1051.98955 I 20 0.065
1055.87485 I 19.919 0.052
1056.98094 I 19.907 0.056
1057.8106 I 19.92 0.049
1057.96551 I 19.917 0.059
1072.95571 I 20.241 0.076
1074.86522 I 20.304 0.063
1074.97313 I 20.17 0.058
1075.01713 I 20.284 0.097
1075.81707 I 20.253 0.067
1075.86888 I 20.22 0.066
1075.97438 I 20.234 0.054
1101.73992 I 20.762 0.133
1101.88643 I 20.613 0.103
1103.89046 I 20.671 0.109
1104.86977 I 20.631 0.118
1105.78438 I 20.786 0.114
1105.95348 I 20.72 0.12
1106.71559 I 21.028 0.15
1139.71361 I 21.019 0.181
1139.86221 I 21.225 0.201
1140.67467 I 20.817 0.222
1140.73477 I 20.818 0.112
1140.84466 I 21.266 0.197
1141.69632 I 20.815 0.159
1141.77172 I 20.904 0.164
1142.66978 I 20.936 0.149
1142.79497 I 20.749 0.161
1143.68603 I 21.191 0.185
1143.81562 I 20.796 0.136
2499.99436 I 19.626 0.035
2517.81263 I 19.866 0.079
2517.82303 I 19.838 0.078
2531.93059 I 20.172 0.045
2531.93729 I 20.208 0.049
2557.71322 I 20.421 0.074
2557.72172 I 20.468 0.062
2589.7126 I 20.81 0.097
2589.718 I 20.849 0.088
2646.68284 I 19.989 0.076
2908.95092 I 20.741 0.065
2932.88379 I 20.285 0.034
2932.88959 I 20.343 0.037
2958.89318 I 19.932 0.048
2958.90068 I 19.915 0.046
3000.74712 I 19.707 0.068
3000.75352 I 19.648 0.068
4400.86827 H 17.779 0.065924198895398
4401.75252 H 17.635 0.0789176786277954
4400.87886 K 17.396 0.1174265728019
4401.74916 K 17.288 0.0945304183847718
3667.81337 H 17.233 0.039
3720.69613 H 17.649 0.05
4081.74816 H 17.83 0.081
4125.74741 H 17.835 0.067
4386.89976 H 17.813 0.034
3667.81104 J 18.156 0.055
3720.69276 J 18.416 0.074
4117.70967 J 18.561 0.057
4397.85812 J 18.572 0.032
3632.0607 K 17.008 0.041
3661.93204 K 16.884 0.04
3663.88387 K 16.983 0.064
3667.8179 K 16.754 0.031
3720.7007 K 17.207 0.043
3727.74907 K 17.209 0.044
3938.07961 K 16.803 0.03
4081.72459 K 17.302 0.074
4125.71532 K 17.471 0.071
4386.87887 K 17.385 0.041
