332.9648 I 19.698 0.031
333.97607 I 19.833 0.04
334.88823 I 19.699 0.036
348.77365 I 19.977 0.052
349.83861 I 19.938 0.036
349.84691 I 19.9 0.042
350.00761 I 19.926 0.053
356.98042 I 20.114 0.135
356.98522 I 20.021 0.123
356.99002 I 20.096 0.146
358.01126 I 19.953 0.072
358.96139 I 20.17 0.07
358.9731 I 20.067 0.062
359.84723 I 19.996 0.048
359.88553 I 20.067 0.055
359.89433 I 20.093 0.055
361.9432 I 20.086 0.06
362.76732 I 20.008 0.052
362.90583 I 20.169 0.057
363.77685 I 20.128 0.072
364.81118 I 20.028 0.051
364.93008 I 20.219 0.069
365.76931 I 19.999 0.047
365.94141 I 20.116 0.046
645.97222 I 20.521 0.086
646.90351 I 20.481 0.108
652.88895 I 20.747 0.136
660.90809 I 20.655 0.073
660.9751 I 20.621 0.084
665.90005 I 20.683 0.077
671.9935 I 20.644 0.084
673.97017 I 20.729 0.117
674.96036 I 20.934 0.135
679.87778 I 20.675 0.115
680.96397 I 20.73 0.176
685.93588 I 20.667 0.108
687.95404 I 20.677 0.065
690.89107 I 20.687 0.17
695.96784 I 20.809 0.094
731.02011 I 20.138 0.092
1044.93147 I 19.763 0.044
1044.93977 I 19.739 0.04
1047.95272 I 19.772 0.037
1047.96452 I 19.814 0.037
1051.94214 I 19.652 0.038
1051.98955 I 19.671 0.048
1055.87485 I 19.699 0.043
1056.98093 I 19.832 0.048
1057.8106 I 19.609 0.037
1057.96551 I 19.622 0.047
1072.95571 I 19.746 0.048
1074.86522 I 19.663 0.035
1074.97313 I 19.643 0.045
1075.01713 I 19.682 0.05
1075.81707 I 19.624 0.041
1075.86888 I 19.667 0.046
1075.97438 I 19.642 0.042
1101.73992 I 20.068 0.077
1101.88643 I 20.125 0.071
1103.89046 I 20.194 0.069
1104.86977 I 20.082 0.07
1105.78438 I 20.134 0.068
1105.95348 I 20.16 0.079
1106.71559 I 20.226 0.078
1139.71361 I 21.36 0.211
1139.8622 I 21.157 0.166
1140.67467 I 20.819 0.208
1140.73477 I 21.143 0.174
1140.84466 I 21.342 0.243
1141.69632 I 21.347 0.249
1141.77172 I 21.696 0.33
1142.66978 I 21.221 0.213
1142.79497 I 21.495 0.28
1143.68603 I 21.594 0.283
1143.81562 I 21.234 0.228
2499.99436 I 20.42 0.078
2517.81262 I 19.931 0.082
2517.82302 I 19.859 0.071
2531.93059 I 19.858 0.065
2531.93729 I 19.83 0.05
2557.71322 I 19.737 0.055
2557.72172 I 19.857 0.058
2589.7126 I 19.994 0.07
2589.718 I 19.98 0.07
2908.95092 I 21.01 0.108
2932.88959 I 21.275 0.092
2958.90068 I 21.286 0.206
3000.74712 I 19.804 0.084
3000.75352 I 19.678 0.067
2536.96371 H 18.095 0.0676239602507868
2949.85792 H 17.914 0.0250599281722833
2949.85224 J 18.763 0.0519230199429887
2536.96991 K 17.581 0.0506951674225463
4400.86827 H 17.345 0.068154236845555
4401.75252 H 17.497 0.0888875694346516
4401.84257 H 18.025 0.169056203672033
4401.74916 K 16.56 0.0736817480791546
4401.83892 K 17.17 0.1184229707447
3667.81337 H 17.69 0.048
3720.69613 H 18.286 0.068
4081.74816 H 17.627 0.079
4125.74741 H 17.534 0.063
4386.89976 H 17.544 0.027
3667.81104 J 18.432 0.069
3720.69276 J 18.841 0.106
4117.70967 J 18.412 0.053
4397.85812 J 18.407 0.028
3632.0607 K 17.074 0.043
3661.93203 K 17.128 0.045
3663.88387 K 17.238 0.073
3667.8179 K 17.149 0.04
3720.7007 K 17.638 0.059
3727.74907 K 17.634 0.055
3938.07961 K 17.267 0.041
4081.72459 K 17.402 0.076
4125.71532 K 17.217 0.066
4386.87886 K 17.165 0.035
