332.9648 I 20.48 0.065
333.97607 I 20.456 0.05
334.88823 I 20.518 0.065
348.77365 I 20.529 0.091
349.83861 I 20.436 0.064
349.84691 I 20.494 0.078
350.00762 I 20.542 0.105
356.98042 I 20.443 0.199
356.98522 I 20.1 0.132
356.99002 I 20.52 0.211
358.01126 I 20.429 0.128
358.9614 I 20.453 0.096
358.9731 I 20.381 0.083
359.84723 I 20.371 0.065
359.88553 I 20.384 0.065
359.89433 I 20.458 0.08
361.9432 I 20.508 0.087
362.76732 I 20.547 0.107
362.90583 I 20.344 0.065
363.77685 I 20.447 0.099
364.81118 I 20.308 0.064
364.93008 I 20.416 0.076
365.76931 I 20.439 0.078
365.94141 I 20.47 0.069
645.97222 I 20.992 0.136
646.90351 I 21.372 0.269
652.88895 I 20.866 0.146
660.90809 I 20.607 0.086
660.9751 I 20.73 0.092
665.90005 I 20.391 0.06
671.9935 I 20.134 0.055
673.97017 I 20.262 0.087
674.96036 I 20.445 0.102
679.87778 I 20.086 0.077
680.96397 I 20.079 0.103
685.93588 I 20.056 0.072
687.95404 I 20.047 0.056
690.89107 I 20.034 0.093
695.96785 I 19.905 0.047
731.02011 I 20.202 0.098
1044.93147 I 20.5 0.084
1044.93977 I 20.451 0.071
1047.95272 I 20.667 0.087
1047.96452 I 20.674 0.083
1051.94214 I 20.645 0.105
1051.98955 I 20.688 0.154
1055.87485 I 20.61 0.097
1056.98094 I 20.817 0.127
1057.8106 I 20.786 0.122
1057.96551 I 20.546 0.129
1072.95571 I 21.267 0.2
1074.86522 I 21.015 0.121
1074.97313 I 21.198 0.161
1075.01713 I 21.732 0.368
1075.81707 I 21.688 0.282
1075.86888 I 21.404 0.216
1075.97438 I 21.283 0.206
1101.73992 I 20.963 0.158
1101.88643 I 20.605 0.102
1103.89046 I 20.669 0.12
1104.86977 I 20.521 0.097
1105.78438 I 20.565 0.089
1105.95348 I 20.529 0.109
1106.71559 I 20.734 0.129
1139.71361 I 20.045 0.081
1139.86221 I 19.959 0.066
1140.67467 I 20.209 0.115
1140.73477 I 20.013 0.067
1140.84466 I 20.02 0.066
1141.69632 I 19.981 0.066
1141.77172 I 20.142 0.078
1142.66978 I 20.146 0.082
1142.79497 I 20.247 0.103
1143.68603 I 20.078 0.064
1143.81562 I 20.097 0.078
2499.99436 I 20.047 0.054
2517.81262 I 20.08 0.084
2517.82303 I 20.21 0.1
2531.93059 I 20.317 0.056
2531.93729 I 20.345 0.062
2557.71322 I 20.587 0.066
2557.72172 I 20.646 0.077
2589.7126 I 20.628 0.107
2589.718 I 20.522 0.068
2646.68284 I 20.185 0.093
2908.95092 I 20.154 0.037
2932.88379 I 20.13 0.029
2932.88959 I 20.119 0.03
2958.89318 I 20.3 0.07
2958.90068 I 20.373 0.074
3000.74712 I 20.937 0.237
3000.75352 I 20.668 0.172
4400.86827 H 19.07 0.244607849424339
4400.87886 K 17.633 0.141354165131417
3667.81337 H 18.494 0.083
3720.69613 H 19.041 0.114
4081.74816 H 18.685 0.104
4125.74741 H 18.495 0.081
4386.89976 H 18.562 0.062
3667.81104 J 18.91 0.103
3720.69276 J 19.261 0.151
4117.70967 J 19.375 0.093
4397.85812 J 19.525 0.069
3661.93203 K 18.041 0.072
3663.88387 K 17.628 0.094
3667.8179 K 18.027 0.079
3720.7007 K 17.803 0.067
3938.07961 K 18.245 0.092
4081.72459 K 18.47 0.122
4125.71532 K 18.484 0.117
4386.87887 K 18.643 0.11
