332.96481 I 20.645 0.051
333.97608 I 20.498 0.051
334.88824 I 20.551 0.057
348.77366 I 20.33 0.078
349.83861 I 20.358 0.066
349.84691 I 20.385 0.066
350.00762 I 20.389 0.075
356.98042 I 20.529 0.203
356.98522 I 20.581 0.225
356.99002 I 20.501 0.21
358.01126 I 20.346 0.126
358.9614 I 20.259 0.065
358.9731 I 20.344 0.076
359.84723 I 20.43 0.053
359.88553 I 20.431 0.067
359.89433 I 20.338 0.074
361.9432 I 20.419 0.066
362.76732 I 20.398 0.077
362.90583 I 20.418 0.062
363.77685 I 20.313 0.072
364.81118 I 20.327 0.058
364.93009 I 20.392 0.071
365.76931 I 20.551 0.067
365.94141 I 20.296 0.058
645.97223 I 20.378 0.06
646.90351 I 20.391 0.114
651.91077 I 20.007 0.211
652.88896 I 20.456 0.101
660.9081 I 20.861 0.091
660.97511 I 20.774 0.078
665.90006 I 21.014 0.085
671.9935 I 21.321 0.146
673.97018 I 21.445 0.195
674.96036 I 21.373 0.167
679.87779 I 21.983 0.383
680.96398 I 22.289 0.699
685.93589 I 21.725 0.288
687.95405 I 21.955 0.215
690.89107 I 21.938 0.456
695.96785 I 21.527 0.192
731.02011 I 20.316 0.114
1044.93147 I 20.754 0.07
1044.93977 I 20.629 0.07
1047.95272 I 20.785 0.089
1047.96452 I 20.826 0.081
1051.94215 I 20.732 0.109
1051.98955 I 20.71 0.103
1055.87486 I 20.724 0.1
1056.98094 I 20.866 0.118
1057.8106 I 20.82 0.109
1057.96551 I 20.723 0.134
1072.95571 I 21.617 0.224
1074.86522 I 21.351 0.155
1074.97313 I 21.78 0.205
1075.01713 I 21.847 0.336
1075.81708 I 21.528 0.238
1075.86888 I 21.832 0.303
1075.97439 I 21.54 0.185
1101.73992 I 22.502 0.544
1101.88643 I 21.724 0.282
1104.86977 I 21.772 0.277
1105.78438 I 22.156 0.363
1105.95348 I 22.321 0.557
1139.71361 I 20.943 0.174
1139.8622 I 20.763 0.13
1140.67467 I 20.673 0.177
1140.73476 I 20.957 0.133
1140.84466 I 20.736 0.124
1141.69632 I 20.859 0.143
1141.77172 I 21.089 0.188
1142.66977 I 20.874 0.143
1142.79497 I 20.958 0.161
1143.68602 I 20.959 0.136
1143.81562 I 21.047 0.161
2499.99436 I 21.362 0.168
2517.81263 I 22.537 0.908
2517.82303 I 21.585 0.309
2531.9306 I 21.179 0.111
2531.9373 I 21.1 0.088
2557.71322 I 20.56 0.071
2557.72172 I 20.7 0.069
2589.71259 I 20.213 0.048
2589.71799 I 20.367 0.069
2646.68283 I 19.946 0.072
2908.95092 I 20.905 0.064
2932.88379 I 20.731 0.05
2932.88959 I 20.771 0.053
2958.89318 I 20.251 0.054
2958.90068 I 20.419 0.07
3000.74712 I 20.181 0.104
3000.75351 I 19.988 0.095
2947.84353 H 18.223 0.0269258240356725
2947.83813 J 19.051 0.0512445119012758
2947.85052 K 17.852 0.0512445119012758
4400.86827 H 18.813 0.122331516789419
3667.81337 H 17.956 0.057
3720.69612 H 18.488 0.077
4081.74816 H 17.874 0.082
4125.74741 H 18.17 0.072
4386.89976 H 18.898 0.084
3667.81104 J 18.79 0.093
3720.69275 J 19.34 0.161
4117.70966 J 19.035 0.074
4397.85812 J 19.53 0.069
3632.0607 K 17.746 0.066
3661.93203 K 17.599 0.058
3663.88387 K 17.6 0.092
3667.8179 K 17.555 0.054
3720.70069 K 18.104 0.085
3727.74906 K 18.107 0.076
3938.07962 K 17.932 0.068
4081.72459 K 17.676 0.082
4125.71531 K 17.691 0.076
4386.87887 K 18.426 0.094
