332.9648 I 20.815 0.079
333.97607 I 20.807 0.054
334.88823 I 20.77 0.082
348.77365 I 21.297 0.17
349.83861 I 21.124 0.139
349.84691 I 21.137 0.124
350.00762 I 21.115 0.146
356.98042 I 21.311 0.461
356.98522 I 21.357 0.48
356.99002 I 21.018 0.265
358.01126 I 21.256 0.246
358.9614 I 21.288 0.178
358.9731 I 21.163 0.153
359.84723 I 21.625 0.203
359.88553 I 21.671 0.228
359.89433 I 21.821 0.298
361.9432 I 21.399 0.164
362.76732 I 21.495 0.24
362.90583 I 21.671 0.232
363.77685 I 21.582 0.252
364.81118 I 21.674 0.219
364.93008 I 21.738 0.281
365.76931 I 21.485 0.181
365.94141 I 21.8 0.203
645.97222 I 20.573 0.075
646.90351 I 20.498 0.122
651.91077 I 20.442 0.311
652.88896 I 20.694 0.125
660.9081 I 20.555 0.067
660.9751 I 20.541 0.068
665.90005 I 20.361 0.055
671.9935 I 20.396 0.066
673.97017 I 20.188 0.061
674.96036 I 20.198 0.071
679.87778 I 19.931 0.055
680.96397 I 20.086 0.1
685.93588 I 19.942 0.063
687.95404 I 19.855 0.036
690.89107 I 19.967 0.07
695.96785 I 19.97 0.041
731.02011 I 19.868 0.072
2499.99436 I 19.69 0.044
2517.81262 I 19.953 0.084
2517.82303 I 19.662 0.055
2531.93059 I 19.959 0.034
2531.93729 I 19.97 0.041
2557.71322 I 20.386 0.075
2589.71259 I 20.712 0.113
2589.71799 I 20.641 0.097
4401.84257 H 18.533 0.205243757517738
3667.81337 H 18.211 0.068
3720.69613 H 18.701 0.088
4081.74816 H 17.767 0.081
4125.74741 H 18.262 0.074
4386.89976 H 18.614 0.065
3667.81104 J 18.993 0.11
3720.69276 J 19.276 0.152
4117.70967 J 18.939 0.069
4397.85812 J 19.245 0.054
3632.0607 K 17.349 0.05
3661.93203 K 17.622 0.059
3663.88387 K 17.684 0.098
3667.8179 K 17.68 0.059
3720.7007 K 18.201 0.092
3727.74907 K 18.088 0.075
3938.07961 K 17.83 0.063
4081.72459 K 17.402 0.076
4125.71532 K 17.778 0.079
4386.87886 K 18.091 0.072
