1044.93147 I 20.453 0.137
1044.93977 I 20.469 0.134
1047.95272 I 20.146 0.094
1047.96452 I 20.1 0.089
1051.94214 I 20.3 0.104
1051.98955 I 20.388 0.131
1055.87485 I 20.051 0.074
1056.98094 I 20.012 0.079
1057.8106 I 20.124 0.091
1057.96551 I 20 0.088
1072.95571 I 19.889 0.069
1074.86522 I 20.016 0.097
1074.97313 I 19.971 0.08
1075.01713 I 19.924 0.084
1075.81707 I 19.987 0.097
1075.86888 I 20.028 0.093
1075.97438 I 20.079 0.108
1101.73992 I 19.828 0.088
1101.88643 I 19.844 0.068
1103.89046 I 19.823 0.068
1104.86977 I 19.71 0.065
1105.78438 I 19.789 0.073
1105.95348 I 19.73 0.066
1106.71559 I 19.874 0.079
1139.71361 I 19.177 0.039
1139.8622 I 19.353 0.068
1140.67467 I 19.092 0.115
1140.73476 I 18.964 0.039
1140.84466 I 19.24 0.058
1141.69632 I 19.168 0.054
1141.77172 I 19.165 0.042
1142.66978 I 19.151 0.041
1142.79497 I 19.05 0.036
1143.68603 I 19.161 0.04
1143.81562 I 19.189 0.042
2499.99436 I 20.117 0.063
2517.81262 I 20.681 0.178
2517.82303 I 20.512 0.094
2531.93059 I 20.991 0.1
2531.93729 I 20.874 0.075
2557.71322 I 21.67 0.158
2557.72172 I 21.682 0.164
2589.7126 I 22.201 0.393
2589.71799 I 22.456 0.397
2908.95092 I 22.386 0.264
2932.88959 I 22.686 0.325
2958.89318 I 22.173 0.368
3000.74712 I 20.796 0.177
3000.75352 I 21.398 0.327
4400.86827 H 17.198 0.0790759128938769
4401.75252 H 17.219 0.0721803297304743
4401.84257 H 17.227 0.0633482438588474
4400.87886 K 16.879 0.0806225774829855
4401.74916 K 16.826 0.0806225774829855
4401.83892 K 17.081 0.109457754407808
3667.81337 H 17.777 0.051
3720.69613 H 17.301 0.046
4081.74816 H 16.994 0.075
4125.74741 H 16.932 0.06
4386.89976 H 17.416 0.025
3667.81104 J 18.301 0.062
3720.69276 J 18.01 0.053
4117.70967 J 17.706 0.044
4397.85812 J 17.993 0.021
3632.0607 K 17.187 0.045
3661.93203 K 17.139 0.045
3663.88387 K 17.24 0.073
3667.8179 K 17.166 0.04
3720.7007 K 16.9 0.036
3727.74907 K 16.818 0.037
3938.07961 K 17.026 0.034
4081.72459 K 16.593 0.067
4125.71532 K 16.533 0.06
4386.87887 K 16.977 0.032
