332.9648 I 20.19 0.045
333.97607 I 20.211 0.036
334.88824 I 20.162 0.04
348.77366 I 20.066 0.055
349.83861 I 20.088 0.048
349.84691 I 20.143 0.047
350.00762 I 20.101 0.05
356.98042 I 20.206 0.163
356.98522 I 20.238 0.175
356.99002 I 19.979 0.115
358.01126 I 19.916 0.084
358.9614 I 19.91 0.053
358.9731 I 19.996 0.058
359.84723 I 20.058 0.045
359.88553 I 19.967 0.047
359.89433 I 19.912 0.058
361.9432 I 19.953 0.056
362.76732 I 19.938 0.058
362.90583 I 19.995 0.056
363.77685 I 19.943 0.055
364.81118 I 20.032 0.053
364.93008 I 19.967 0.053
365.76931 I 20.019 0.047
365.94141 I 20.005 0.041
645.97222 I 19.891 0.045
646.90351 I 19.938 0.062
651.91077 I 19.736 0.168
652.88896 I 19.925 0.058
660.90809 I 19.875 0.035
660.9751 I 19.927 0.041
665.90005 I 19.948 0.035
671.9935 I 19.904 0.047
673.97017 I 19.92 0.055
674.96036 I 20.017 0.066
679.87778 I 20.031 0.055
680.96397 I 20.124 0.088
685.93588 I 20.168 0.076
687.95404 I 20.138 0.042
690.89107 I 20.326 0.111
695.96785 I 20.258 0.064
731.02011 I 20.77 0.175
1044.93147 I 21.418 0.166
1044.93977 I 21.27 0.12
1047.95272 I 21.585 0.197
1047.96452 I 21.583 0.18
1051.94214 I 21.079 0.15
1051.98955 I 20.966 0.133
1055.87485 I 20.759 0.104
1056.98094 I 21.101 0.147
1057.8106 I 20.913 0.103
1057.96551 I 20.945 0.156
1072.95571 I 20.987 0.129
1074.86522 I 20.786 0.092
1074.97313 I 20.814 0.092
1075.01713 I 20.931 0.174
1075.81707 I 20.921 0.14
1075.86888 I 20.96 0.142
1075.97438 I 20.943 0.115
1101.73992 I 20.378 0.079
1101.88643 I 20.575 0.113
1103.89046 I 20.395 0.077
1104.86977 I 20.613 0.099
1105.78438 I 20.343 0.064
1105.95348 I 20.36 0.095
1106.71559 I 20.248 0.072
1139.71361 I 20.23 0.082
1139.8622 I 20.188 0.081
1140.67467 I 20.366 0.133
1140.73477 I 20.388 0.081
1140.84466 I 20.455 0.089
1141.69632 I 20.519 0.104
1141.77172 I 20.407 0.098
1142.66978 I 20.266 0.088
1142.79497 I 20.476 0.109
1143.68603 I 20.551 0.106
1143.81562 I 20.542 0.098
2499.99436 I 20.913 0.116
2517.81263 I 20.868 0.17
2517.82303 I 20.488 0.118
2531.93059 I 20.337 0.059
2531.93729 I 20.277 0.059
2557.71322 I 20.15 0.044
2557.72172 I 20.136 0.06
2589.7126 I 20.166 0.06
2589.718 I 20.243 0.059
2646.68284 I 19.959 0.053
2908.95092 I 20.02 0.026
2932.88379 I 19.892 0.025
2932.88959 I 19.921 0.029
2958.89318 I 20.003 0.051
2958.90068 I 20.029 0.043
3000.74712 I 21.014 0.246
3000.75352 I 20.837 0.2
4400.86827 H 17.377 0.0441474801092882
4401.75252 H 17.358 0.0500099990002
4400.87886 K 16.977 0.0707106781186548
4401.74916 K 16.942 0.0816149496109628
3667.81337 H 17.757 0.05
3720.69613 H 17.732 0.052
4081.74816 H 17.354 0.077
4125.74741 H 17.232 0.061
4386.89976 H 17.322 0.023
3667.81104 J 18.712 0.087
3720.69276 J 18.569 0.084
4117.70967 J 18.23 0.05
4397.85812 J 18.247 0.025
3632.0607 K 17.29 0.048
3661.93203 K 17.377 0.051
3663.88387 K 17.338 0.078
3667.8179 K 17.403 0.048
3720.7007 K 17.344 0.047
3727.74907 K 17.413 0.049
3938.07961 K 17.341 0.043
4081.72459 K 17.023 0.07
4125.71532 K 16.868 0.062
4386.87887 K 16.928 0.031
