332.9648 I 19.62 0.025
333.97607 I 19.7 0.029
334.88823 I 19.644 0.021
348.77365 I 19.826 0.042
349.83861 I 19.887 0.037
349.84691 I 19.783 0.027
350.00761 I 19.837 0.049
356.98042 I 19.949 0.11
356.98522 I 19.801 0.107
356.99002 I 19.983 0.129
358.01126 I 19.958 0.082
358.9614 I 19.975 0.064
358.9731 I 19.986 0.066
359.84723 I 19.973 0.046
359.88553 I 20.072 0.056
359.89433 I 19.951 0.057
361.9432 I 19.898 0.043
362.76732 I 20.002 0.054
362.90583 I 20.039 0.048
363.77685 I 19.984 0.059
364.81118 I 19.927 0.041
364.93008 I 19.974 0.05
365.76931 I 20.065 0.051
365.94141 I 20.054 0.047
645.97222 I 19.62 0.035
646.9035 I 19.626 0.047
651.91076 I 19.557 0.163
652.88895 I 19.669 0.046
660.90809 I 19.814 0.044
660.9751 I 19.81 0.032
665.90005 I 19.912 0.04
671.9935 I 19.913 0.044
673.97017 I 19.881 0.045
674.96036 I 20.002 0.059
679.87778 I 20.165 0.075
680.96397 I 20.172 0.089
685.93588 I 20.228 0.083
687.95404 I 20.198 0.048
690.89107 I 20.197 0.088
695.96784 I 20.366 0.067
731.02011 I 20.828 0.187
1044.93146 I 21.099 0.134
1044.93977 I 21.239 0.155
1047.95272 I 21.023 0.139
1047.96452 I 21.112 0.136
1051.94214 I 21.366 0.2
1051.98955 I 21.065 0.151
1055.87485 I 20.957 0.148
1056.98093 I 20.848 0.141
1057.8106 I 21.059 0.16
1057.96551 I 21.799 0.403
1072.95571 I 21.172 0.193
1074.86522 I 21.329 0.164
1074.97313 I 21.333 0.151
1075.01713 I 21.386 0.278
1075.81707 I 21.693 0.317
1075.86888 I 20.977 0.161
1075.97438 I 21.359 0.171
1101.73992 I 20.639 0.122
1101.88643 I 21.17 0.18
1103.89046 I 20.969 0.149
1104.86977 I 20.843 0.136
1105.78438 I 20.868 0.133
1105.95348 I 20.712 0.147
1106.71559 I 21.056 0.177
1139.71361 I 20.186 0.09
1139.86221 I 20.214 0.087
1140.67467 I 20.406 0.145
1140.73477 I 20.183 0.082
1140.84466 I 20.117 0.07
1141.69632 I 20.159 0.102
1141.77172 I 20.156 0.088
1142.66978 I 20.112 0.079
1142.79497 I 20.111 0.101
1143.68603 I 20.147 0.083
1143.81562 I 20.138 0.085
2499.99435 I 20.14 0.097
2517.81262 I 20.372 0.117
2517.82302 I 20.415 0.119
2531.93059 I 20.511 0.088
2531.93729 I 20.558 0.1
2557.71322 I 20.814 0.122
2557.72172 I 20.876 0.098
2589.7126 I 20.876 0.15
2589.718 I 20.904 0.123
2646.68284 I 20.138 0.079
2908.95092 I 21.034 0.137
2932.88379 I 20.865 0.062
2932.88959 I 20.646 0.05
2958.89318 I 20.212 0.076
2958.90068 I 20.186 0.06
3000.74712 I 20.081 0.103
3000.75352 I 19.768 0.083
4400.79204 H 17.56 0.039293765408777
4400.86827 H 17.603 0.0551089829338194
4401.75252 H 17.68 0.0708590149522275
4401.74916 K 16.954 0.0736817480791546
3667.81337 H 17.178 0.038
3720.69613 H 17.227 0.045
4081.74816 H 17.63 0.079
4125.74742 H 17.711 0.065
4386.89976 H 17.57 0.028
3667.81104 J 18.029 0.05
3720.69276 J 18.084 0.056
4117.70967 J 18.577 0.057
4397.85812 J 18.497 0.03
3632.0607 K 17.163 0.045
3661.93203 K 16.886 0.041
3663.88387 K 16.879 0.061
3667.8179 K 16.795 0.032
3720.7007 K 16.79 0.034
3727.74907 K 16.838 0.038
3938.07961 K 16.999 0.034
4081.72459 K 17.161 0.072
4125.71532 K 17.29 0.067
4386.87887 K 17.125 0.035
