1044.93146 I 19.419 0.031
1044.93977 I 19.433 0.033
1047.95272 I 19.427 0.028
1047.96452 I 19.461 0.032
1051.94214 I 19.468 0.04
1051.98955 I 19.478 0.04
1055.87485 I 19.487 0.034
1056.98093 I 19.624 0.037
1057.8106 I 19.487 0.037
1057.96551 I 19.556 0.051
1072.95571 I 19.8 0.051
1074.86522 I 19.881 0.048
1074.97313 I 19.967 0.041
1075.01713 I 19.958 0.063
1075.81707 I 19.835 0.055
1075.86887 I 19.913 0.058
1075.97438 I 19.924 0.049
1101.73992 I 20.544 0.12
1101.88643 I 20.681 0.116
1103.89046 I 20.839 0.149
1104.86977 I 20.702 0.123
1105.78438 I 20.717 0.107
1105.95348 I 20.839 0.169
1106.71559 I 20.881 0.162
1139.71361 I 21.267 0.231
1139.8622 I 21.574 0.289
1140.67467 I 21.135 0.305
1140.73477 I 21.863 0.343
1140.84466 I 21.546 0.277
1141.69632 I 21.647 0.337
1141.77172 I 21.247 0.234
1142.66978 I 21.223 0.226
1142.79497 I 21.426 0.267
1143.68603 I 21.698 0.328
1143.81562 I 21.952 0.403
2499.99435 I 21.213 0.157
2517.81262 I 21.4 0.333
2517.82302 I 21.601 0.312
2531.93059 I 21.891 0.196
2531.93729 I 21.722 0.171
2557.71322 I 21.954 0.257
2557.72172 I 21.925 0.279
2589.7126 I 21.024 0.121
2589.718 I 20.868 0.092
2908.95092 I 20.311 0.041
2932.88959 I 19.654 0.02
2958.90068 I 19.551 0.032
3000.74712 I 20.797 0.178
3000.75352 I 20.085 0.094
2536.96371 H 17.947 0.0287923600977759
2949.85792 H 17.458 0.0234093998214393
2949.85224 J 18.271 0.0506359556046887
2536.96991 K 17.432 0.0509901951359279
2949.86612 K 17.146 0.0486621002423858
4401.84257 H 17.478 0.0927793080379456
4401.83892 K 16.756 0.0816149496109628
3667.81337 H 18.435 0.08
3720.69613 H 18.194 0.064
4081.74816 H 17.324 0.077
4125.74742 H 17.644 0.064
4386.89976 H 17.369 0.024
3667.81104 J 19.116 0.124
3720.69276 J 18.852 0.108
4117.70967 J 18.342 0.052
4397.85812 J 18.198 0.024
3632.0607 K 17.542 0.057
3661.93203 K 17.898 0.07
3663.88387 K 17.898 0.114
3667.8179 K 17.798 0.065
3720.7007 K 17.88 0.071
3727.74907 K 17.731 0.059
3938.07961 K 17.597 0.052
4081.72459 K 17.03 0.071
4125.71532 K 17.193 0.066
4386.87886 K 16.959 0.031
