332.96481 I 19.903 0.03
333.97608 I 19.823 0.024
334.88824 I 19.922 0.032
348.77366 I 20.203 0.061
349.83861 I 20.173 0.044
349.84691 I 20.133 0.038
350.00762 I 20.315 0.076
356.98043 I 20.259 0.168
356.98523 I 20.287 0.17
356.99003 I 20.32 0.163
358.01126 I 20.213 0.108
358.9614 I 20.397 0.085
358.9731 I 20.268 0.079
359.84723 I 20.377 0.064
359.88553 I 20.449 0.082
359.89433 I 20.496 0.083
361.9432 I 20.36 0.073
362.76732 I 20.435 0.084
362.90583 I 20.44 0.076
363.77685 I 20.476 0.094
364.81118 I 20.386 0.07
364.93009 I 20.385 0.072
365.76931 I 20.268 0.061
365.94141 I 20.373 0.117
645.97223 I 19.116 0.022
646.90352 I 19.177 0.034
651.91077 I 19.04 0.086
652.88896 I 19.075 0.029
660.9081 I 19.159 0.02
660.97511 I 19.148 0.018
665.90006 I 19.16 0.017
671.99351 I 19.243 0.027
673.97018 I 19.237 0.031
674.96037 I 19.242 0.028
679.87779 I 19.311 0.034
680.96398 I 19.315 0.047
685.93589 I 19.233 0.031
687.95405 I 19.301 0.023
690.89108 I 19.364 0.049
695.96785 I 19.405 0.027
731.02011 I 19.809 0.075
1044.93148 I 19.17 0.022
1044.93978 I 19.137 0.022
1047.95273 I 19.12 0.022
1047.96453 I 19.139 0.021
1051.94215 I 19.087 0.026
1051.98956 I 19.055 0.032
1055.87486 I 19.042 0.022
1056.98094 I 19.073 0.024
1057.81061 I 19.027 0.019
1057.96552 I 19.054 0.025
1072.95572 I 19.04 0.127
1074.86523 I 19.012 0.024
1074.97313 I 19.06 0.02
1075.01714 I 19.094 0.029
1075.81708 I 19.033 0.024
1075.86888 I 19.012 0.022
1075.97439 I 18.983 0.025
1101.73993 I 19.055 0.031
1101.88643 I 19.084 0.057
1103.89046 I 19.088 0.025
1104.86977 I 19.19 0.03
1105.78438 I 19.163 0.048
1105.95348 I 19.4 0.149
1106.71559 I 19.208 0.024
2499.99437 I 21.302 0.165
2517.81263 I 21.36 0.256
2517.82303 I 21.422 0.241
2531.9306 I 21.316 0.141
2531.9373 I 21.352 0.113
2557.71322 I 21.079 0.11
2557.72172 I 20.918 0.097
2589.71259 I 20.616 0.087
2589.71799 I 20.548 0.099
2646.68283 I 19.622 0.066
2908.95093 I 21.511 0.13
2932.88379 I 21.285 0.08
2932.88959 I 21.251 0.091
2958.89318 I 21.535 0.179
2958.90068 I 21.422 0.165
3000.74711 I 21.37 0.314
3000.75351 I 20.757 0.186
4400.86827 H 16.757 0.0310161248385416
4401.75252 H 16.614 0.0401621712560464
4400.86301 J 17.402 0.0979846926820715
4401.75595 J 17.212 0.0642572953056694
4400.87886 K 16.238 0.0414849370253831
4401.74916 K 16.434 0.0511957029446808
3667.81337 H 17.108 0.036
3720.69612 H 17.584 0.045
4081.74815 H 17.092 0.076
4125.7474 H 17.478 0.063
4386.89976 H 16.63 0.016
3667.81104 J 17.794 0.036
3720.69275 J 18.194 0.055
4117.70966 J 18.032 0.047
4397.85812 J 17.366 0.015
3663.88387 K 16.523 0.053
3667.8179 K 16.453 0.025
3720.70069 K 16.876 0.034
