332.96481 I 20.033 0.04
333.97608 I 20.028 0.042
334.88824 I 20.053 0.045
348.77366 I 20.032 0.07
349.83861 I 19.933 0.042
349.84691 I 19.951 0.039
350.00762 I 19.878 0.062
356.98042 I 19.97 0.152
356.98523 I 19.931 0.149
356.99003 I 19.913 0.121
358.01126 I 19.849 0.074
358.9614 I 19.921 0.058
358.9731 I 19.937 0.062
359.84723 I 19.98 0.046
359.88553 I 19.918 0.056
359.89433 I 19.786 0.05
361.9432 I 19.884 0.048
362.76732 I 19.759 0.05
362.90583 I 19.832 0.045
363.77685 I 19.747 0.048
364.81118 I 19.97 0.051
364.93009 I 20.027 0.054
365.76931 I 19.924 0.052
365.94141 I 19.908 0.055
645.97223 I 20.364 0.066
646.90352 I 20.678 0.147
651.91077 I 20.98 0.535
652.88896 I 20.539 0.112
660.9081 I 20.369 0.073
660.97511 I 20.52 0.078
665.90006 I 20.361 0.071
671.99351 I 20.15 0.061
673.97018 I 20.207 0.073
674.96037 I 20.111 0.058
679.87779 I 20.156 0.072
680.96398 I 20.141 0.099
685.93589 I 20.078 0.081
687.95405 I 20.054 0.048
690.89108 I 20.073 0.089
695.96785 I 19.888 0.043
731.02011 I 19.733 0.069
2499.99437 I 20.721 0.102
2517.81263 I 20.516 0.153
2517.82303 I 20.583 0.111
2531.9306 I 20.483 0.063
2531.9373 I 20.433 0.05
2557.71322 I 20.284 0.044
2557.72172 I 20.272 0.058
2589.71259 I 20.094 0.04
2589.71799 I 19.98 0.062
2646.68283 I 20.957 0.144
2908.95093 I 20.636 0.044
2932.88379 I 20.154 0.031
2932.88959 I 20.165 0.035
2958.89318 I 20.113 0.054
2958.90068 I 20.142 0.051
3000.74711 I 20.143 0.111
3000.75351 I 20.531 0.147
4400.86827 H 18.861 0.0894427190999916
4400.87886 K 17.975 0.154324333790883
3667.81337 H 19.151 0.148
3720.69612 H 18.451 0.07
4081.74815 H 18.355 0.092
4125.7474 H 18.703 0.089
4386.89976 H 18.951 0.087
3667.81104 J 19.366 0.127
3720.69275 J 19.078 0.112
4117.70966 J 19.406 0.094
4397.85812 J 19.546 0.071
3667.8179 K 18.31 0.103
3720.70069 K 17.971 0.073
