332.96481 I 20.218 0.046
333.97608 I 20.322 0.075
334.88824 I 20.399 0.067
348.77366 I 20.55 0.089
349.83861 I 20.42 0.076
349.84691 I 20.411 0.074
350.00762 I 20.471 0.098
356.98042 I 20.378 0.181
356.98522 I 20.26 0.187
356.99002 I 20.462 0.184
358.01126 I 20.514 0.136
358.9614 I 20.448 0.106
358.9731 I 20.481 0.124
359.84723 I 20.412 0.074
359.88553 I 20.509 0.093
359.89433 I 20.298 0.077
361.9432 I 20.435 0.079
362.76732 I 20.428 0.082
362.90583 I 20.369 0.063
363.77685 I 20.441 0.088
364.81118 I 20.402 0.072
364.93009 I 20.391 0.073
365.76931 I 20.358 0.068
365.94141 I 20.526 0.069
645.97223 I 18.576 0.017
646.90351 I 18.566 0.019
651.91077 I 18.722 0.069
652.88896 I 18.633 0.023
660.9081 I 18.733 0.019
660.97511 I 18.712 0.019
665.90006 I 18.803 0.019
671.9935 I 18.869 0.015
673.97018 I 18.919 0.022
674.96036 I 18.878 0.022
679.87779 I 19.012 0.027
680.96398 I 19.114 0.04
685.93589 I 19.173 0.033
687.95405 I 19.139 0.021
690.89107 I 19.207 0.036
695.96785 I 19.267 0.027
731.02011 I 19.841 0.069
1044.93147 I 19.245 0.023
1044.93977 I 19.257 0.02
1047.95272 I 19.24 0.021
1047.96453 I 19.226 0.02
1051.94215 I 19.19 0.027
1051.98955 I 19.217 0.03
1055.87486 I 19.159 0.026
1056.98094 I 19.187 0.029
1057.8106 I 19.143 0.025
1057.96551 I 19.187 0.032
1072.95571 I 19.155 0.025
1074.86522 I 19.172 0.025
1074.97313 I 19.174 0.022
1075.01713 I 19.207 0.031
1075.81708 I 19.176 0.024
1075.86888 I 19.137 0.027
1075.97439 I 19.152 0.027
1101.73992 I 19.308 0.031
1101.88643 I 19.286 0.037
1103.89046 I 19.257 0.03
1104.86977 I 19.373 0.033
1105.78438 I 19.383 0.031
1105.95348 I 19.38 0.035
1106.71559 I 19.344 0.035
1139.71361 I 19.671 0.047
1139.8622 I 19.649 0.044
1140.67467 I 19.689 0.081
1140.73476 I 19.742 0.048
1140.84466 I 19.708 0.047
1141.69632 I 19.807 0.062
1141.77172 I 19.779 0.053
1142.66977 I 19.708 0.049
1142.79497 I 19.734 0.047
1143.68602 I 19.722 0.05
1143.81562 I 19.773 0.052
2499.99436 I 20.066 0.086
2517.81263 I 20.28 0.109
2517.82303 I 20.205 0.079
2531.9306 I 20.585 0.107
2531.9373 I 20.528 0.129
2557.71322 I 20.615 0.107
2557.72172 I 20.57 0.088
2589.71259 I 20.682 0.146
2589.71799 I 20.707 0.127
2646.68283 I 20.183 0.077
2908.95092 I 19.807 0.143
2932.88379 I 20.093 0.051
2932.88959 I 20.031 0.044
2958.89318 I 20.246 0.076
2958.90068 I 20.411 0.09
3000.74711 I 20.675 0.17
3000.75351 I 20.691 0.162
4400.86827 H 16.883 0.023259406699226
4401.75252 H 16.922 0.0449110231457712
4400.86301 J 18.032 0.135959552808914
4400.87886 K 16.488 0.0572712842531054
4401.74916 K 16.442 0.0536003731330296
3667.81337 H 16.64 0.033
3720.69612 H 16.301 0.041
4081.74816 H 16.929 0.075
4125.74741 H 16.485 0.059
4386.89976 H 16.992 0.019
3667.81104 J 17.391 0.03
3720.69275 J 17.099 0.027
4117.70966 J 17.346 0.042
4397.85812 J 17.663 0.017
3632.0607 K 16.435 0.033
3661.93203 K 16.239 0.034
3663.88387 K 16.239 0.049
3667.8179 K 16.159 0.025
3720.70069 K 15.858 0.025
3727.74906 K 15.854 0.032
3938.07962 K 16.507 0.025
4081.72459 K 16.384 0.066
4125.71531 K 16.04 0.058
4386.87887 K 16.395 0.024
