332.96481 I 20.056 0.04
333.97608 I 20.066 0.038
334.88824 I 20.072 0.041
348.77366 I 20.375 0.074
349.83861 I 20.47 0.067
349.84691 I 20.504 0.061
350.00762 I 20.436 0.089
356.98042 I 20.55 0.227
356.98522 I 20.229 0.176
356.99002 I 20.486 0.206
358.01126 I 20.315 0.122
358.9614 I 20.577 0.096
358.9731 I 20.631 0.111
359.84723 I 20.581 0.09
359.88553 I 20.506 0.08
359.89433 I 20.422 0.079
361.9432 I 20.528 0.077
362.76732 I 20.394 0.092
362.90583 I 20.465 0.083
363.77685 I 20.337 0.09
364.81118 I 20.491 0.102
364.93009 I 20.7 0.105
365.76931 I 20.544 0.089
365.94141 I 20.629 0.069
645.97223 I 19.595 0.035
646.90351 I 19.64 0.051
651.91077 I 19.632 0.167
652.88896 I 19.643 0.05
660.9081 I 19.745 0.04
660.97511 I 19.745 0.036
665.90006 I 19.843 0.035
671.9935 I 19.813 0.045
673.97018 I 19.949 0.059
674.96036 I 19.881 0.053
679.87779 I 20.012 0.065
680.96398 I 20.017 0.103
685.93589 I 20.197 0.079
687.95405 I 20.206 0.04
690.89107 I 20.335 0.092
695.96785 I 20.347 0.066
731.02011 I 19.83 0.081
1044.93147 I 20.274 0.061
1044.93977 I 20.259 0.068
1047.95272 I 20.015 0.052
1047.96453 I 20.11 0.048
1051.94215 I 20.179 0.067
1051.98955 I 20.133 0.067
1055.87486 I 19.995 0.059
1056.98094 I 20.079 0.067
1057.8106 I 20.007 0.054
1057.96551 I 20.094 0.077
1072.95571 I 20.024 0.068
1074.86522 I 20.074 0.046
1074.97313 I 20.063 0.048
1075.01713 I 19.968 0.073
1075.81708 I 20.111 0.066
1075.86888 I 20.059 0.059
1075.97439 I 20.126 0.058
1101.73992 I 19.761 0.057
1101.88643 I 19.683 0.051
1103.89046 I 19.726 0.041
1104.86977 I 19.666 0.053
1105.78438 I 19.729 0.044
1105.95348 I 19.733 0.047
1106.71559 I 19.663 0.051
1139.71361 I 19.484 0.05
1139.8622 I 19.52 0.042
1140.67467 I 19.495 0.068
1140.73476 I 19.508 0.037
1140.84466 I 19.504 0.044
1141.69632 I 19.502 0.05
1141.77172 I 19.491 0.044
1142.66977 I 19.474 0.044
1142.79497 I 19.577 0.051
1143.68602 I 19.566 0.049
1143.81562 I 19.483 0.047
2499.99436 I 19.799 0.056
2517.81263 I 19.87 0.097
2517.82303 I 19.819 0.073
2531.9306 I 19.965 0.042
2531.9373 I 19.929 0.036
2557.71322 I 20.088 0.054
2557.72172 I 20.084 0.047
2589.71259 I 19.833 0.044
2589.71799 I 19.804 0.037
2646.68283 I 19.458 0.048
2908.95092 I 20.085 0.036
2932.88379 I 20.074 0.03
2932.88959 I 20.105 0.032
2958.89318 I 19.662 0.041
2958.90068 I 19.71 0.041
3000.74711 I 19.582 0.076
3000.75351 I 19.641 0.076
2947.83813 J 19.083 0.0487647413609464
2947.85052 K 18.332 0.0629364759102383
4400.86827 H 18.69 0.0996393496566492
4401.74916 K 18.373 0.263190045404457
3667.81337 H 17.827 0.053
3720.69612 H 18.426 0.074
4081.74816 H 18.519 0.097
4125.74741 H 18.194 0.073
4386.89976 H 18.462 0.057
3667.81104 J 18.565 0.077
4117.70966 J 19.022 0.073
4397.85812 J 19.214 0.053
3632.0607 K 17.919 0.074
3661.93203 K 17.603 0.058
3663.88387 K 17.698 0.099
3667.8179 K 17.544 0.053
3720.70069 K 18.129 0.087
3727.74906 K 18.079 0.075
3938.07962 K 18.272 0.091
4081.72459 K 18.144 0.1
4125.71531 K 17.937 0.086
4386.87887 K 18.003 0.066
