2517.82303 I 19.247 0.041
2517.82903 I 19.398 0.053
2531.9373 I 19.361 0.023
2531.9447 I 19.357 0.024
2557.70632 I 19.649 0.043
2557.71322 I 19.623 0.037
2589.7066 I 19.958 0.047
2589.7126 I 19.892 0.048
2646.69663 I 20.243 0.084
2901.95878 I 19.742 0.036
2901.96548 I 19.788 0.037
2908.95713 I 19.51 0.029
2908.96363 I 19.505 0.025
2932.88959 I 19.22 0.017
2932.89499 I 19.221 0.018
2958.90068 I 19.095 0.028
2958.90948 I 19.138 0.024
3000.75351 I 18.711 0.039
3000.75971 I 18.786 0.035
4400.86828 H 16.452 0.0241660919471891
4401.75252 H 16.611 0.0278567765543682
4400.86302 J 17.131 0.0781600921186765
4401.75595 J 17.065 0.0469574275274956
4400.87887 K 16.132 0.0383275357934736
4401.74916 K 16.009 0.0402616442783948
3667.81338 H 16.952 0.037
3720.69612 H 16.026 0.041
4081.74816 H 16.598 0.075
4125.74741 H 16.369 0.059
4386.89976 H 16.549 0.015
3667.81105 J 16.782 0.02
3720.69275 J 16.874 0.023
4117.70966 J 17.14 0.041
4397.85813 J 17.358 0.015
3632.06071 K 15.527 0.028
3661.93204 K 15.492 0.032
3663.88388 K 15.526 0.045
3667.81791 K 16.082 0.03
3720.70069 K 16.273 0.032
3727.74906 K 15.517 0.031
3938.07962 K 16.286 0.023
4081.72459 K 16.061 0.066
4125.71531 K 15.783 0.058
4386.87887 K 15.897 0.021
