2517.82303 I 22.1 0.54
2517.82903 I 21.262 0.24
2517.85864 I 22.626 0.776
2531.9373 I 22.037 0.229
2531.9447 I 22.315 0.254
2531.9514 I 22 0.174
2557.70632 I 21.398 0.168
2557.71322 I 21.618 0.212
2589.7012 I 20.521 0.069
2589.7066 I 20.4 0.062
2589.7126 I 20.447 0.106
2646.69663 I 20.331 0.093
2901.95878 I 20.284 0.048
2901.96548 I 20.359 0.057
2908.95713 I 20.2 0.037
2908.96363 I 20.177 0.04
2932.88959 I 19.89 0.022
2932.89499 I 19.964 0.032
2958.90068 I 19.777 0.039
2958.90948 I 19.839 0.047
3000.75351 I 20.036 0.095
3000.75971 I 20.009 0.095
4400.86828 H 17.773 0.0715681493403316
4401.75252 H 17.621 0.0559732078766261
4400.87887 K 17.518 0.183273020382161
4401.74916 K 17.101 0.0855862138431185
3667.81338 H 17.302 0.03
3720.69612 H 17.555 0.04
4081.74816 H 17.619 0.079
4125.74741 H 17.756 0.066
4386.89976 H 17.802 0.033
3667.81105 J 18.131 0.047
3720.69275 J 18.5 0.081
4117.70966 J 18.639 0.059
4397.85813 J 18.611 0.032
3632.06071 K 16.695 0.036
3661.93204 K 16.839 0.04
3663.88388 K 16.873 0.061
3667.81791 K 16.848 0.039
3720.70069 K 16.961 0.037
3727.74906 K 17.032 0.041
3938.07962 K 16.742 0.029
4081.72459 K 17.209 0.073
4125.71531 K 17.299 0.067
4386.87887 K 17.307 0.039
