2517.82303 I 20.367 0.079
2517.82903 I 20.59 0.129
2531.9373 I 20.179 0.043
2531.9447 I 20.204 0.042
2557.70632 I 20.28 0.064
2557.71322 I 20.299 0.057
2589.7066 I 20.629 0.077
2589.7126 I 20.799 0.119
2646.69663 I 21.998 0.419
2901.95877 I 21.377 0.1
2901.96547 I 21.434 0.089
2908.95713 I 21.443 0.112
2908.96363 I 21.379 0.094
2932.88959 I 21.63 0.125
2932.89499 I 21.612 0.114
2958.90068 I 22.403 0.497
2958.90948 I 21.716 0.247
3000.75352 I 20.954 0.241
3000.75972 I 21.677 0.447
4401.75252 H 17.597 0.0580517010948
4401.74916 K 17.193 0.098508882848198
3667.81338 H 17.278 0.04
3720.69613 H 17.252 0.045
4081.74816 H 17.884 0.082
4125.74741 H 17.728 0.065
4386.89976 H 17.771 0.033
3667.81105 J 18.146 0.055
3720.69276 J 18.039 0.054
4117.70966 J 18.628 0.059
4397.85813 J 18.436 0.028
3632.0607 K 17.107 0.043
3661.93204 K 16.95 0.041
3663.88388 K 17.041 0.066
3667.81791 K 16.862 0.033
3720.7007 K 16.82 0.035
3727.74907 K 16.857 0.038
3938.07962 K 16.99 0.033
4081.72459 K 17.467 0.077
4125.71531 K 17.336 0.068
4386.87887 K 17.24 0.037
