2517.82303 I 20.358 0.12
2517.82903 I 20.678 0.142
2531.9373 I 21.105 0.079
2531.9447 I 20.952 0.083
2557.70632 I 21.257 0.144
2557.71322 I 21.359 0.133
2589.7066 I 20.561 0.075
2589.7126 I 20.521 0.098
2646.69663 I 19.916 0.055
2901.95877 I 19.81 0.035
2901.96547 I 19.667 0.027
2908.95713 I 19.881 0.035
2908.96363 I 19.835 0.026
2932.88959 I 20.465 0.041
2932.89499 I 20.42 0.039
2958.90068 I 21.11 0.076
2958.90948 I 21.036 0.13
3000.75352 I 20.719 0.158
3000.75972 I 20.98 0.214
4400.86828 H 17.969 0.0602079728939615
4401.75252 H 17.714 0.0600166643524946
4401.74916 K 17.252 0.099503768772846
3667.81338 H 18.303 0.072
3720.69613 H 18.048 0.059
4081.74816 H 18.44 0.095
4125.74741 H 18.208 0.073
4386.89976 H 17.8 0.033
3667.81105 J 18.95 0.106
3720.69276 J 18.85 0.107
4117.70966 J 19.035 0.074
4397.85812 J 18.565 0.031
3632.0607 K 17.716 0.064
3661.93204 K 17.809 0.066
3663.88388 K 17.971 0.122
3667.81791 K 17.635 0.057
3720.7007 K 17.561 0.055
3727.74906 K 17.556 0.053
3938.07962 K 17.535 0.05
4081.72459 K 17.861 0.088
4125.71531 K 17.884 0.084
4386.87887 K 17.42 0.042
