1044.93147 I 19.329 0.028
1044.93977 I 19.355 0.032
1047.95272 I 19.325 0.029
1047.96453 I 19.315 0.026
1051.94215 I 19.35 0.034
1051.98955 I 19.32 0.031
1055.87486 I 19.221 0.032
1056.98094 I 19.284 0.033
1057.8106 I 19.216 0.067
1057.96551 I 19.314 0.04
1072.95572 I 19.336 0.036
1074.86523 I 19.501 0.039
1074.97313 I 19.515 0.033
1075.01713 I 19.496 0.042
1075.81708 I 19.491 0.034
1075.86888 I 19.478 0.038
1075.97439 I 19.533 0.036
1101.73993 I 19.722 0.048
1101.88643 I 19.771 0.059
1103.89046 I 19.752 0.05
1104.86977 I 19.824 0.057
1105.78438 I 19.89 0.047
1105.95349 I 19.725 0.06
1106.71559 I 19.959 0.063
1138.61906 I 20.401 0.11
1138.68096 I 20.439 0.123
1139.71361 I 20.045 0.087
1139.86221 I 20.232 0.079
1140.67467 I 20.032 0.112
1140.73477 I 20.284 0.095
1140.84466 I 20.168 0.08
1141.69632 I 20.101 0.097
1141.77172 I 20.05 0.08
1142.66978 I 20.056 0.08
1142.79497 I 20.13 0.085
1143.68603 I 20.299 0.087
1143.81562 I 20.191 0.083
2517.82903 I 19.38 0.052
2517.85863 I 19.361 0.063
2531.9447 I 19.474 0.072
2531.9514 I 19.475 0.068
2557.69992 I 19.528 0.044
2557.70632 I 19.604 0.067
2589.7012 I 20.271 0.104
2589.7066 I 20.121 0.088
2662.67023 I 20.768 0.185
2901.96548 I 20.257 0.087
2901.97158 I 20.336 0.109
2908.96363 I 20.368 0.103
2908.97003 I 20.372 0.103
2932.89989 I 20.494 0.085
3000.75972 I 20.932 0.215
3000.76582 I 20.318 0.126
4401.75252 H 17.187 0.0611882341631134
4401.74916 K 16.784 0.115433963806152
3667.81338 H 17.454 0.033
3720.69613 H 17.188 0.035
4116.73646 H 17.028 0.036
4377.88464 H 16.964 0.021
3667.81105 J 18.307 0.052
3720.69276 J 17.953 0.053
4118.70481 J 17.971 0.042
4377.87092 J 17.786 0.018
3632.07285 K 17.223 0.039
3661.956 K 17.164 0.033
3663.88388 K 17.174 0.069
3667.81791 K 17.178 0.045
3678.90645 K 17.026 0.032
3720.7007 K 16.886 0.035
3727.74907 K 16.778 0.048
3938.05757 K 17.017 0.027
4074.81058 K 16.539 0.039
4115.76294 K 16.64 0.053
4362.84504 K 16.604 0.021
