2517.82904 I 20.416 0.101
2517.85864 I 20.401 0.102
2531.94471 I 20.758 0.06
2531.95141 I 20.696 0.061
2557.69993 I 21.569 0.18
2557.70633 I 21.295 0.141
2589.7012 I 21.782 0.245
2589.7066 I 21.573 0.173
2646.69662 I 20.785 0.122
2646.71212 I 20.953 0.201
2662.67022 I 20.398 0.104
2901.96548 I 19.541 0.069
2901.97158 I 19.598 0.031
2908.96363 I 19.52 0.025
2908.97003 I 19.501 0.021
2932.89499 I 19.586 0.021
2932.89989 I 19.545 0.022
2958.90948 I 20.188 0.07
2958.91748 I 20.099 0.065
3000.75971 I 21.637 0.397
3000.76581 I 21.886 0.45
4400.82991 H 18.237 0.120070812439993
4400.82437 J 19.027 0.245837344600042
4400.84221 K 17.887 0.228429420171746
3667.81338 H 18.223 0.055
3720.69612 H 18.594 0.072
4116.73645 H 18.535 0.061
4377.88464 H 18.43 0.051
3667.81105 J 18.9 0.081
3720.69275 J 19.259 0.15
4118.7048 J 19.187 0.073
4377.87092 J 19.066 0.044
3632.07285 K 17.506 0.048
3661.956 K 17.649 0.049
3663.88388 K 17.565 0.09
3667.81791 K 17.895 0.07
3678.90645 K 18.032 0.21
3720.70069 K 18.041 0.075
3727.74906 K 17.989 0.121
3938.05758 K 17.925 0.056
4074.81057 K 17.687 0.052
4115.76293 K 17.925 0.072
4362.84505 K 18.089 0.069
