1044.93148 I 20.688 0.064
1044.93978 I 20.609 0.061
1047.95273 I 20.872 0.085
1047.96453 I 20.887 0.091
1051.94216 I 20.67 0.113
1051.98956 I 20.488 0.109
1055.87486 I 20.888 0.13
1056.98095 I 20.874 0.13
1057.81061 I 20.77 0.096
1057.96552 I 20.781 0.143
1072.95572 I 20.257 0.068
1074.86523 I 19.998 0.049
1074.97314 I 20.085 0.053
1075.01714 I 20.02 0.061
1075.81709 I 20.034 0.06
1075.86889 I 20.124 0.064
1075.97439 I 19.985 0.045
1101.73993 I 19.908 0.058
1101.88643 I 19.942 0.057
1103.89046 I 20.003 0.057
1104.86978 I 19.889 0.06
1105.78439 I 19.9 0.046
1105.95349 I 19.875 0.059
1106.7156 I 19.908 0.052
1138.61906 I 20.723 0.125
1138.68096 I 21.042 0.213
1139.71361 I 20.644 0.108
1139.86221 I 20.598 0.107
1140.67467 I 20.604 0.165
1140.73477 I 20.616 0.088
1140.84466 I 20.595 0.104
1141.69632 I 20.772 0.123
1141.77172 I 20.822 0.137
1142.66978 I 20.922 0.146
1142.79497 I 20.789 0.153
1143.68603 I 20.903 0.139
1143.81562 I 20.919 0.151
2517.85864 I 20.244 0.084
2531.95141 I 20.677 0.068
2557.69993 I 21.185 0.139
2589.7012 I 20.426 0.076
2646.71212 I 20.009 0.07
2662.67023 I 19.919 0.076
2901.97158 I 20.767 0.038
2908.97003 I 20.613 0.081
2932.8999 I 20.075 0.034
2958.91748 I 20.072 0.06
3000.76581 I 19.843 0.079
4400.82991 H 18.014 0.108903627120496
4401.7849 H 18.121 0.128658462605458
4401.78151 K 17.669 0.1184229707447
3667.81338 H 18.142 0.052
3720.69612 H 18.187 0.055
4116.73645 H 18.555 0.061
4377.88464 H 17.925 0.035
3667.81105 J 18.733 0.071
3720.69275 J 19.018 0.123
4118.7048 J 19.262 0.077
4377.87092 J 18.67 0.032
3632.07285 K 18.36 0.094
3661.956 K 18.009 0.065
3663.88388 K 17.94 0.118
3667.81791 K 17.888 0.07
3678.90645 K 17.666 0.13
3720.70069 K 17.821 0.063
3727.74906 K 18.026 0.121
3938.05758 K 18.119 0.066
4074.81058 K 18.109 0.066
4115.76293 K 18.246 0.085
4362.84505 K 17.644 0.047
