1044.93148 I 18.869 0.015
1044.93978 I 18.88 0.014
1047.95273 I 18.878 0.016
1047.96454 I 18.863 0.015
1051.94216 I 18.898 0.017
1051.98956 I 18.89 0.023
1055.87487 I 18.996 0.021
1056.98095 I 18.943 0.021
1057.81061 I 18.935 0.019
1057.96552 I 18.975 0.025
1072.95573 I 19.06 0.021
1074.86523 I 19.077 0.017
1074.97314 I 19.065 0.019
1075.01714 I 19.085 0.024
1075.81709 I 19.071 0.024
1075.86889 I 19.111 0.026
1075.9744 I 19.123 0.022
1101.73993 I 19.306 0.031
1101.88643 I 19.385 0.034
1103.89046 I 19.405 0.035
1104.86978 I 19.38 0.027
1105.78439 I 19.401 0.029
1105.95349 I 19.377 0.041
1106.7156 I 19.434 0.032
1138.61906 I 19.828 0.06
1138.68095 I 19.794 0.063
1139.71361 I 19.945 0.055
1139.8622 I 19.965 0.061
1140.67467 I 19.863 0.071
1140.73476 I 19.948 0.052
1140.84466 I 19.935 0.051
1141.69632 I 20.017 0.061
1141.77172 I 19.899 0.062
1142.66977 I 19.966 0.063
1142.79497 I 20.042 0.072
1143.68603 I 20.057 0.052
1143.81562 I 19.883 0.05
2517.85864 I 19.528 0.053
2531.95141 I 19.839 0.031
2557.69993 I 20.444 0.075
2589.7012 I 20.973 0.098
2646.71212 I 22.338 0.665
2662.67022 I 21.99 0.46
2901.97158 I 18.748 0.047
2908.97003 I 18.719 0.019
2932.8999 I 18.755 0.014
2958.91748 I 19.185 0.034
3000.76581 I 19.798 0.077
4400.82991 H 16.457 0.0265706605111728
4401.7849 H 16.44 0.0316227766016838
4400.82437 J 17.172 0.0875556965593901
4401.78876 J 17.094 0.054230987451825
4400.84221 K 15.916 0.0441474801092882
4401.78151 K 15.9 0.0291547594742265
3667.81338 H 16.904 0.025
3720.69612 H 16.899 0.033
4116.73645 H 16.623 0.035
4377.88464 H 16.273 0.018
3667.81105 J 17.533 0.033
4118.7048 J 17.381 0.038
4377.87092 J 17.017 0.013
3632.07285 K 16.461 0.026
3661.956 K 16.361 0.021
3663.88388 K 16.385 0.05
3667.81791 K 16.349 0.034
3678.90645 K 16.438 0.051
3720.70069 K 16.344 0.029
3727.74906 K 16.425 0.041
3938.05758 K 15.906 0.015
4074.81057 K 16.112 0.037
4115.76293 K 16.167 0.051
4362.84505 K 15.746 0.014
