1044.93148 I 21.372 0.124
1044.93978 I 21.253 0.15
1047.95273 I 21.047 0.1
1047.96453 I 21.205 0.109
1051.94216 I 21.297 0.14
1051.98956 I 21.167 0.138
1055.87486 I 20.922 0.123
1056.98095 I 21.175 0.145
1057.81061 I 21.2 0.159
1057.96552 I 21.018 0.177
1072.95572 I 20.466 0.092
1074.86523 I 20.332 0.05
1074.97314 I 20.41 0.056
1075.01714 I 20.384 0.092
1075.81708 I 20.284 0.078
1075.86888 I 20.282 0.067
1075.97439 I 20.317 0.06
1101.73993 I 20.171 0.083
1101.88643 I 19.964 0.052
1102.80074 I 20.179 0.092
1103.89046 I 20.087 0.062
1104.70447 I 20.147 0.092
1104.86977 I 20.094 0.061
1105.78438 I 20.012 0.051
1105.95348 I 19.995 0.07
1106.71559 I 20.123 0.063
1138.61905 I 19.916 0.068
1138.68095 I 19.961 0.107
1139.7136 I 19.811 0.055
1139.8622 I 19.766 0.045
1140.67466 I 19.754 0.088
1140.73476 I 19.897 0.058
1140.84465 I 19.983 0.07
1141.69631 I 19.828 0.062
1141.77171 I 19.847 0.057
1142.66977 I 19.817 0.058
1142.79496 I 19.95 0.071
1143.68602 I 19.905 0.051
1143.81561 I 19.988 0.063
2531.9724 I 20.391 0.076
2531.98011 I 20.249 0.051
2557.68622 I 21.283 0.222
2557.69282 I 20.698 0.181
2589.68969 I 21.223 0.178
2589.69539 I 21.375 0.18
2662.65762 I 19.801 0.07
2662.66402 I 19.739 0.058
2901.99158 I 19.972 0.05
2908.98863 I 19.873 0.042
2908.99593 I 19.847 0.035
2932.91719 I 19.731 0.024
2932.92359 I 19.656 0.027
2958.93617 I 19.865 0.047
2958.94257 I 19.999 0.049
3000.7913 I 21.115 0.314
4400.90443 H 18.448 0.169578890195684
4400.91525 K 17.99 0.116430236622623
3667.81337 H 18.258 0.059
3720.69611 H 18.344 0.059
4039.77535 H 17.791 0.048
4397.89571 H 18.476 0.051
3667.81104 J 18.882 0.076
3720.69275 J 19 0.107
4397.87305 J 19.122 0.051
3632.12432 K 17.449 0.054
3661.97994 K 17.58 0.061
3663.88387 K 17.776 0.1
3667.8179 K 17.771 0.058
3720.70068 K 17.759 0.058
3938.10133 K 17.878 0.085
4038.85679 K 17.406 0.042
4397.83375 K 18.043 0.058
