1044.93148 I 20.168 0.048
1044.93978 I 20.22 0.037
1047.95274 I 20.164 0.041
1047.96454 I 20.149 0.042
1051.94216 I 19.944 0.04
1051.98956 I 19.931 0.06
1055.87487 I 19.964 0.055
1056.98095 I 19.933 0.052
1057.81061 I 19.816 0.043
1057.96552 I 19.842 0.064
1072.95572 I 19.822 0.05
1074.86523 I 19.789 0.03
1074.97314 I 19.814 0.032
1075.01714 I 19.705 0.051
1075.81709 I 19.776 0.051
1075.86889 I 19.764 0.049
1075.97439 I 19.904 0.046
1101.73993 I 20.391 0.1
1101.88643 I 20.216 0.074
1102.80075 I 19.965 0.069
1103.89046 I 19.935 0.062
1104.70447 I 20.369 0.119
1104.86977 I 20.447 0.088
1105.78438 I 20.085 0.058
1105.95348 I 20.311 0.085
1106.71559 I 19.973 0.063
1138.61905 I 20.494 0.12
1138.68095 I 20.137 0.116
1139.7136 I 21.407 0.273
1139.8622 I 20.817 0.108
1140.67466 I 21.505 0.43
1140.73476 I 20.84 0.127
1140.84465 I 21.215 0.195
1141.69631 I 20.978 0.194
1141.77171 I 21.385 0.254
1142.66977 I 20.905 0.122
1143.68602 I 20.939 0.15
1143.81561 I 20.95 0.14
2517.84154 I 20.158 0.061
2531.96501 I 19.836 0.038
2531.97241 I 19.858 0.035
2557.67372 I 20.036 0.092
2557.68622 I 19.754 0.056
2589.68399 I 20.268 0.05
2589.68969 I 20.292 0.064
2662.65142 I 19.943 0.057
2662.65762 I 20.008 0.066
2901.98498 I 20.6 0.049
2901.99158 I 20.395 0.042
2908.98253 I 20.43 0.054
2908.98863 I 20.405 0.051
2932.91229 I 19.969 0.033
2932.91719 I 20.038 0.034
2958.93017 I 19.798 0.049
2958.93617 I 19.845 0.051
3000.7783 I 20.74 0.18
4401.81819 K 18.609 0.34914323708186
3667.81338 H 18.588 0.079
3720.69611 H 18.802 0.082
4039.77535 H 18.23 0.068
4397.89571 H 19.018 0.079
3667.81105 J 19.07 0.094
3720.69274 J 19.725 0.194
4397.87305 J 19.487 0.069
3632.12432 K 17.934 0.073
3661.97994 K 18.157 0.084
3663.88388 K 18.351 0.159
3667.81791 K 18.494 0.109
3720.70068 K 18.737 0.137
3938.10133 K 18.313 0.126
4038.85679 K 17.973 0.068
4397.83375 K 18.713 0.099
