332.98229 I 20.04 0.046
333.91185 I 20.083 0.052
334.87982 I 20.08 0.064
348.78194 I 20.328 0.094
349.8853 I 20.215 0.071
350.90135 I 20.434 0.102
353.81288 I 20.488 0.167
353.81408 I 20.275 0.118
357.00941 I 20.448 0.237
357.01441 I 20.185 0.166
357.98535 I 20.488 0.133
357.99615 I 20.419 0.14
358.92218 I 20.564 0.098
358.93128 I 20.475 0.085
359.80832 I 20.552 0.109
359.81752 I 20.459 0.086
361.92419 I 20.517 0.11
361.99639 I 20.618 0.136
362.74811 I 20.625 0.133
362.87722 I 20.233 0.103
363.00022 I 20.293 0.109
363.75644 I 20.662 0.117
363.87965 I 20.461 0.101
364.79017 I 20.571 0.126
364.91107 I 20.705 0.127
365.9215 I 20.718 0.097
645.932 I 20.003 0.065
651.86824 I 20.152 0.136
652.87233 I 20.041 0.084
653.96243 I 20.074 0.104
660.89137 I 20.173 0.062
660.95838 I 20.35 0.056
665.88823 I 20.381 0.063
673.94015 I 20.72 0.097
674.94294 I 20.889 0.159
679.88606 I 20.852 0.153
680.91175 I 21.088 0.258
685.97487 I 21.223 0.205
687.92692 I 21.253 0.17
688.99581 I 21.17 0.155
695.87952 I 21.583 0.237
696.00323 I 21.466 0.189
4400.70547 H 17.77 0.0386005181312376
4401.70461 H 18.684 0.311088411870323
4400.71635 K 17.34 0.0500099990002
4401.70091 K 17.466 0.165302752548165
3643.07923 H 17.313 0.029
4037.79475 H 18.049 0.06
4114.81474 H 18.001 0.048
4357.98276 H 18.095 0.038
3643.07686 J 18.077 0.043
4036.84314 J 18.706 0.067
4037.84135 J 18.657 0.071
4038.81572 J 18.682 0.049
4114.79156 J 18.646 0.07
4357.96885 J 18.805 0.037
3633.0008 K 16.919 0.031
3643.08379 K 16.933 0.041
3662.00389 K 16.889 0.045
3663.88387 K 16.917 0.068
3678.89413 K 16.918 0.029
3938.03607 K 16.924 0.027
4036.79418 K 17.447 0.056
4037.7659 K 17.4 0.065
4114.76664 K 17.461 0.067
4357.95111 K 17.487 0.037
