332.97389 I 19.964 0.048
333.92016 I 20.028 0.045
335.00013 I 19.958 0.052
348.76535 I 20.076 0.065
349.8552 I 20.185 0.076
349.8635 I 20.13 0.061
350.89285 I 20.35 0.12
352.95285 I 20.253 0.112
353.82238 I 20.272 0.14
356.99492 I 20.033 0.126
356.99972 I 20.063 0.127
357.00452 I 20.332 0.203
358.02205 I 20.217 0.117
358.94199 I 20.412 0.09
358.95089 I 20.34 0.099
359.82772 I 20.428 0.089
359.83662 I 20.324 0.083
361.93389 I 20.37 0.083
362.00569 I 20.364 0.096
362.75782 I 20.413 0.096
363.00982 I 20.425 0.12
363.76735 I 20.448 0.089
363.89025 I 20.392 0.109
364.80108 I 20.468 0.101
364.92048 I 20.346 0.083
365.7592 I 20.338 0.078
365.93141 I 20.494 0.104
645.9521 I 19.602 0.042
646.89519 I 19.546 0.051
651.89055 I 19.591 0.088
652.88064 I 19.681 0.068
653.97074 I 19.653 0.054
660.89968 I 19.757 0.049
660.96678 I 19.629 0.043
665.87633 I 19.808 0.061
672.00248 I 19.779 0.081
673.96086 I 19.782 0.053
674.95184 I 19.752 0.045
679.90217 I 19.881 0.081
680.95566 I 19.818 0.067
685.92737 I 19.977 0.107
685.96657 I 19.856 0.061
687.96233 I 19.907 0.05
688.95951 I 20.02 0.072
690.93406 I 20.003 0.056
695.90543 I 20.089 0.073
730.9622 I 20.68 0.119
4400.70547 H 17.768 0.0361386219991853
4400.69841 J 18.682 0.1389172415505
4400.71635 K 17.27 0.0379473319220206
3643.99905 H 17.716 0.038
4039.77535 H 17.507 0.045
4397.89571 H 17.697 0.036
3643.9967 J 18.513 0.084
4397.87305 J 18.442 0.034
3632.1243 K 17.267 0.054
3644.00357 K 17.295 0.052
3661.97993 K 17.503 0.067
3663.88387 K 17.334 0.085
3938.1013 K 16.684 0.058
4038.85679 K 17.076 0.036
4397.83375 K 17.146 0.037
