332.9739 I 20.957 0.085
333.92016 I 21.091 0.152
335.00014 I 21.186 0.126
349.85521 I 21.27 0.183
349.86351 I 21.435 0.171
352.95285 I 20.557 0.248
353.82239 I 21.043 0.23
359.82773 I 21.267 0.169
363.89026 I 21.402 0.217
364.92048 I 21.51 0.205
645.95211 I 18.741 0.021
646.8952 I 18.803 0.104
651.89055 I 18.843 0.035
652.88065 I 18.753 0.028
653.97075 I 18.902 0.121
660.89968 I 18.921 0.024
660.96679 I 18.906 0.022
665.87634 I 19.052 0.024
672.00249 I 19.176 0.043
673.96086 I 19.251 0.04
674.95185 I 19.217 0.03
679.90218 I 19.316 0.038
680.95567 I 19.265 0.043
685.92738 I 19.462 0.069
685.96658 I 19.468 0.042
687.96234 I 19.584 0.036
688.95952 I 19.565 0.041
690.93407 I 19.567 0.034
695.90544 I 19.764 0.043
730.96221 I 21.038 0.174
4400.79205 H 16.83 0.030364452901378
4400.78669 J 17.57 0.054230987451825
4400.80187 K 16.347 0.0269258240356725
3643.99905 H 16.74 0.018
3667.81338 H 16.62 0.033
3720.69614 H 16.371 0.041
4039.77535 H 16.629 0.025
4397.89572 H 16.601 0.023
3643.9967 J 17.399 0.034
3667.81105 J 17.47 0.033
3720.69277 J 17.202 0.029
4397.87306 J 17.547 0.021
3632.12431 K 16.674 0.041
3644.00357 K 16.342 0.029
3661.97994 K 16.472 0.048
3663.88388 K 16.318 0.056
3667.81791 K 16.378 0.026
3938.10131 K 16.309 0.053
4038.85679 K 16.31 0.022
4397.83376 K 16.15 0.028
