0.001 0
0.0010056 0
0.0010113 0
0.0010169 0
0.0010225 0
0.0010281 0
0.0010338 0
0.0010394 0
0.001045 0
0.0010507 0
0.0010563 0
0.0010619 0
0.0010675 0
0.0010732 0
0.0010788 0
0.0010844 0
0.0010901 0
0.0010957 0
0.0011013 0
0.0011069 0
0.0011126 0
0.0011182 0
0.0011238 0
0.0011295 0
0.0011351 0
0.0011407 0
0.0011463 0
0.001152 0
0.0011576 0
0.0011632 0
0.0011689 0
0.0011745 0
0.0011801 0
0.0011857 0
0.0011914 0
0.001197 0
0.0012026 0
0.0012083 0
0.0012139 0
0.0012195 0
0.0012251 0
0.0012308 0
0.0012364 0
0.001242 0
0.0012477 0
0.0012533 0
0.0012589 0
0.0012645 0
0.0012702 0
0.0012758 0
0.0012814 0
0.0012871 0
0.0012927 0
0.0012983 0
0.0013039 0
0.0013096 0
0.0013152 0
0.0013208 0
0.0013265 0
0.0013321 0
0.0013377 0
0.0013433 0
0.001349 0
0.0013546 0
0.0013602 0
0.0013659 0
0.0013715 0
0.0013771 0
0.0013827 0
0.0013884 0
0.001394 0
0.0013996 0
0.0014053 0
0.0014109 0
0.0014165 0
0.0014221 0
0.0014278 1e-07
0.0014334 1e-07
0.001439 1e-07
0.0014447 1e-07
0.0014503 1e-07
0.0014559 1e-07
0.0014615 2e-07
0.0014672 2e-07
0.0014728 2e-07
0.0014784 3e-07
0.0014841 3e-07
0.0014897 4e-07
0.0014953 4e-07
0.0015009 5e-07
0.0015066 6e-07
0.0015122 8e-07
0.0015178 9e-07
0.0015235 1e-06
0.0015291 1.2e-06
0.0015347 1.4e-06
0.0015403 1.7e-06
0.001546 1.9e-06
0.0015516 2.1e-06
0.0015572 2.4e-06
0.0015629 2.7e-06
0.0015685 2.9e-06
0.0015741 3.2e-06
0.0015797 3.4e-06
0.0015854 3.7e-06
0.001591 3.9e-06
0.0015966 4.1e-06
0.0016023 4.3e-06
0.0016079 4.5e-06
0.0016135 4.7e-06
0.0016191 4.9e-06
0.0016248 5.1e-06
0.0016304 5.4e-06
0.001636 5.7e-06
0.0016417 6e-06
0.0016473 6.3e-06
0.0016529 6.7e-06
0.0016585 7.2e-06
0.0016642 7.8e-06
0.0016698 8.4e-06
0.0016754 9.1e-06
0.0016811 1.01e-05
0.0016867 1.14e-05
0.0016923 1.29e-05
0.0016979 1.45e-05
0.0017036 1.73e-05
0.0017092 2.08e-05
0.0017148 2.51e-05
0.0017205 3.03e-05
0.0017261 3.84e-05
0.0017317 4.95e-05
0.0017373 6.39e-05
0.001743 8.23e-05
0.0017486 0.0001076
0.0017542 0.0001414
0.0017598 0.0001857
0.0017655 0.0002439
0.0017711 0.0003129
0.0017767 0.0003983
0.0017824 0.000507
0.001788 0.0006454
0.0017936 0.0008026
0.0017992 0.0009898
0.0018049 0.0012207
0.0018105 0.0015054
0.0018161 0.001855
0.0018218 0.002285
0.0018274 0.0028146
0.001833 0.003467
0.0018386 0.0043363
0.0018443 0.0054555
0.0018499 0.0068636
0.0018555 0.0086351
0.0018612 0.0109557
0.0018668 0.0139467
0.0018724 0.0177544
0.001878 0.0226016
0.0018837 0.0281826
0.0018893 0.0348412
0.0018949 0.043073
0.0019006 0.0532497
0.0019062 0.0624368
0.0019118 0.071561
0.0019174 0.0820186
0.0019231 0.0940043
0.0019287 0.100479
0.0019343 0.1041107
0.00194 0.1078736
0.0019456 0.1117726
0.0019512 0.1080294
0.0019568 0.1011123
0.0019625 0.0946381
0.0019681 0.0885784
0.0019737 0.078355
0.0019794 0.0674666
0.001985 0.0580913
0.0019906 0.0500188
0.0019962 0.0418173
0.0020019 0.0344549
0.0020075 0.0283887
0.0020131 0.0233905
0.0020188 0.0194614
0.0020244 0.0162734
0.00203 0.0136076
0.0020356 0.0113785
0.0020413 0.0099669
0.0020469 0.0089475
0.0020525 0.0080323
0.0020582 0.0072108
0.0020638 0.0068942
0.0020694 0.0068224
0.002075 0.0067513
0.0020807 0.006681
0.0020863 0.0070038
0.0020919 0.0075851
0.0020976 0.0082146
0.0021032 0.0088964
0.0021088 0.0100417
0.0021144 0.0116112
0.0021201 0.0134261
0.0021257 0.0155246
0.0021313 0.0183611
0.002137 0.0220133
0.0021426 0.0263919
0.0021482 0.0316415
0.0021538 0.0380592
0.0021595 0.0458716
0.0021651 0.0552875
0.0021707 0.0666363
0.0021764 0.0794542
0.002182 0.0940849
0.0021876 0.1114097
0.0021932 0.1319247
0.0021989 0.15492
0.0022045 0.180921
0.0022101 0.2112859
0.0022158 0.2467471
0.0022214 0.288677
0.002227 0.3381461
0.0022326 0.3960924
0.0022383 0.4639688
0.0022439 0.5444603
0.0022495 0.6397311
0.0022552 0.7516725
0.0022608 0.8832016
0.0022664 1.0273476
0.002272 1.1862989
0.0022777 1.3698432
0.0022833 1.5817855
0.0022889 1.7747925
0.0022946 1.9489021
0.0023002 2.1400921
0.0023058 2.3500381
0.0023114 2.4635467
0.0023171 2.4914888
0.0023227 2.5197479
0.0023283 2.5483274
0.002334 2.4453776
0.0023396 2.2503615
0.0023452 2.0708978
0.0023508 1.9057461
0.0023565 1.6829044
0.0023621 1.4365861
0.0023677 1.2263202
0.0023734 1.0468299
0.002379 0.8770673
0.0023846 0.7232929
0.0023902 0.5964794
0.0023959 0.4918999
0.0024015 0.4069306
0.0024071 0.3375621
0.0024128 0.2800186
0.0024184 0.2322845
0.002424 0.1960157
0.0024296 0.1679791
0.0024353 0.1439526
0.0024409 0.1233627
0.0024465 0.1081878
0.0024522 0.0969339
0.0024578 0.0868508
0.0024634 0.0778164
0.002469 0.0713731
0.0024747 0.0669444
0.0024803 0.0627906
0.0024859 0.0588944
0.0024916 0.0563664
0.0024972 0.0550302
0.0025028 0.0537256
0.0025084 0.052452
0.0025141 0.0520121
0.0025197 0.0523976
0.0025253 0.0527859
0.002531 0.0531771
0.0025366 0.0542141
0.0025422 0.0559652
0.0025478 0.057773
0.0025535 0.0596391
0.0025591 0.06222
0.0025647 0.0656571
0.0025704 0.0692839
0.002576 0.0731112
0.0025816 0.0779825
0.0025872 0.0841767
0.0025929 0.0908628
0.0025985 0.09808
0.0026041 0.1068885
0.0026098 0.1177718
0.0026154 0.1297632
0.002621 0.1429756
0.0026266 0.1580591
0.0026323 0.1754225
0.0026379 0.1946934
0.0026435 0.2160811
0.0026492 0.2378035
0.0026548 0.2590368
0.0026604 0.2821661
0.002666 0.3073605
0.0026717 0.3287731
0.0026773 0.3437497
0.0026829 0.3594086
0.0026886 0.3757808
0.0026942 0.3865523
0.0026998 0.3893465
0.0027054 0.392161
0.0027111 0.3949959
0.0027167 0.3967501
0.0027223 0.3970423
0.002728 0.3973348
0.0027336 0.3976274
0.0027392 0.4032193
0.0027448 0.4163954
0.0027505 0.4300021
0.0027561 0.4440535
0.0027617 0.467338
0.0027674 0.5052429
0.002773 0.5462222
0.0027786 0.5905253
0.0027842 0.6432146
0.0027899 0.7083133
0.0027955 0.7800006
0.0028011 0.8589433
0.0028068 0.9375647
0.0028124 1.0098404
0.002818 1.0876877
0.0028236 1.1715362
0.0028293 1.2438019
0.0028349 1.2912246
0.0028405 1.3404553
0.0028462 1.3915631
0.0028518 1.4291435
0.0028574 1.44254
0.002863 1.456062
0.0028687 1.4697108
0.0028743 1.4750921
0.0028799 1.4666107
0.0028856 1.4581781
0.0028912 1.449794
0.0028968 1.437578
0.0029024 1.4188934
0.0029081 1.4004516
0.0029137 1.3822495
0.0029193 1.3612713
0.002925 1.3353736
0.0029306 1.3099686
0.0029362 1.2850469
0.0029418 1.255998
0.0029475 1.219419
0.0029531 1.1839054
0.0029587 1.149426
0.0029644 1.109414
0.00297 1.0589629
0.0029756 1.0108061
0.0029812 0.9648392
0.0029869 0.9148648
0.0029925 0.8562822
0.0029981 0.8014509
0.0030038 0.7501307
0.0030094 0.6996747
0.003015 0.6480668
0.0030206 0.6002655
0.0030263 0.55599
0.0030319 0.5168695
0.0030375 0.4841985
0.0030432 0.4535926
0.0030488 0.4249213
0.0030544 0.4025469
0.00306 0.3907208
0.0030657 0.379242
0.0030713 0.3681005
0.0030769 0.3627541
0.0030826 0.3698784
0.0030882 0.3771425
0.0030938 0.3845494
0.0030994 0.3974343
0.0031051 0.423856
0.0031107 0.4520343
0.0031163 0.482086
0.003122 0.5177578
0.0031276 0.565559
0.0031332 0.6177734
0.0031388 0.6748083
0.0031445 0.7368951
0.0031501 0.8041105
0.0031557 0.8774571
0.0031614 0.9574938
0.003167 1.0398211
0.0031726 1.1152319
0.0031782 1.1961116
0.0031839 1.282857
0.0031895 1.3673355
0.0031951 1.4330813
0.0032008 1.5019884
0.0032064 1.5742087
0.003212 1.6398086
0.0032176 1.6790446
0.0032233 1.7192195
0.0032289 1.7603556
0.0032345 1.7924332
0.0032402 1.7956433
0.0032458 1.7988591
0.0032514 1.8020807
0.003257 1.7965393
0.0032627 1.7647829
0.0032683 1.7335879
0.0032739 1.7029443
0.0032795 1.6660408
0.0032852 1.6091119
0.0032908 1.5541282
0.0032964 1.5010233
0.0033021 1.444825
0.0033077 1.3752988
0.0033133 1.3091183
0.0033189 1.2461225
0.0033246 1.1827393
0.0033302 1.1115106
0.0033358 1.0445715
0.0033415 0.9816638
0.0033471 0.9204946
0.0033527 0.8562785
0.0033583 0.7965423
0.003364 0.7409735
0.0033696 0.6888903
0.0033752 0.6391067
0.0033809 0.5929208
0.0033865 0.5500726
0.0033921 0.5118778
0.0033977 0.482066
0.0034034 0.4539905
0.003409 0.42755
0.0034146 0.405978
0.0034203 0.3987788
0.0034259 0.3917073
0.0034315 0.3847613
0.0034371 0.3824431
0.0034428 0.4001037
0.0034484 0.4185799
0.003454 0.4379093
0.0034597 0.4630375
0.0034653 0.5138769
0.0034709 0.5702983
0.0034765 0.6329144
0.0034822 0.7065626
0.0034878 0.8113587
0.0034934 0.931698
0.0034991 1.0698857
0.0035047 1.230193
0.0035103 1.4239773
0.0035159 1.6482872
0.0035216 1.9079312
0.0035272 2.2049331
0.0035328 2.5264465
0.0035385 2.8948415
0.0035441 3.3169543
0.0035497 3.7876151
0.0035553 4.2421214
0.003561 4.7511675
0.0035666 5.3212981
0.0035722 5.9325945
0.0035779 6.4347357
0.0035835 6.9793786
0.0035891 7.5701208
0.0035947 8.1701313
0.0036004 8.5419375
0.003606 8.9306638
0.0036116 9.3370803
0.0036173 9.7161993
0.0036229 9.7914696
0.0036285 9.8673229
0.0036341 9.9437639
0.0036398 9.9780389
0.0036454 9.7041994
0.003651 9.4378752
0.0036567 9.1788601
0.0036623 8.8907818
0.0036679 8.3410303
0.0036735 7.8252722
0.0036792 7.3414053
0.0036848 6.860961
0.0036904 6.2052851
0.0036961 5.6122696
0.0037017 5.0759264
0.0037073 4.5770819
0.0037129 4.0144915
0.0037186 3.5210516
0.0037242 3.0882628
0.0037298 2.7058947
0.0037355 2.3464881
0.0037411 2.0348192
0.0037467 1.7645473
0.0037523 1.5325682
0.003758 1.3543701
0.0037636 1.1968919
0.0037692 1.0577243
0.0037749 0.9379964
0.0037805 0.8681947
0.0037861 0.8035873
0.0037917 0.7437877
0.0037974 0.6912106
0.003803 0.6789232
0.0038086 0.6668543
0.0038143 0.6549999
0.0038199 0.6456629
0.0038255 0.6730631
0.0038311 0.7016262
0.0038368 0.7314014
0.0038424 0.7645842
0.003848 0.8407111
0.0038537 0.9244176
0.0038593 1.0164585
0.0038649 1.1198788
0.0038705 1.2866325
0.0038762 1.4782164
0.0038818 1.6983278
0.0038874 1.9534594
0.0038931 2.3140407
0.0038987 2.7411801
0.0039043 3.2471636
0.0039099 3.8482037
0.0039156 4.6243686
0.0039212 5.5570822
0.0039268 6.6779199
0.0039325 8.0244224
0.0039381 9.6214683
0.0039437 11.5363634
0.0039493 13.832367
0.003955 16.5806853
0.0039606 19.5138764
0.0039662 22.9659612
0.0039719 27.0287338
0.0039775 31.8014499
0.0039831 36.0784025
0.0039887 40.9305592
0.0039944 46.4352787
0.004 52.6803236
0.0040056 56.5180932
0.0040113 60.6354448
0.0040169 65.0527461
0.0040225 69.7918485
0.0040281 69.8966073
0.0040338 69.9650372
0.0040394 70.0335341
0.004045 70.102098
0.0040507 65.6080631
0.0040563 61.3391332
0.0040619 57.3479704
0.0040675 53.6165012
0.0040732 47.6684955
0.0040788 42.3311677
0.0040844 37.5914478
0.0040901 33.382423
0.0040957 28.8346032
0.0041013 24.8849629
0.0041069 21.4763273
0.0041126 18.5345921
0.0041182 15.8313882
0.0041238 13.5169805
0.0041295 11.5409186
0.0041351 9.8537393
0.0041407 8.4028211
0.0041463 7.1651256
0.004152 6.1097368
0.0041576 5.2098018
0.0041632 4.4603507
0.0041689 3.8195657
0.0041745 3.2708375
0.0041801 2.8009409
0.0041857 2.4246708
0.0041914 2.1004032
0.004197 1.8195021
0.0042026 1.5761678
0.0042083 1.3930272
0.0042139 1.2329592
0.0042195 1.0912841
0.0042251 0.9658884
0.0042308 0.8800642
0.0042364 0.8037594
0.004242 0.7340705
0.0042477 0.6704239
0.0042533 0.634831
0.0042589 0.6030898
0.0042645 0.5729357
0.0042702 0.5442893
0.0042758 0.5392732
0.0042814 0.5365352
0.0042871 0.5338112
0.0042927 0.531101
0.0042983 0.5530865
0.0043039 0.5788378
0.0043096 0.605788
0.0043152 0.6339931
0.0043208 0.691179
0.0043265 0.7571534
0.0043321 0.8294252
0.0043377 0.9085954
0.0043433 1.0167075
0.004349 1.1407621
0.0043546 1.2799534
0.0043602 1.4361282
0.0043659 1.6018456
0.0043715 1.7852393
0.0043771 1.9896296
0.0043827 2.2174203
0.0043884 2.4177613
0.004394 2.6277561
0.0043996 2.8559901
0.0044053 3.1040474
0.0044109 3.3083819
0.0044165 3.5154015
0.0044221 3.7353752
0.0044278 3.9691137
0.0044334 4.1845045
0.004439 4.4058164
0.0044447 4.6388333
0.0044503 4.884174
0.0044559 5.1570332
0.0044615 5.4478582
0.0044672 5.7550839
0.0044728 6.0796353
0.0044784 6.469655
0.0044841 6.8941471
0.0044897 7.3464913
0.0044953 7.8285151
0.0045009 8.3810058
0.0045066 8.9807523
0.0045122 9.6234169
0.0045178 10.3120706
0.0045235 11.0349843
0.0045291 11.8052189
0.0045347 12.6292153
0.0045403 13.5107261
0.004546 14.397747
0.0045516 15.3298903
0.0045572 16.3223828
0.0045629 17.3791315
0.0045685 18.4786149
0.0045741 19.6413412
0.0045797 20.8772295
0.0045854 22.1908834
0.004591 23.5826491
0.0045966 25.0605295
0.0046023 26.6310259
0.0046079 28.2999423
0.0046135 29.8322717
0.0046191 31.3831395
0.0046248 33.0146311
0.0046304 34.7309379
0.004636 35.500766
0.0046417 36.0104523
0.0046473 36.5274562
0.0046529 37.0518827
0.0046585 35.5043717
0.0046642 33.4857861
0.0046698 31.5819664
0.0046754 29.7863875
0.0046811 26.1125005
0.0046867 22.4094959
0.0046923 19.231613
0.0046979 16.5043846
0.0047036 13.393741
0.0047092 10.6862399
0.0047148 8.5260514
0.0047205 6.8025379
0.0047261 5.3759257
0.0047317 4.2356848
0.0047373 3.3372905
0.004743 2.6294468
0.0047486 2.1520181
0.0047542 1.7835125
0.0047598 1.4781087
0.0047655 1.2250014
0.0047711 1.0853531
0.0047767 0.9839353
0.0047824 0.8919942
0.004788 0.8086442
0.0047936 0.7897835
0.0047992 0.7921621
0.0048049 0.7945478
0.0048105 0.7969407
0.0048161 0.8526347
0.0048218 0.9343364
0.0048274 1.0238669
0.004833 1.1219765
0.0048386 1.2814234
0.0048443 1.4870545
0.0048499 1.7256835
0.0048555 2.0026055
0.0048612 2.3566688
0.0048668 2.7888763
0.0048724 3.3003496
0.004878 3.9056258
0.0048837 4.5929234
0.0048893 5.38709
0.0048949 6.3185766
0.0049006 7.4111275
0.0049062 8.5746194
0.0049118 9.8626351
0.0049174 11.344127
0.0049231 13.0481576
0.0049287 14.8399858
0.0049343 16.7933305
0.00494 19.0037882
0.0049456 21.5052022
0.0049512 24.1602259
0.0049568 27.0524438
0.0049625 30.2908888
0.0049681 33.9170077
0.0049737 37.6572114
0.0049794 41.6411778
0.004985 46.0466301
0.0049906 50.9181598
0.0049962 55.4311824
0.0050019 59.879346
0.0050075 64.6844595
0.0050131 69.8751671
0.0050188 73.6344117
0.0050244 76.6185596
0.00503 79.7236447
0.0050356 82.9545682
0.0050413 83.4837877
0.0050469 82.5471158
0.0050525 81.6209531
0.0050582 80.7051818
0.0050638 76.5368988
0.0050694 70.9466465
0.005075 65.764706
0.0050807 60.9612542
0.0050863 53.8242095
0.0050919 46.2343867
0.0050976 39.7148148
0.0051032 34.1145764
0.0051088 27.9412852
0.0051144 22.2581381
0.0051201 17.7309206
0.0051257 14.1245213
0.0051313 10.9179782
0.005137 8.2877154
0.0051426 6.2911122
0.0051482 4.775513
0.0051538 3.6356662
0.0051595 2.7729287
0.0051651 2.1149174
0.0051707 1.6130511
0.0051764 1.2747251
0.005182 1.0305763
0.0051876 0.8331895
0.0051932 0.6736083
0.0051989 0.5732102
0.0052045 0.5046105
0.0052101 0.4442206
0.0052158 0.3910579
0.0052214 0.3615341
0.005227 0.3456158
0.0052326 0.3303983
0.0052383 0.3158509
0.0052439 0.3136135
0.0052495 0.3198305
0.0052552 0.3261707
0.0052608 0.3326365
0.0052664 0.348067
0.005272 0.3710889
0.0052777 0.3956335
0.0052833 0.4218015
0.0052889 0.4565122
0.0052946 0.4996818
0.0053002 0.5469336
0.0053058 0.5986539
0.0053114 0.6593462
0.0053171 0.7296869
0.0053227 0.8075317
0.0053283 0.8936812
0.005334 0.9884266
0.0053396 1.0926925
0.0053452 1.2079571
0.0053508 1.3353805
0.0053565 1.4676382
0.0053621 1.6052609
0.0053677 1.7557887
0.0053734 1.9204318
0.005379 2.0770782
0.0053846 2.2252488
0.0053902 2.3839893
0.0053959 2.5540537
0.0054015 2.6867427
0.0054071 2.7816188
0.0054128 2.8798452
0.0054184 2.9815403
0.005424 3.007481
0.0054296 2.9633757
0.0054353 2.9199172
0.0054409 2.8770961
0.0054465 2.750922
0.0054522 2.5579299
0.0054578 2.3784773
0.0054634 2.2116143
0.005469 2.0061537
0.0054747 1.7772069
0.0054803 1.574388
0.0054859 1.3947152
0.0054916 1.2240405
0.0054972 1.0643957
0.0055028 0.9255725
0.0055084 0.8048552
0.0055141 0.7067353
0.0055197 0.6267461
0.0055253 0.5558102
0.005531 0.4929029
0.0055366 0.4479919
0.0055422 0.4177779
0.0055478 0.3896017
0.0055535 0.3633258
0.0055591 0.3496015
0.0055647 0.3479482
0.0055704 0.3463027
0.005576 0.344665
0.0055816 0.3533995
0.0055872 0.3745401
0.0055929 0.3969453
0.0055985 0.4206908
0.0056041 0.455445
0.0056098 0.5052318
0.0056154 0.5604611
0.005621 0.6217277
0.0056266 0.6959549
0.0056323 0.7874014
0.0056379 0.8908636
0.0056435 1.0079205
0.0056492 1.137798
0.0056548 1.2809036
0.0056604 1.4420081
0.005666 1.6233754
0.0056717 1.8104365
0.0056773 1.9953618
0.0056829 2.1991761
0.0056886 2.4238089
0.0056942 2.637588
0.0056998 2.8233518
0.0057054 3.0221989
0.0057111 3.2350507
0.0057167 3.4138299
0.0057223 3.534595
0.005728 3.6596322
0.0057336 3.7890926
0.0057392 3.8635865
0.0057448 3.857561
0.0057505 3.8515449
0.0057561 3.8455382
0.0057617 3.7802514
0.0057674 3.6349571
0.005773 3.4952473
0.0057786 3.3609072
0.0057842 3.1860533
0.0057899 2.9580491
0.0057955 2.7463616
0.0058011 2.5498232
0.0058068 2.3413914
0.0058124 2.1145122
0.005818 1.9096174
0.0058236 1.7245768
0.0058293 1.5475191
0.0058349 1.3748485
0.0058405 1.2214443
0.0058462 1.0851569
0.0058518 0.9630715
0.0058574 0.8532897
0.005863 0.7560221
0.0058687 0.6698421
0.0058743 0.5961464
0.0058799 0.5345127
0.0058856 0.479251
0.0058912 0.4297027
0.0058968 0.3888756
0.0059024 0.3575813
0.0059081 0.3288053
0.0059137 0.3023451
0.0059193 0.2815288
0.005925 0.2680428
0.0059306 0.2552029
0.0059362 0.242978
0.0059418 0.2346945
0.0059475 0.2327465
0.0059531 0.2308147
0.0059587 0.2288989
0.0059644 0.2306623
0.00597 0.2395849
0.0059756 0.2488526
0.0059812 0.2584787
0.0059869 0.2733925
0.0059925 0.2996099
0.0059981 0.3283414
0.0060038 0.3598282
0.0060094 0.4021586
0.006015 0.4676905
0.0060206 0.543901
0.0060263 0.63253
0.0060319 0.7484697
0.0060375 0.9183994
0.0060432 1.1269092
0.0060488 1.3827583
0.0060544 1.7108953
0.00606 2.1554772
0.0060657 2.7155853
0.0060713 3.4212394
0.0060769 4.2863691
0.0060826 5.3037019
0.0060882 6.5624899
0.0060938 8.1200403
0.0060994 9.8761467
0.0061051 11.5417572
0.0061107 13.4882726
0.0061163 15.7630675
0.006122 18.0389113
0.0061276 19.6250549
0.0061332 21.3506665
0.0061388 23.2280094
0.0061445 24.8154772
0.0061501 25.3342749
0.0061557 25.8639186
0.0061614 26.4046352
0.006167 26.6048293
0.0061726 25.9081983
0.0061782 25.2298082
0.0061839 24.5691813
0.0061895 23.7185444
0.0061951 22.3667062
0.0062008 21.0919159
0.0062064 19.8897823
0.006212 18.6579845
0.0062176 17.2471515
0.0062233 15.9429994
0.0062289 14.7374614
0.0062345 13.5903731
0.0062402 12.4451557
0.0062458 11.3964422
0.0062514 10.4361003
0.006257 9.5524879
0.0062627 8.7320629
0.0062683 7.9821009
0.0062739 7.2965501
0.0062795 6.6702978
0.0062852 6.0990059
0.0062908 5.5766434
0.0062964 5.0990198
0.0063021 4.6588846
0.0063077 4.2464793
0.0063133 3.8705801
0.0063189 3.5279556
0.0063246 3.2095381
0.0063302 2.9008178
0.0063358 2.6217927
0.0063415 2.3696066
0.0063471 2.1366022
0.0063527 1.9101856
0.0063583 1.7077624
0.006364 1.5267901
0.0063696 1.3632827
0.0063752 1.2115673
0.0063809 1.0767358
0.0063865 0.9569093
0.0063921 0.8519439
0.0063977 0.7638493
0.0064034 0.6848642
0.006409 0.6140464
0.0064146 0.5540062
0.0064203 0.5128711
0.0064259 0.4747903
0.0064315 0.439537
0.0064371 0.4113746
0.0064428 0.4036385
0.0064484 0.396048
0.006454 0.3886002
0.0064597 0.3868979
0.0064653 0.4116005
0.0064709 0.4378802
0.0064765 0.4658379
0.0064822 0.5036857
0.0064878 0.5885448
0.0064934 0.6877007
0.0064991 0.803562
0.0065047 0.9529295
0.0065103 1.2175904
0.0065159 1.5557567
0.0065216 1.9878432
0.0065272 2.5650005
0.0065328 3.4876973
0.0065385 4.7423118
0.0065441 6.4482434
0.0065497 8.7945716
0.0065553 12.2027297
0.006561 16.9316502
0.0065666 23.4931682
0.0065722 32.5312167
0.0065779 44.4997474
0.0065835 60.8716097
0.0065891 83.2668291
0.0065947 113.4883129
0.0066004 151.1289884
0.006606 201.253949
0.0066116 268.0038583
0.0066173 355.710156
0.0066229 461.5470016
0.0066285 598.8741988
0.0066341 777.0612847
0.0066398 1004.6554724
0.0066454 1265.2831463
0.006651 1593.5228387
0.0066567 2006.9144563
0.0066623 2513.9874878
0.0066679 3018.6886636
0.0066735 3624.7122517
0.0066792 4352.3994595
0.0066848 5185.6218013
0.0066904 5782.5102411
0.0066961 6448.1032304
0.0067017 7190.3089725
0.0067073 7943.9975769
0.0067129 8057.2315821
0.0067186 8172.0796285
0.0067242 8288.5647228
0.0067298 8331.2551464
0.0067355 7646.4317996
0.0067411 7017.9004529
0.0067467 6441.0339435
0.0067523 5868.0343984
0.006758 4925.0794838
0.0067636 4133.6512833
0.0067692 3469.4004408
0.0067749 2896.8745008
0.0067805 2269.7981457
0.0067861 1778.4628297
0.0067917 1393.485162
0.0067974 1088.7796236
0.006803 818.4079382
0.0068086 615.1764221
0.0068143 462.4124629
0.0068199 347.4168021
0.0068255 259.0677423
0.0068311 193.1860944
0.0068368 144.0583329
0.0068424 107.5882094
0.006848 82.5921717
0.0068537 63.4034795
0.0068593 48.6729084
0.0068649 37.4660247
0.0068705 30.5409325
0.0068762 24.8958506
0.0068818 20.2941865
0.0068874 16.5891623
0.0068931 14.5614785
0.0068987 12.7816373
0.0069043 11.2193451
0.0069099 9.8684888
0.0069156 9.2816968
0.0069212 8.7297962
0.0069268 8.2107122
0.0069325 7.7320475
0.0069381 7.6820373
0.0069437 7.6323505
0.0069493 7.582985
0.006955 7.5389367
0.0069606 7.8278797
0.0069662 8.1278969
0.0069719 8.4394127
0.0069775 8.765744
0.0069831 9.5077396
0.0069887 10.3125429
0.0069944 11.1854706
0.007 12.1322891
0.0070056 13.8331119
0.0070113 15.7723726
0.0070169 17.9834978
0.0070225 20.5046001
0.0070281 24.6520681
0.0070338 29.6503513
0.0070394 35.662052
0.007045 42.8926437
0.0070507 54.0224832
0.0070563 68.0881991
0.0070619 85.8161748
0.0070675 108.1599447
0.0070732 139.9718953
0.0070788 181.2508641
0.0070844 234.7033715
0.0070901 303.9195033
0.0070957 390.2844496
0.0071013 501.0623639
0.0071069 643.2833611
0.0071126 825.8722117
0.0071182 999.4529285
0.0071238 1206.7281715
0.0071295 1456.9899575
0.0071351 1759.1532099
0.0071407 1892.5655702
0.0071463 2025.0291707
0.007152 2166.7641042
0.0071576 2318.4192855
0.0071632 2137.0723437
0.0071689 1953.6603955
0.0071745 1785.9895817
0.0071801 1632.708936
0.0071857 1305.6226334
0.0071914 1035.1584458
0.007197 820.7218383
0.0072026 650.7065064
0.0072083 477.6399367
0.0072139 348.6475148
0.0072195 254.4910512
0.0072251 185.7626754
0.0072308 133.468255
0.0072364 95.7721556
0.007242 68.722752
0.0072477 49.3130452
0.0072533 36.1703096
0.0072589 26.5828667
0.0072645 19.5367087
0.0072702 14.3582327
0.0072758 10.9200134
0.0072814 8.3333635
0.0072871 6.3594195
0.0072927 4.8530485
0.0072983 3.8284856
0.0073039 3.0311055
0.0073096 2.3998002
0.0073152 1.8999804
0.0073208 1.5508042
0.0073265 1.2703451
0.0073321 1.0406064
0.0073377 0.8524153
0.0073433 0.7204662
0.007349 0.6113705
0.0073546 0.5187945
0.0073602 0.4402367
0.0073659 0.3868301
0.0073715 0.341527
0.0073771 0.3015295
0.0073827 0.2662163
0.0073884 0.2441705
0.007394 0.2252048
0.0073996 0.2077122
0.0074053 0.1915784
0.0074109 0.1837201
0.0074165 0.1772622
0.0074221 0.1710312
0.0074278 0.1650193
0.0074334 0.1651126
0.007439 0.1662098
0.0074447 0.1673142
0.0074503 0.168426
0.0074559 0.1745867
0.0074615 0.1819137
0.0074672 0.1895482
0.0074728 0.1975031
0.0074784 0.2095541
0.0074841 0.2230969
0.0074897 0.237515
0.0074953 0.2528648
0.0075009 0.2708263
0.0075066 0.2904087
0.0075122 0.3114071
0.0075178 0.3339237
0.0075235 0.3571736
0.0075291 0.3818424
0.0075347 0.408215
0.0075403 0.4364091
0.007546 0.4639785
0.0075516 0.4926895
0.0075572 0.5231771
0.0075629 0.5555513
0.0075685 0.5869391
0.0075741 0.6193713
0.0075797 0.6535956
0.0075854 0.689711
0.007591 0.724573
0.0075966 0.76037
0.0076023 0.7979355
0.0076079 0.8373569
0.0076135 0.8738386
0.0076191 0.9106151
0.0076248 0.9489393
0.0076304 0.9888765
0.007636 1.0223759
0.0076417 1.0547829
0.0076473 1.0882172
0.0076529 1.1227113
0.0076585 1.1469693
0.0076642 1.1685442
0.0076698 1.190525
0.0076754 1.2129192
0.0076811 1.222649
0.0076867 1.2286413
0.0076923 1.234663
0.0076979 1.2407142
0.0077036 1.2328644
0.0077092 1.2208878
0.0077148 1.2090277
0.0077205 1.1972827
0.0077261 1.1707573
0.0077317 1.1402433
0.0077373 1.1105246
0.007743 1.0815805
0.0077486 1.0381994
0.0077542 0.9917924
0.0077598 0.9474598
0.0077655 0.9051088
0.0077711 0.8517326
0.0077767 0.7973711
0.0077824 0.7464793
0.007788 0.6988355
0.0077936 0.6461058
0.0077992 0.5946938
0.0078049 0.5473729
0.0078105 0.5038173
0.0078161 0.4603966
0.0078218 0.4195939
0.0078274 0.3824073
0.007833 0.3485164
0.0078386 0.317221
0.0078443 0.2885927
0.0078499 0.262548
0.0078555 0.2388538
0.0078612 0.2181311
0.0078668 0.1995114
0.0078724 0.182481
0.007878 0.1669044
0.0078837 0.1539762
0.0078893 0.1425572
0.0078949 0.131985
0.0079006 0.1221969
0.0079062 0.1147335
0.0079118 0.1083781
0.0079174 0.1023747
0.0079231 0.0967039
0.0079287 0.0931307
0.0079343 0.0904657
0.00794 0.087877
0.0079456 0.0853624
0.0079512 0.0847387
0.0079568 0.0849663
0.0079625 0.0851946
0.0079681 0.0854235
0.0079737 0.0873162
0.0079794 0.0900748
0.007985 0.0929206
0.0079906 0.0958563
0.0079962 0.1001994
0.0080019 0.1054254
0.0080075 0.1109239
0.0080131 0.1167093
0.0080188 0.1235555
0.0080244 0.1312161
0.00803 0.1393518
0.0080356 0.1479919
0.0080413 0.1570476
0.0080469 0.1665902
0.0080525 0.1767125
0.0080582 0.1874499
0.0080638 0.1973488
0.0080694 0.2069175
0.008075 0.2169502
0.0080807 0.2274693
0.0080863 0.2353941
0.0080919 0.2417994
0.0080976 0.2483791
0.0081032 0.2551378
0.0081088 0.2581494
0.0081144 0.258904
0.0081201 0.2596608
0.0081257 0.2604198
0.0081313 0.2579068
0.008137 0.2534843
0.0081426 0.2491375
0.0081482 0.2448654
0.0081538 0.2387443
0.0081595 0.2316182
0.0081651 0.2247048
0.0081707 0.2179977
0.0081764 0.2105337
0.008182 0.2027339
0.0081876 0.1952232
0.0081932 0.1879906
0.0081989 0.180476
0.0082045 0.1729127
0.0082101 0.1656664
0.0082158 0.1587238
0.0082214 0.1517879
0.008227 0.1449697
0.0082326 0.1384577
0.0082383 0.1322383
0.0082439 0.1265021
0.0082495 0.1211524
0.0082552 0.1160289
0.0082608 0.1111221
0.0082664 0.107346
0.008272 0.1043516
0.0082777 0.1014408
0.0082833 0.0986111
0.0082889 0.0975169
0.0082946 0.0976821
0.0083002 0.0978475
0.0083058 0.0980132
0.0083114 0.1004734
0.0083171 0.1048518
0.0083227 0.1094211
0.0083283 0.1141894
0.008334 0.1220732
0.0083396 0.1330337
0.0083452 0.1449785
0.0083508 0.1579957
0.0083565 0.1756602
0.0083621 0.1985369
0.0083677 0.224393
0.0083734 0.2536163
0.008379 0.2898634
0.0083846 0.334439
0.0083902 0.3858695
0.0083959 0.4452091
0.0084015 0.5128147
0.0084071 0.5898234
0.0084128 0.6783964
0.0084184 0.7802703
0.008424 0.8832668
0.0084296 0.9856336
0.0084353 1.0998643
0.0084409 1.2273338
0.0084465 1.3328638
0.0084522 1.4114433
0.0084578 1.4946555
0.0084634 1.5827735
0.008469 1.6233407
0.0084747 1.6148285
0.0084803 1.6063611
0.0084859 1.597938
0.0084916 1.5424294
0.0084972 1.4453545
0.0085028 1.3543892
0.0085084 1.2691489
0.0085141 1.1617194
0.0085197 1.0383774
0.0085253 0.9281309
0.008531 0.8295895
0.0085366 0.7313836
0.0085422 0.6355937
0.0085478 0.5523495
0.0085535 0.4800078
0.0085591 0.4162008
0.0085647 0.3599991
0.0085704 0.3113866
0.008576 0.2693385
0.0085816 0.2351144
0.0085872 0.2073409
0.0085929 0.1828482
0.0085985 0.1612488
0.0086041 0.1447869
0.0086098 0.1327164
0.0086154 0.1216523
0.008621 0.1115105
0.0086266 0.1045922
0.0086323 0.1008025
0.0086379 0.0971501
0.0086435 0.0936301
0.0086492 0.0925155
0.0086548 0.0942294
0.0086604 0.095975
0.008666 0.0977529
0.0086717 0.1021045
0.0086773 0.1100741
0.0086829 0.1186658
0.0086886 0.127928
0.0086942 0.1412207
0.0086998 0.1607459
0.0087054 0.1829706
0.0087111 0.2082681
0.0087167 0.2416715
0.0087223 0.287724
0.008728 0.3425522
0.0087336 0.4078284
0.0087392 0.4914908
0.0087448 0.6023145
0.0087505 0.7381272
0.0087561 0.9045636
0.0087617 1.114014
0.0087674 1.3815998
0.008773 1.7134596
0.0087786 2.1250319
0.0087842 2.6334386
0.0087899 3.2598118
0.0087955 4.03517
0.0088011 4.9949501
0.0088068 6.1457556
0.0088124 7.4930197
0.008818 9.1356292
0.0088236 11.1383292
0.0088293 13.4007246
0.0088349 15.7922276
0.0088405 18.6105199
0.0088462 21.9317668
0.0088518 25.2503683
0.0088574 28.0019845
0.008863 31.0534534
0.0088687 34.437451
0.0088743 36.9455628
0.0088799 37.5151337
0.0088856 38.0934855
0.0088912 38.6807533
0.0088968 37.8524237
0.0089024 34.7685026
0.0089081 31.9358354
0.0089137 29.3339518
0.0089193 26.1187856
0.008925 22.0095736
0.0089306 18.546855
0.0089362 15.6289184
0.0089418 12.9277564
0.0089475 10.336208
0.0089531 8.2641715
0.0089587 6.6075035
0.0089644 5.2514593
0.00897 4.1268032
0.0089756 3.2430042
0.0089812 2.5484802
0.0089869 2.0080205
0.0089925 1.5904134
0.0089981 1.2596559
0.0090038 0.9976859
0.0090094 0.7963677
0.009015 0.6457526
0.0090206 0.5236229
0.0090263 0.4245913
0.0090319 0.3483081
0.0090375 0.2927553
0.0090432 0.2460627
0.0090488 0.2068174
0.0090544 0.1764836
0.00906 0.1556218
0.0090657 0.1372261
0.0090713 0.1210049
0.0090769 0.1085982
0.0090826 0.1013952
0.0090882 0.0946699
0.0090938 0.0883907
0.0090994 0.0840346
0.0091051 0.0833256
0.0091107 0.0826227
0.0091163 0.0819256
0.009122 0.0825906
0.0091276 0.0866507
0.0091332 0.0909104
0.0091388 0.0953795
0.0091445 0.1014271
0.0091501 0.1115571
0.0091557 0.1226988
0.0091614 0.1349533
0.009167 0.1497988
0.0091726 0.1702802
0.0091782 0.1935619
0.0091839 0.2200268
0.0091895 0.2510975
0.0091951 0.289614
0.0092008 0.3340385
0.0092064 0.3852774
0.009212 0.4437991
0.0092176 0.5093534
0.0092233 0.5845909
0.0092289 0.6709419
0.0092345 0.7659977
0.0092402 0.8611947
0.0092458 0.9682226
0.0092514 1.0885517
0.009257 1.2151177
0.0092627 1.3273328
0.0092683 1.4499108
0.0092739 1.5838087
0.0092795 1.7178597
0.0092852 1.8220588
0.0092908 1.9325782
0.0092964 2.0498014
0.0093021 2.1611557
0.0093077 2.2341072
0.0093133 2.3095213
0.0093189 2.387481
0.0093246 2.4560999
0.0093302 2.4848572
0.0093358 2.5139511
0.0093415 2.5433857
0.0093471 2.5620977
0.0093527 2.5413584
0.0093583 2.520787
0.009364 2.5003821
0.0093696 2.4693043
0.0093752 2.39889
0.0093809 2.3304836
0.0093865 2.2640279
0.0093921 2.1891101
0.0093977 2.0778095
0.0094034 1.9721678
0.009409 1.8718972
0.0094146 1.7680772
0.0094203 1.6368178
0.0094259 1.5153029
0.0094315 1.4028091
0.0094371 1.2928242
0.0094428 1.1684787
0.0094484 1.056093
0.009454 0.9545166
0.0094597 0.8597477
0.0094653 0.762385
0.0094709 0.6760482
0.0094765 0.5994886
0.0094822 0.5306798
0.0094878 0.4658961
0.0094934 0.409021
0.0094991 0.359089
0.0095047 0.31535
0.0095103 0.2773705
0.0095159 0.2439651
0.0095216 0.214583
0.0095272 0.18917
0.0095328 0.1688056
0.0095385 0.1506334
0.0095441 0.1344175
0.0095497 0.1204202
0.0095553 0.1103059
0.009561 0.1010411
0.0095666 0.0925545
0.0095722 0.0852277
0.0095779 0.0809971
0.0095835 0.0769764
0.0095891 0.0731554
0.0095947 0.0699585
0.0096004 0.0696182
0.009606 0.0692796
0.0096116 0.0689427
0.0096173 0.0690594
0.0096229 0.0723466
0.0096285 0.0757902
0.0096341 0.0793978
0.0096398 0.0836654
0.0096454 0.0920177
0.009651 0.1012039
0.0096567 0.111307
0.0096623 0.1229236
0.0096679 0.1402182
0.0096735 0.1599461
0.0096792 0.1824495
0.0096848 0.20855
0.0096904 0.2426123
0.0096961 0.2822381
0.0097017 0.3283358
0.0097073 0.3821418
0.0097129 0.4466938
0.0097186 0.5221501
0.0097242 0.6103525
0.0097298 0.7130217
0.0097355 0.8278843
0.0097411 0.9612505
0.0097467 1.1161009
0.0097523 1.2938419
0.009758 1.473723
0.0097636 1.6786126
0.0097692 1.9119878
0.0097749 2.171908
0.0097805 2.3861869
0.0097861 2.6216063
0.0097917 2.8802521
0.0097974 3.1530168
0.009803 3.2841971
0.0098086 3.420835
0.0098143 3.5631577
0.0098199 3.6979071
0.0098255 3.6254232
0.0098311 3.5543601
0.0098368 3.4846899
0.0098424 3.4069448
0.009848 3.1690891
0.0098537 2.9478393
0.0098593 2.7420361
0.0098649 2.5464701
0.0098705 2.2850933
0.0098762 2.050545
0.0098818 1.8400714
0.0098874 1.6499166
0.0098931 1.4502253
0.0098987 1.2747028
0.0099043 1.120424
0.0099099 0.9844955
0.0099156 0.8559748
0.0099212 0.7442318
0.0099268 0.6470763
0.0099325 0.5625553
0.0099381 0.4872503
0.0099437 0.4220257
0.0099493 0.3655323
0.009955 0.3166248
0.0099606 0.2756038
0.0099662 0.2398973
0.0099719 0.2088169
0.0099775 0.1817858
0.0099831 0.1608765
0.0099887 0.1423722
0.0099944 0.1259964
0.01 0.1115041
