0.001 1e-07
0.0010056 1e-07
0.0010113 1e-07
0.0010169 1e-07
0.0010225 1e-07
0.0010281 2e-07
0.0010338 2e-07
0.0010394 3e-07
0.001045 3e-07
0.0010507 4e-07
0.0010563 5e-07
0.0010619 6e-07
0.0010675 7e-07
0.0010732 8e-07
0.0010788 1e-06
0.0010844 1.2e-06
0.0010901 1.4e-06
0.0010957 1.6e-06
0.0011013 1.9e-06
0.0011069 2.2e-06
0.0011126 2.6e-06
0.0011182 3e-06
0.0011238 3.5e-06
0.0011295 4e-06
0.0011351 4.6e-06
0.0011407 5.3e-06
0.0011463 6.1e-06
0.001152 7e-06
0.0011576 8e-06
0.0011632 9.1e-06
0.0011689 1.03e-05
0.0011745 1.17e-05
0.0011801 1.33e-05
0.0011857 1.5e-05
0.0011914 1.7e-05
0.001197 1.92e-05
0.0012026 2.17e-05
0.0012083 2.44e-05
0.0012139 2.75e-05
0.0012195 3.09e-05
0.0012251 3.48e-05
0.0012308 3.9e-05
0.0012364 4.37e-05
0.001242 4.9e-05
0.0012477 5.49e-05
0.0012533 6.13e-05
0.0012589 6.85e-05
0.0012645 7.66e-05
0.0012702 8.56e-05
0.0012758 9.54e-05
0.0012814 0.0001063
0.0012871 0.0001185
0.0012927 0.0001321
0.0012983 0.0001469
0.0013039 0.0001633
0.0013096 0.0001816
0.0013152 0.0002019
0.0013208 0.0002241
0.0013265 0.0002486
0.0013321 0.0002759
0.0013377 0.0003062
0.0013433 0.0003392
0.001349 0.0003757
0.0013546 0.0004161
0.0013602 0.0004608
0.0013659 0.0005096
0.0013715 0.0005635
0.0013771 0.0006231
0.0013827 0.0006889
0.0013884 0.0007606
0.001394 0.0008396
0.0013996 0.0009268
0.0014053 0.0010231
0.0014109 0.0011277
0.0014165 0.0012427
0.0014221 0.0013695
0.0014278 0.0015092
0.0014334 0.0016607
0.001439 0.0018268
0.0014447 0.0020096
0.0014503 0.0022107
0.0014559 0.0024279
0.0014615 0.0026656
0.0014672 0.0029266
0.0014728 0.0032131
0.0014784 0.0035211
0.0014841 0.0038572
0.0014897 0.0042254
0.0014953 0.0046287
0.0015009 0.0050595
0.0015066 0.0055281
0.0015122 0.00604
0.0015178 0.0065994
0.0015235 0.0071925
0.0015291 0.0078348
0.0015347 0.0085345
0.0015403 0.0092966
0.001546 0.0100978
0.0015516 0.0109611
0.0015572 0.0118981
0.0015629 0.0129153
0.0015685 0.013974
0.0015741 0.0151081
0.0015797 0.0163342
0.0015854 0.0176599
0.001591 0.0190245
0.0015966 0.0204766
0.0016023 0.0220395
0.0016079 0.0237218
0.0016135 0.0254328
0.0016191 0.0272401
0.0016248 0.0291758
0.0016304 0.0312491
0.001636 0.0333313
0.0016417 0.035513
0.0016473 0.0378376
0.0016529 0.0403143
0.0016585 0.0427697
0.0016642 0.0453206
0.0016698 0.0480236
0.0016754 0.0508879
0.0016811 0.0536917
0.0016867 0.0565791
0.0016923 0.0596218
0.0016979 0.0628281
0.0017036 0.0659296
0.0017092 0.0690961
0.0017148 0.0724146
0.0017205 0.0758925
0.0017261 0.0792218
0.0017317 0.0825929
0.0017373 0.0861076
0.001743 0.0897717
0.0017486 0.0932503
0.0017542 0.0967469
0.0017598 0.1003745
0.0017655 0.1041382
0.0017711 0.1076914
0.0017767 0.1112413
0.0017824 0.1149082
0.001788 0.118696
0.0017936 0.1222635
0.0017992 0.1258115
0.0018049 0.1294624
0.0018105 0.1332193
0.0018161 0.1367611
0.0018218 0.1402737
0.0018274 0.1438765
0.001833 0.1475719
0.0018386 0.1510693
0.0018443 0.1545343
0.0018499 0.1580788
0.0018555 0.1617046
0.0018612 0.1651576
0.0018668 0.1685799
0.0018724 0.1720732
0.001878 0.1756388
0.0018837 0.1790604
0.0018893 0.1824564
0.0018949 0.1859169
0.0019006 0.189443
0.0019062 0.1928539
0.0019118 0.1962465
0.0019174 0.1996988
0.0019231 0.2032118
0.0019287 0.2066375
0.0019343 0.2100534
0.00194 0.2135257
0.0019456 0.2170555
0.0019512 0.2205264
0.0019568 0.2239979
0.0019625 0.2275241
0.0019681 0.2311057
0.0019737 0.2346619
0.0019794 0.2382331
0.001985 0.2418587
0.0019906 0.2455394
0.0019962 0.2492394
0.0020019 0.2529768
0.0020075 0.2567702
0.0020131 0.2606205
0.0020188 0.2645543
0.0020244 0.2685608
0.00203 0.2726281
0.0020356 0.2767569
0.0020413 0.281061
0.0020469 0.2854926
0.0020525 0.2899941
0.0020582 0.2945665
0.0020638 0.2994394
0.0020694 0.3045198
0.002075 0.3096864
0.0020807 0.3149406
0.0020863 0.3206552
0.0020919 0.3266871
0.0020976 0.3328324
0.0021032 0.3390933
0.0021088 0.3460029
0.0021144 0.3533698
0.0021201 0.3608935
0.0021257 0.3685774
0.0021313 0.3771111
0.002137 0.3862658
0.0021426 0.3956428
0.0021482 0.4052474
0.0021538 0.4158888
0.0021595 0.4273232
0.0021651 0.4390721
0.0021707 0.4511439
0.0021764 0.4643902
0.002182 0.4785829
0.0021876 0.4932095
0.0021932 0.508283
0.0021989 0.5245816
0.0022045 0.541926
0.0022101 0.559844
0.0022158 0.5783543
0.0022214 0.5980237
0.002227 0.6187489
0.0022326 0.6401924
0.0022383 0.662379
0.0022439 0.6855331
0.0022495 0.7096415
0.0022552 0.7345978
0.0022608 0.7604317
0.0022664 0.7869377
0.002272 0.8141898
0.0022777 0.8423856
0.0022833 0.8715578
0.0022889 0.9010551
0.0022946 0.9310198
0.0023002 0.961981
0.0023058 0.9939717
0.0023114 1.0259601
0.0023171 1.0581277
0.0023227 1.0913038
0.0023283 1.1255202
0.002334 1.1594992
0.0023396 1.1934289
0.0023452 1.2283516
0.0023508 1.2642962
0.0023565 1.2999198
0.0023621 1.3353882
0.0023677 1.3718243
0.0023734 1.4092546
0.002379 1.4464712
0.0023846 1.4835975
0.0023902 1.5216767
0.0023959 1.5607333
0.0024015 1.5998992
0.0024071 1.6392489
0.0024128 1.6795664
0.0024184 1.7208754
0.002424 1.7628559
0.0024296 1.8055426
0.0024353 1.8492631
0.0024409 1.8940422
0.0024465 1.9403312
0.0024522 1.9881559
0.0024578 2.0371593
0.0024634 2.0873706
0.002469 2.1402782
0.0024747 2.1959575
0.0024803 2.2530853
0.0024859 2.3116992
0.0024916 2.3746744
0.0024972 2.4422386
0.0025028 2.5117252
0.0025084 2.5831889
0.0025141 2.661387
0.0025197 2.7468781
0.0025253 2.8351154
0.002531 2.9261871
0.0025366 3.0274761
0.0025422 3.1401831
0.0025478 3.2570859
0.0025535 3.3783408
0.0025591 3.5151139
0.0025647 3.6698086
0.0025704 3.8313111
0.002576 3.9999212
0.0025816 4.1924556
0.0025872 4.4135584
0.0025929 4.6463217
0.0025985 4.8913606
0.0026041 5.1742585
0.0026098 5.5038823
0.0026154 5.8545046
0.002621 6.2274632
0.0026266 6.6624848
0.0026323 7.1765693
0.0026379 7.730321
0.0026435 8.3268008
0.0026492 9.0294651
0.0026548 9.871385
0.0026604 10.7918067
0.002666 11.7980498
0.0026717 12.9948575
0.0026773 14.447846
0.0026829 16.0632968
0.0026886 17.8593754
0.0026942 20.0146748
0.0026998 22.6617223
0.0027054 25.658856
0.0027111 29.0523766
0.0027167 33.1539466
0.0027223 38.2326494
0.002728 44.0893357
0.0027336 50.8431812
0.0027392 59.0367749
0.0027448 69.2029824
0.0027505 81.1198236
0.0027561 95.0887599
0.0027617 111.9982981
0.0027674 132.813908
0.002773 157.4982341
0.0027786 186.7703023
0.0027842 221.8078392
0.0027899 263.9841031
0.0027955 314.1800891
0.0028011 373.9207294
0.0028068 443.7579764
0.0028124 524.3844179
0.002818 619.6598875
0.0028236 732.245969
0.0028293 858.8339153
0.0028349 995.6270526
0.0028405 1154.2082935
0.0028462 1338.0479983
0.0028518 1533.3822554
0.0028574 1724.9474572
0.002863 1940.4448694
0.0028687 2182.8643391
0.0028743 2421.1956574
0.0028799 2623.4332176
0.0028856 2842.5632708
0.0028912 3079.9968126
0.0028968 3288.5137974
0.0029024 3423.6829491
0.0029081 3564.4080146
0.0029137 3710.9173612
0.0029193 3811.6168024
0.002925 3822.5186433
0.0029306 3833.4516652
0.0029362 3844.4159573
0.0029418 3813.0948036
0.0029475 3706.4179856
0.0029531 3602.7256053
0.0029587 3501.9341686
0.0029644 3376.8011781
0.00297 3207.1747859
0.0029756 3046.0692131
0.0029812 2893.0564345
0.0029869 2733.9770322
0.0029925 2558.4168502
0.0029981 2394.130127
0.0030038 2240.3929464
0.0030094 2091.4795676
0.003015 1942.9661253
0.0030206 1804.9984435
0.0030263 1676.8276803
0.0030319 1557.2422697
0.0030375 1445.1829987
0.0030432 1341.1875214
0.0030488 1244.6755664
0.0030544 1156.5182422
0.00306 1077.4482348
0.0030657 1003.7841655
0.0030713 935.1564358
0.0030769 873.2302838
0.0030826 819.6313253
0.0030882 769.322276
0.0030938 722.101201
0.0030994 679.8127991
0.0031051 644.4758051
0.0031107 610.9756449
0.0031163 579.2168391
0.003122 550.9575072
0.0031276 528.3395837
0.0031332 506.6501719
0.0031388 485.8511544
0.0031445 467.5119759
0.0031501 453.7518238
0.0031557 440.3966704
0.0031614 427.4345957
0.003167 416.2128267
0.0031726 408.7388838
0.0031782 401.3991506
0.0031839 394.1912171
0.0031895 388.2287695
0.0031951 385.3339636
0.0032008 382.4607426
0.0032064 379.6089457
0.003212 377.6488428
0.0032176 378.1341369
0.0032233 378.6200547
0.0032289 379.106597
0.0032345 380.2053296
0.0032402 383.0987748
0.0032458 386.0142397
0.0032514 388.951892
0.003257 392.2460043
0.0032627 396.5907807
0.0032683 400.9836827
0.0032739 405.4252434
0.0032795 409.9593699
0.0032852 414.6826463
0.0032908 419.4603411
0.0032964 424.2930813
0.0033021 428.9395022
0.0033077 432.832805
0.0033133 436.7614457
0.0033189 440.725745
0.0033246 444.2334544
0.0033302 446.0686386
0.0033358 447.9114041
0.0033415 449.7617824
0.0033471 450.9431402
0.0033527 449.7029163
0.0033583 448.4661035
0.003364 447.2326922
0.0033696 445.2306913
0.0033752 440.3675082
0.0033809 435.5574448
0.0033865 430.799921
0.0033921 425.3197821
0.0033977 416.9205106
0.0034034 408.6871089
0.003409 400.6163016
0.0034146 392.0047025
0.0034203 380.7715013
0.0034259 369.8601962
0.0034315 359.2615632
0.0034371 348.3892066
0.0034428 335.4374788
0.0034484 322.9672448
0.003454 310.9606046
0.0034597 298.9627709
0.0034653 285.5250291
0.0034709 272.6912853
0.0034765 260.434391
0.0034822 248.422937
0.0034878 235.5767887
0.0034934 223.394925
0.0034991 211.8429952
0.0035047 200.6925004
0.0035103 189.1951799
0.0035159 178.3565207
0.0035216 168.1387892
0.0035272 158.3925426
0.0035328 148.6404331
0.0035385 139.4887537
0.0035441 130.9005363
0.0035497 122.7834715
0.0035553 114.8648648
0.003561 107.4569485
0.0035666 100.5267868
0.0035722 94.0213998
0.0035779 87.812695
0.0035835 82.0139821
0.0035891 76.5981873
0.0035947 71.5382329
0.0036004 66.8018409
0.003606 62.3790353
0.0036116 58.249054
0.0036173 54.4010713
0.0036229 50.8618835
0.0036285 47.5529457
0.0036341 44.4592785
0.0036398 41.5796143
0.0036454 38.9736884
0.003651 36.5310841
0.0036567 34.2415655
0.0036623 32.108928
0.0036679 30.2080714
0.0036735 28.419746
0.0036792 26.7372899
0.0036848 25.1666513
0.0036904 23.7862365
0.0036961 22.4815387
0.0037017 21.2484048
0.0037073 20.0931417
0.0037129 19.0902384
0.0037186 18.1373926
0.0037242 17.232106
0.0037298 16.3800197
0.0037355 15.6470977
0.0037411 14.9469702
0.0037467 14.2781697
0.0037523 13.6451677
0.003758 13.1026397
0.0037636 12.5816825
0.0037692 12.0814385
0.0037749 11.6050483
0.0037805 11.1943884
0.0037861 10.7982602
0.0037917 10.4161495
0.0037974 10.0499282
0.003803 9.7281145
0.0038086 9.4166057
0.0038143 9.1150719
0.0038199 8.8243133
0.0038255 8.5597838
0.0038311 8.3031841
0.0038368 8.0542767
0.0038424 7.8130594
0.003848 7.5830578
0.0038537 7.359827
0.0038593 7.1431677
0.0038649 6.9325645
0.0038705 6.7215596
0.0038762 6.5169771
0.0038818 6.3186214
0.0038874 6.1257276
0.0038931 5.9244599
0.0038987 5.729805
0.0039043 5.5415458
0.0039099 5.3588719
0.0039156 5.1635357
0.0039212 4.9753198
0.0039268 4.7939645
0.0039325 4.6187394
0.0039381 4.429909
0.0039437 4.2487987
0.0039493 4.0750928
0.003955 3.9081889
0.0039606 3.7293408
0.0039662 3.5586773
0.0039719 3.3958237
0.0039775 3.2402968
0.0039831 3.0760854
0.0039887 2.920196
0.0039944 2.7722067
0.004 2.6317171
0.0040056 2.4863677
0.0040113 2.3490459
0.0040169 2.2193084
0.0040225 2.0967363
0.0040281 1.9729872
0.0040338 1.8564853
0.0040394 1.7468626
0.004045 1.6437129
0.0040507 1.5421847
0.0040563 1.4468636
0.0040619 1.3574343
0.0040675 1.2735325
0.0040732 1.1930306
0.0040788 1.1175787
0.0040844 1.0468987
0.0040901 0.9806887
0.0040957 0.9187529
0.0041013 0.8607312
0.0041069 0.8063737
0.0041126 0.7554491
0.0041182 0.7090054
0.0041238 0.6654634
0.0041295 0.6245954
0.0041351 0.5862373
0.0041407 0.5521515
0.0041463 0.520133
0.004152 0.4899713
0.0041576 0.4615586
0.0041632 0.437001
0.0041689 0.4138664
0.0041745 0.3919566
0.0041801 0.3712067
0.0041857 0.3538276
0.0041914 0.3374013
0.004197 0.3217375
0.0042026 0.306801
0.0042083 0.2947657
0.0042139 0.283357
0.0042195 0.2723899
0.0042251 0.2618473
0.0042308 0.2537882
0.0042364 0.2461414
0.004242 0.2387249
0.0042477 0.231532
0.0042533 0.2264654
0.0042589 0.2216789
0.0042645 0.2169936
0.0042702 0.2124074
0.0042758 0.2096437
0.0042814 0.2070858
0.0042871 0.204559
0.0042927 0.2020631
0.0042983 0.2011235
0.0043039 0.2003536
0.0043096 0.1995866
0.0043152 0.1988225
0.0043208 0.1993666
0.0043265 0.2000668
0.0043321 0.2007693
0.0043377 0.2014744
0.0043433 0.2032376
0.004349 0.205152
0.0043546 0.2070845
0.0043602 0.2090351
0.0043659 0.2117754
0.0043715 0.2146586
0.0043771 0.2175811
0.0043827 0.2205433
0.0043884 0.2239982
0.004394 0.2275746
0.0043996 0.2312082
0.0044053 0.2348997
0.0044109 0.2387611
0.0044165 0.2427036
0.0044221 0.2467111
0.0044278 0.2507849
0.0044334 0.254698
0.004439 0.2586335
0.0044447 0.2626299
0.0044503 0.266688
0.0044559 0.2702809
0.0044615 0.2738277
0.0044672 0.277421
0.0044728 0.2810614
0.0044784 0.2840007
0.0044841 0.2868289
0.0044897 0.2896854
0.0044953 0.2925703
0.0045009 0.2946251
0.0045066 0.2965233
0.0045122 0.2984338
0.0045178 0.3003565
0.0045235 0.3014494
0.0045291 0.3023699
0.0045347 0.3032932
0.0045403 0.3042193
0.004546 0.3044414
0.0045516 0.3045082
0.0045572 0.304575
0.0045629 0.3046418
0.0045685 0.3042286
0.0045741 0.3037052
0.0045797 0.3031826
0.0045854 0.302661
0.004591 0.3019397
0.0045966 0.3011716
0.0046023 0.3004054
0.0046079 0.2996411
0.0046135 0.2989696
0.0046191 0.2983226
0.0046248 0.2976771
0.0046304 0.2970329
0.004636 0.2967493
0.0046417 0.2965616
0.0046473 0.2963741
0.0046529 0.2961867
0.0046585 0.296578
0.0046642 0.2971316
0.0046698 0.2976862
0.0046754 0.2982418
0.0046811 0.2995305
0.0046867 0.3010393
0.0046923 0.3025556
0.0046979 0.3040796
0.0047036 0.30642
0.0047092 0.3090264
0.0047148 0.311655
0.0047205 0.3143059
0.0047261 0.3177808
0.0047317 0.3215513
0.0047373 0.3253665
0.004743 0.329227
0.0047486 0.3338396
0.0047542 0.3387534
0.0047598 0.3437396
0.0047655 0.3487992
0.0047711 0.3544566
0.0047767 0.3603885
0.0047824 0.3664198
0.004788 0.3725519
0.0047936 0.3790467
0.0047992 0.3857491
0.0048049 0.3925701
0.0048105 0.3995117
0.0048161 0.4065116
0.0048218 0.4136099
0.0048274 0.4208322
0.004833 0.4281805
0.0048386 0.4352427
0.0048443 0.442259
0.0048499 0.4493884
0.0048555 0.4566328
0.0048612 0.4632545
0.0048668 0.4696726
0.0048724 0.4761796
0.004878 0.4827767
0.0048837 0.4884876
0.0048893 0.4938562
0.0048949 0.4992838
0.0049006 0.5047711
0.0049062 0.5092493
0.0049118 0.5133039
0.0049174 0.5173909
0.0049231 0.5215103
0.0049287 0.5246918
0.0049343 0.5274579
0.00494 0.5302387
0.0049456 0.5330341
0.0049512 0.5351783
0.0049568 0.5370228
0.0049625 0.5388736
0.0049681 0.5407308
0.0049737 0.5424259
0.0049794 0.5440455
0.004985 0.5456699
0.0049906 0.5472992
0.0049962 0.5494193
0.0050019 0.551789
0.0050075 0.5541689
0.0050131 0.5565591
0.0050188 0.560216
0.0050244 0.5645448
0.00503 0.568907
0.0050356 0.573303
0.0050413 0.5798451
0.0050469 0.5875947
0.0050525 0.5954478
0.0050582 0.6034059
0.0050638 0.6145149
0.0050694 0.6275296
0.005075 0.6408198
0.0050807 0.6543916
0.0050863 0.672322
0.0050919 0.6931171
0.0050976 0.7145554
0.0051032 0.7366567
0.0051088 0.7646764
0.0051144 0.7969489
0.0051201 0.8305834
0.0051257 0.8656374
0.0051313 0.9087659
0.005137 0.9582385
0.0051426 1.0104043
0.0051482 1.06541
0.0051538 1.1316252
0.0051595 1.2074148
0.0051651 1.2882803
0.0051707 1.3745617
0.0051764 1.4767504
0.005182 1.5935615
0.0051876 1.7196123
0.0051932 1.8556337
0.0051989 2.014687
0.0052045 2.1962458
0.0052101 2.3941662
0.0052158 2.6099227
0.0052214 2.8594702
0.005227 3.1436686
0.0052326 3.4561131
0.0052383 3.799611
0.0052439 4.1928068
0.0052495 4.638836
0.0052552 5.1323136
0.0052608 5.6782871
0.0052664 6.2965167
0.005272 6.9935109
0.0052777 7.767659
0.0052833 8.6275016
0.0052889 9.5894308
0.0052946 10.6643718
0.0053002 11.8598097
0.0053058 13.189252
0.0053114 14.6559066
0.0053171 16.2755099
0.0053227 18.0740933
0.0053283 20.0714355
0.005334 22.2393068
0.0053396 24.5970726
0.0053452 27.2048039
0.0053508 30.0890015
0.0053565 33.1606056
0.0053621 36.4388962
0.0053677 40.0412819
0.0053734 43.999803
0.005379 48.1240603
0.0053846 52.4267445
0.0053902 57.1141238
0.0053959 62.220593
0.0054015 67.4085938
0.0054071 72.6762169
0.0054128 78.3554767
0.0054184 84.4785405
0.005424 90.5229574
0.0054296 96.4656788
0.0054353 102.7985325
0.0054409 109.5471304
0.0054465 115.9930815
0.0054522 122.0904866
0.0054578 128.5084138
0.0054634 135.2637119
0.005469 141.4735777
0.0054747 147.0737762
0.0054803 152.8956574
0.0054859 158.9479963
0.0054916 164.2606971
0.0054972 168.7599894
0.0055028 173.3825226
0.0055084 178.1316724
0.0055141 182.0577158
0.0055197 185.0865193
0.0055253 188.1657116
0.005531 191.2961308
0.0055366 193.6586431
0.0055422 195.1856525
0.0055478 196.7247025
0.0055535 198.275888
0.0055591 199.2354778
0.0055647 199.5476138
0.0055704 199.8602389
0.005576 200.1733537
0.0055816 200.1421355
0.0055872 199.7285401
0.0055929 199.3157994
0.0055985 198.9039115
0.0056041 198.4089851
0.0056098 197.8195052
0.0056154 197.2317768
0.005621 196.6457944
0.0056266 196.2099422
0.0056323 195.9499597
0.0056379 195.6903217
0.0056435 195.4310278
0.0056492 195.5072286
0.0056548 195.9921618
0.0056604 196.4782979
0.005666 196.9656398
0.0056717 197.9244387
0.0056773 199.48217
0.0056829 201.0521612
0.0056886 202.6345087
0.0056942 204.7816789
0.0056998 207.6756789
0.0057054 210.6105773
0.0057111 213.586952
0.0057167 217.184603
0.0057223 221.6305967
0.005728 226.1676044
0.0057336 230.7974895
0.0057392 236.0653035
0.0057448 242.2193225
0.0057505 248.5337716
0.0057561 255.0128328
0.0057617 262.0897778
0.0057674 269.9896122
0.005773 278.127561
0.0057786 286.5108016
0.0057842 295.3614531
0.0057899 304.8096414
0.0057955 314.5600636
0.0058011 324.6223878
0.0058068 334.8838661
0.0058124 345.2787013
0.005818 355.9961935
0.0058236 367.0463579
0.0058293 377.8445675
0.0058349 388.0083507
0.0058405 398.4455333
0.0058462 409.1634696
0.0058518 418.9872898
0.0058574 427.1073202
0.005863 435.3847179
0.0058687 443.8225326
0.0058743 450.609082
0.0058799 454.4570894
0.0058856 458.3379572
0.0058912 462.251966
0.0058968 463.8321745
0.0059024 461.3738406
0.0059081 458.928536
0.0059137 456.4961916
0.0059193 451.3857741
0.005925 441.6592907
0.0059306 432.142394
0.0059362 422.8305678
0.0059418 411.0408442
0.0059475 394.8589023
0.0059531 379.3140144
0.0059587 364.381101
0.0059644 347.7070742
0.00597 327.6331246
0.0059756 308.7180914
0.0059812 290.8950678
0.0059869 272.3409151
0.0059925 251.7782941
0.0059981 232.7682176
0.0060038 215.1934634
0.0060094 197.7974368
0.006015 179.6914823
0.0060206 163.2429082
0.0060263 148.3000014
0.0060319 134.0860398
0.0060375 120.0342236
0.0060432 107.4549958
0.0060488 96.1940335
0.0060544 85.8190353
0.00606 75.9975143
0.0060657 67.3000129
0.0060713 59.5978931
0.0060769 52.6763762
0.0060826 46.3592814
0.0060882 40.7997498
0.0060938 35.9069324
0.0060994 31.5892916
0.0061051 27.7671484
0.0061107 24.4074651
0.0061163 21.4542862
0.006122 18.8787947
0.0061276 16.655757
0.0061332 14.6944891
0.0061388 12.9641667
0.0061445 11.4640394
0.0061501 10.1961943
0.0061557 9.0685643
0.0061614 8.0656426
0.006167 7.1969436
0.0061726 6.47608
0.0061782 5.82742
0.0061839 5.2437313
0.0061895 4.7366838
0.0061951 4.3232236
0.0062008 3.945854
0.0062064 3.6014245
0.006212 3.300617
0.0062176 3.059997
0.0062233 2.8369186
0.0062289 2.6301029
0.0062345 2.448357
0.0062402 2.3064733
0.0062458 2.1728118
0.0062514 2.0468961
0.006257 1.9356553
0.0062627 1.8517658
0.0062683 1.771512
0.0062739 1.6947364
0.0062795 1.6267512
0.0062852 1.5781606
0.0062908 1.5310213
0.0062964 1.4852901
0.0063021 1.4449427
0.0063077 1.4186291
0.0063133 1.3927947
0.0063189 1.3674308
0.0063246 1.3453968
0.0063302 1.3334521
0.0063358 1.3216134
0.0063415 1.3098798
0.0063471 1.3001446
0.0063527 1.2972464
0.0063583 1.2943548
0.006364 1.2914696
0.0063696 1.2896137
0.0063752 1.2915983
0.0063809 1.2935859
0.0063865 1.2955766
0.0063921 1.2977935
0.0063977 1.3008923
0.0064034 1.3039984
0.006409 1.3071119
0.0064146 1.309735
0.0064203 1.3103122
0.0064259 1.3108897
0.0064315 1.3114674
0.0064371 1.3109448
0.0064428 1.3056802
0.0064484 1.3004368
0.006454 1.2952144
0.0064597 1.2884847
0.0064653 1.274908
0.0064709 1.2614744
0.0064765 1.2481823
0.0064822 1.2332981
0.0064878 1.210439
0.0064934 1.1880036
0.0064991 1.1659841
0.0065047 1.1426729
0.0065103 1.1114608
0.0065159 1.0811013
0.0065216 1.051571
0.0065272 1.0213778
0.0065328 0.9844736
0.0065385 0.9489029
0.0065441 0.9146174
0.0065497 0.8804485
0.0065553 0.8414781
0.006561 0.8042327
0.0065666 0.7686358
0.0065722 0.7338631
0.0065779 0.6963744
0.0065835 0.6608007
0.0065891 0.6270443
0.0065947 0.5945816
0.0066004 0.561197
0.006606 0.5296868
0.0066116 0.4999459
0.0066173 0.4716782
0.0066229 0.4437442
0.0066285 0.4174645
0.0066341 0.3927411
0.0066398 0.3694306
0.0066454 0.3471505
0.006651 0.326214
0.0066567 0.3065402
0.0066623 0.2880766
0.0066679 0.2709
0.0066735 0.2547476
0.0066792 0.2395582
0.0066848 0.2253267
0.0066904 0.2123584
0.0066961 0.2001364
0.0067017 0.1886178
0.0067073 0.1778168
0.0067129 0.1681109
0.0067186 0.1589347
0.0067242 0.1502595
0.0067298 0.142103
0.0067355 0.1348216
0.0067411 0.1279133
0.0067467 0.121359
0.0067523 0.1151729
0.006758 0.1096423
0.0067636 0.1043772
0.0067692 0.0993651
0.0067749 0.0946135
0.0067805 0.0903234
0.0067861 0.0862279
0.0067917 0.082318
0.0067974 0.0785956
0.006803 0.0751753
0.0068086 0.0719038
0.0068143 0.0687747
0.0068199 0.0657851
0.0068255 0.0629749
0.0068311 0.0602848
0.0068368 0.0577095
0.0068424 0.0552435
0.006848 0.052869
0.0068537 0.0505966
0.0068593 0.0484218
0.0068649 0.0463379
0.0068705 0.0442891
0.0068762 0.0423309
0.0068818 0.0404592
0.0068874 0.0386673
0.0068931 0.0368808
0.0068987 0.0351769
0.0069043 0.0335517
0.0069099 0.0319991
0.0069156 0.0304428
0.0069212 0.0289622
0.0069268 0.0275537
0.0069325 0.026212
0.0069381 0.0248716
0.0069437 0.0235998
0.0069493 0.0223929
0.006955 0.0212471
0.0069606 0.0201146
0.0069662 0.0190425
0.0069719 0.0180275
0.0069775 0.0170664
0.0069831 0.0161325
0.0069887 0.0152497
0.0069944 0.0144151
0.007 0.0136263
0.0070056 0.0128762
0.0070113 0.0121674
0.0070169 0.0114977
0.0070225 0.0108648
0.0070281 0.010278
0.0070338 0.009723
0.0070394 0.009198
0.007045 0.0087013
0.0070507 0.0082535
0.0070563 0.0078291
0.0070619 0.0074265
0.0070675 0.0070446
0.0070732 0.0067107
0.0070788 0.0063933
0.0070844 0.0060909
0.0070901 0.0058028
0.0070957 0.0055595
0.0071013 0.0053274
0.0071069 0.005105
0.0071126 0.0048919
0.0071182 0.0047194
0.0071238 0.0045542
0.0071295 0.0043947
0.0071351 0.0042408
0.0071407 0.004123
0.0071463 0.0040099
0.007152 0.0038999
0.0071576 0.0037929
0.0071632 0.0037176
0.0071689 0.0036453
0.0071745 0.0035745
0.0071801 0.003505
0.0071857 0.0034634
0.0071914 0.0034239
0.007197 0.0033848
0.0072026 0.0033462
0.0072083 0.0033319
0.0072139 0.0033194
0.0072195 0.0033069
0.0072251 0.0032945
0.0072308 0.0033033
0.0072364 0.0033138
0.007242 0.0033244
0.0072477 0.003335
0.0072533 0.0033639
0.0072589 0.0033948
0.0072645 0.003426
0.0072702 0.0034575
0.0072758 0.0035046
0.0072814 0.0035539
0.0072871 0.0036039
0.0072927 0.0036546
0.0072983 0.0037183
0.0073039 0.0037844
0.0073096 0.0038517
0.0073152 0.0039202
0.0073208 0.0039988
0.0073265 0.0040801
0.0073321 0.0041631
0.0073377 0.0042477
0.0073433 0.0043396
0.007349 0.0044342
0.0073546 0.0045309
0.0073602 0.0046297
0.0073659 0.0047328
0.0073715 0.0048385
0.0073771 0.0049466
0.0073827 0.0050571
0.0073884 0.0051692
0.007394 0.0052837
0.0073996 0.0054006
0.0074053 0.0055202
0.0074109 0.0056389
0.0074165 0.0057597
0.0074221 0.005883
0.0074278 0.006009
0.0074334 0.0061324
0.007439 0.0062575
0.0074447 0.0063851
0.0074503 0.0065153
0.0074559 0.0066422
0.0074615 0.0067706
0.0074672 0.0069014
0.0074728 0.0070347
0.0074784 0.0071652
0.0074841 0.007297
0.0074897 0.0074313
0.0074953 0.0075681
0.0075009 0.0077035
0.0075066 0.0078406
0.0075122 0.0079802
0.0075178 0.0081222
0.0075235 0.0082655
0.0075291 0.008411
0.0075347 0.0085591
0.0075403 0.0087099
0.007546 0.008865
0.0075516 0.0090233
0.0075572 0.0091844
0.0075629 0.0093483
0.0075685 0.0095198
0.0075741 0.0096956
0.0075797 0.0098745
0.0075854 0.0100568
0.007591 0.010249
0.0075966 0.0104465
0.0076023 0.0106478
0.0076079 0.010853
0.0076135 0.0110689
0.0076191 0.011291
0.0076248 0.0115175
0.0076304 0.0117486
0.007636 0.0119891
0.0076417 0.0122358
0.0076473 0.0124875
0.0076529 0.0127445
0.0076585 0.0130065
0.0076642 0.0132739
0.0076698 0.0135467
0.0076754 0.0138251
0.0076811 0.0141009
0.0076867 0.0143797
0.0076923 0.0146639
0.0076979 0.0149538
0.0077036 0.0152299
0.0077092 0.015505
0.0077148 0.0157851
0.0077205 0.0160703
0.0077261 0.0163278
0.0077317 0.016579
0.0077373 0.016834
0.007743 0.0170929
0.0077486 0.0173092
0.0077542 0.0175127
0.0077598 0.0177186
0.0077655 0.0179269
0.0077711 0.0180786
0.0077767 0.0182111
0.0077824 0.0183445
0.007788 0.018479
0.0077936 0.0185462
0.0077992 0.0185893
0.0078049 0.0186325
0.0078105 0.0186758
0.0078161 0.0186471
0.0078218 0.0185917
0.0078274 0.0185365
0.007833 0.0184814
0.0078386 0.0183564
0.0078443 0.0182054
0.0078499 0.0180557
0.0078555 0.0179072
0.0078612 0.0176976
0.0078668 0.0174659
0.0078724 0.0172372
0.007878 0.0170116
0.0078837 0.0167389
0.0078893 0.0164503
0.0078949 0.0161666
0.0079006 0.0158879
0.0079062 0.0155792
0.0079118 0.0152618
0.0079174 0.0149509
0.0079231 0.0146464
0.0079287 0.0143293
0.0079343 0.0140109
0.00794 0.0136996
0.0079456 0.0133951
0.0079512 0.0130939
0.0079568 0.0127978
0.0079625 0.0125084
0.0079681 0.0122255
0.0079737 0.0119587
0.0079794 0.0117022
0.007985 0.0114512
0.0079906 0.0112056
0.0079962 0.0109856
0.0080019 0.0107798
0.0080075 0.0105779
0.0080131 0.0103798
0.0080188 0.010214
0.0080244 0.0100652
0.00803 0.0099187
0.0080356 0.0097742
0.0080413 0.0096665
0.0080469 0.009578
0.0080525 0.0094903
0.0080582 0.0094035
0.0080638 0.009356
0.0080694 0.0093297
0.008075 0.0093035
0.0080807 0.0092774
0.0080863 0.0092921
0.0080919 0.0093301
0.0080976 0.0093682
0.0081032 0.0094065
0.0081088 0.0094866
0.0081144 0.0095919
0.0081201 0.0096983
0.0081257 0.0098059
0.0081313 0.0099556
0.008137 0.0101325
0.0081426 0.0103126
0.0081482 0.0104959
0.0081538 0.0107207
0.0081595 0.0109746
0.0081651 0.0112345
0.0081707 0.0115006
0.0081764 0.0118063
0.008182 0.0121421
0.0081876 0.0124875
0.0081932 0.0128426
0.0081989 0.0132335
0.0082045 0.0136537
0.0082101 0.0140873
0.0082158 0.0145346
0.0082214 0.0150106
0.008227 0.0155123
0.0082326 0.0160307
0.0082383 0.0165665
0.0082439 0.0171196
0.0082495 0.0176909
0.0082552 0.0182811
0.0082608 0.0188911
0.0082664 0.0195023
0.008272 0.0201191
0.0082777 0.0207553
0.0082833 0.0214117
0.0082889 0.0220486
0.0082946 0.0226737
0.0083002 0.0233164
0.0083058 0.0239773
0.0083114 0.0245953
0.0083171 0.0251802
0.0083227 0.0257791
0.0083283 0.0263923
0.008334 0.0269387
0.0083396 0.0274306
0.0083452 0.0279315
0.0083508 0.0284415
0.0083565 0.0288652
0.0083621 0.0292156
0.0083677 0.0295704
0.0083734 0.0299294
0.008379 0.0301903
0.0083846 0.0303661
0.0083902 0.0305429
0.0083959 0.0307207
0.0084015 0.0307986
0.0084071 0.0307886
0.0084128 0.0307786
0.0084184 0.0307686
0.008424 0.0306672
0.0084296 0.0304843
0.0084353 0.0303025
0.0084409 0.0301218
0.0084465 0.0298661
0.0084522 0.0295429
0.0084578 0.0292232
0.0084634 0.0289069
0.008469 0.0285365
0.0084747 0.0281166
0.0084803 0.027703
0.0084859 0.0272954
0.0084916 0.0268551
0.0084972 0.0263844
0.0085028 0.0259219
0.0085084 0.0254675
0.0085141 0.0249992
0.0085197 0.0245176
0.0085253 0.0240453
0.008531 0.023582
0.0085366 0.0231192
0.0085422 0.0226567
0.0085478 0.0222035
0.0085535 0.0217594
0.0085591 0.0213251
0.0085647 0.0209005
0.0085704 0.0204843
0.008576 0.0200764
0.0085816 0.0196832
0.0085872 0.0193049
0.0085929 0.0189338
0.0085985 0.0185698
0.0086041 0.0182215
0.0086098 0.0178895
0.0086154 0.0175635
0.008621 0.0172434
0.0086266 0.016937
0.0086323 0.0166452
0.0086379 0.0163585
0.0086435 0.0160766
0.0086492 0.0158046
0.0086548 0.0155429
0.0086604 0.0152856
0.008666 0.0150326
0.0086717 0.0147842
0.0086773 0.0145406
0.0086829 0.0143009
0.0086886 0.0140652
0.0086942 0.0138287
0.0086998 0.0135903
0.0087054 0.013356
0.0087111 0.0131257
0.0087167 0.0128898
0.0087223 0.0126454
0.008728 0.0124056
0.0087336 0.0121704
0.0087392 0.0119257
0.0087448 0.0116673
0.0087505 0.0114144
0.0087561 0.0111671
0.0087617 0.0109083
0.0087674 0.0106325
0.008773 0.0103636
0.0087786 0.0101015
0.0087842 0.0098283
0.0087899 0.0095372
0.0087955 0.0092547
0.0088011 0.0089806
0.0088068 0.0086975
0.0088124 0.0083985
0.008818 0.0081097
0.0088236 0.0078309
0.0088293 0.0075467
0.0088349 0.0072504
0.0088405 0.0069658
0.0088462 0.0066924
0.0088518 0.0064178
0.0088574 0.0061362
0.008863 0.0058669
0.0088687 0.0056095
0.0088743 0.0053548
0.0088799 0.005098
0.0088856 0.0048536
0.0088912 0.004621
0.0088968 0.004394
0.0089024 0.0041692
0.0089081 0.0039559
0.0089137 0.0037536
0.0089193 0.0035586
0.008925 0.0033689
0.0089306 0.0031892
0.0089362 0.0030192
0.0089418 0.0028571
0.0089475 0.0027019
0.0089531 0.0025551
0.0089587 0.0024163
0.0089644 0.0022852
0.00897 0.0021614
0.0089756 0.0020444
0.0089812 0.0019337
0.0089869 0.0018299
0.0089925 0.0017332
0.0089981 0.0016417
0.0090038 0.001555
0.0090094 0.001474
0.009015 0.0013996
0.0090206 0.001329
0.0090263 0.0012619
0.0090319 0.0011995
0.0090375 0.0011428
0.0090432 0.0010888
0.0090488 0.0010373
0.0090544 0.0009895
0.00906 0.0009465
0.0090657 0.0009054
0.0090713 0.0008661
0.0090769 0.0008296
0.0090826 0.0007971
0.0090882 0.0007659
0.0090938 0.0007359
0.0090994 0.0007081
0.0091051 0.0006835
0.0091107 0.0006598
0.0091163 0.0006369
0.009122 0.0006156
0.0091276 0.000597
0.0091332 0.0005789
0.0091388 0.0005614
0.0091445 0.0005451
0.0091501 0.000531
0.0091557 0.0005172
0.0091614 0.0005037
0.009167 0.0004912
0.0091726 0.0004803
0.0091782 0.0004697
0.0091839 0.0004593
0.0091895 0.0004495
0.0091951 0.0004411
0.0092008 0.0004328
0.0092064 0.0004247
0.009212 0.0004171
0.0092176 0.0004104
0.0092233 0.0004039
0.0092289 0.0003974
0.0092345 0.0003913
0.0092402 0.0003859
0.0092458 0.0003806
0.0092514 0.0003754
0.009257 0.0003704
0.0092627 0.0003659
0.0092683 0.0003614
0.0092739 0.000357
0.0092795 0.0003528
0.0092852 0.0003489
0.0092908 0.000345
0.0092964 0.0003412
0.0093021 0.0003375
0.0093077 0.000334
0.0093133 0.0003305
0.0093189 0.000327
0.0093246 0.0003236
0.0093302 0.0003204
0.0093358 0.0003171
0.0093415 0.0003139
0.0093471 0.0003108
0.0093527 0.0003077
0.0093583 0.0003046
0.009364 0.0003016
0.0093696 0.0002986
0.0093752 0.0002956
0.0093809 0.0002927
0.0093865 0.0002898
0.0093921 0.000287
0.0093977 0.0002842
0.0094034 0.0002814
0.009409 0.0002787
0.0094146 0.000276
0.0094203 0.0002733
0.0094259 0.0002708
0.0094315 0.0002682
0.0094371 0.0002657
0.0094428 0.0002633
0.0094484 0.0002609
0.009454 0.0002585
0.0094597 0.0002562
0.0094653 0.0002541
0.0094709 0.0002519
0.0094765 0.0002498
0.0094822 0.0002478
0.0094878 0.0002459
0.0094934 0.000244
0.0094991 0.0002422
0.0095047 0.0002404
0.0095103 0.0002388
0.0095159 0.0002372
0.0095216 0.0002356
0.0095272 0.0002341
0.0095328 0.0002328
0.0095385 0.0002315
0.0095441 0.0002302
0.0095497 0.0002289
0.0095553 0.0002278
0.009561 0.0002268
0.0095666 0.0002257
0.0095722 0.0002247
0.0095779 0.0002239
0.0095835 0.000223
0.0095891 0.0002222
0.0095947 0.0002214
0.0096004 0.0002207
0.009606 0.0002201
0.0096116 0.0002194
0.0096173 0.0002187
0.0096229 0.0002182
0.0096285 0.0002176
0.0096341 0.0002171
0.0096398 0.0002165
0.0096454 0.000216
0.009651 0.0002155
0.0096567 0.0002149
0.0096623 0.0002144
0.0096679 0.0002139
0.0096735 0.0002133
0.0096792 0.0002127
0.0096848 0.0002122
0.0096904 0.0002115
0.0096961 0.0002109
0.0097017 0.0002102
0.0097073 0.0002096
0.0097129 0.0002088
0.0097186 0.000208
0.0097242 0.0002072
0.0097298 0.0002064
0.0097355 0.0002054
0.0097411 0.0002044
0.0097467 0.0002034
0.0097523 0.0002025
0.009758 0.0002013
0.0097636 0.0002002
0.0097692 0.0001991
0.0097749 0.0001979
0.0097805 0.0001966
0.0097861 0.0001954
0.0097917 0.0001941
0.0097974 0.0001928
0.009803 0.0001915
0.0098086 0.0001901
0.0098143 0.0001888
0.0098199 0.0001874
0.0098255 0.0001861
0.0098311 0.0001847
0.0098368 0.0001834
0.0098424 0.0001821
0.009848 0.0001808
0.0098537 0.0001795
0.0098593 0.0001783
0.0098649 0.000177
0.0098705 0.0001759
0.0098762 0.0001749
0.0098818 0.0001738
0.0098874 0.0001727
0.0098931 0.0001719
0.0098987 0.000171
0.0099043 0.0001702
0.0099099 0.0001693
0.0099156 0.0001688
0.0099212 0.0001682
0.0099268 0.0001677
0.0099325 0.0001672
0.0099381 0.000167
0.0099437 0.0001668
0.0099493 0.0001666
0.009955 0.0001664
0.0099606 0.0001666
0.0099662 0.0001668
0.0099719 0.000167
0.0099775 0.0001672
0.0099831 0.0001678
0.0099887 0.0001684
0.0099944 0.000169
0.01 0.0001696
