0.001 0
0.0010056 0
0.0010113 0
0.0010169 0
0.0010225 0
0.0010281 0
0.0010338 0
0.0010394 0
0.001045 0
0.0010507 0
0.0010563 0
0.0010619 0
0.0010675 0
0.0010732 0
0.0010788 0
0.0010844 0
0.0010901 0
0.0010957 0
0.0011013 0
0.0011069 0
0.0011126 0
0.0011182 0
0.0011238 0
0.0011295 0
0.0011351 0
0.0011407 0
0.0011463 0
0.001152 0
0.0011576 0
0.0011632 0
0.0011689 0
0.0011745 0
0.0011801 0
0.0011857 0
0.0011914 0
0.001197 0
0.0012026 0
0.0012083 0
0.0012139 0
0.0012195 0
0.0012251 0
0.0012308 0
0.0012364 0
0.001242 0
0.0012477 0
0.0012533 0
0.0012589 0
0.0012645 0
0.0012702 0
0.0012758 0
0.0012814 0
0.0012871 0
0.0012927 0
0.0012983 0
0.0013039 0
0.0013096 0
0.0013152 0
0.0013208 0
0.0013265 0
0.0013321 0
0.0013377 0
0.0013433 0
0.001349 0
0.0013546 0
0.0013602 0
0.0013659 0
0.0013715 0
0.0013771 0
0.0013827 0
0.0013884 0
0.001394 0
0.0013996 0
0.0014053 0
0.0014109 0
0.0014165 0
0.0014221 0
0.0014278 0
0.0014334 0
0.001439 0
0.0014447 0
0.0014503 0
0.0014559 0
0.0014615 0
0.0014672 0
0.0014728 0
0.0014784 0
0.0014841 0
0.0014897 0
0.0014953 0
0.0015009 0
0.0015066 0
0.0015122 0
0.0015178 0
0.0015235 0
0.0015291 0
0.0015347 0
0.0015403 0
0.001546 0
0.0015516 0
0.0015572 0
0.0015629 0
0.0015685 0
0.0015741 0
0.0015797 0
0.0015854 0
0.001591 0
0.0015966 0
0.0016023 0
0.0016079 0
0.0016135 0
0.0016191 0
0.0016248 0
0.0016304 0
0.001636 0
0.0016417 0
0.0016473 0
0.0016529 0
0.0016585 0
0.0016642 0
0.0016698 0
0.0016754 0
0.0016811 0
0.0016867 0
0.0016923 0
0.0016979 0
0.0017036 0
0.0017092 0
0.0017148 0
0.0017205 0
0.0017261 0
0.0017317 0
0.0017373 0
0.001743 0
0.0017486 0
0.0017542 0
0.0017598 0
0.0017655 0
0.0017711 0
0.0017767 0
0.0017824 0
0.001788 0
0.0017936 0
0.0017992 0
0.0018049 0
0.0018105 0
0.0018161 0
0.0018218 0
0.0018274 0
0.001833 0
0.0018386 0
0.0018443 0
0.0018499 0
0.0018555 0
0.0018612 0
0.0018668 0
0.0018724 0
0.001878 0
0.0018837 0
0.0018893 0
0.0018949 0
0.0019006 0
0.0019062 0
0.0019118 0
0.0019174 0
0.0019231 0
0.0019287 0
0.0019343 0
0.00194 0
0.0019456 0
0.0019512 0
0.0019568 0
0.0019625 0
0.0019681 0
0.0019737 0
0.0019794 0
0.001985 0
0.0019906 0
0.0019962 0
0.0020019 0
0.0020075 0
0.0020131 0
0.0020188 0
0.0020244 0
0.00203 0
0.0020356 0
0.0020413 0
0.0020469 0
0.0020525 0
0.0020582 0
0.0020638 0
0.0020694 0
0.002075 0
0.0020807 0
0.0020863 0
0.0020919 0
0.0020976 0
0.0021032 0
0.0021088 0
0.0021144 0
0.0021201 0
0.0021257 0
0.0021313 0
0.002137 0
0.0021426 0
0.0021482 0
0.0021538 0
0.0021595 0
0.0021651 0
0.0021707 0
0.0021764 0
0.002182 0
0.0021876 0
0.0021932 0
0.0021989 0
0.0022045 0
0.0022101 0
0.0022158 0
0.0022214 0
0.002227 0
0.0022326 0
0.0022383 0
0.0022439 0
0.0022495 0
0.0022552 0
0.0022608 0
0.0022664 0
0.002272 0
0.0022777 0
0.0022833 0
0.0022889 0
0.0022946 0
0.0023002 0
0.0023058 0
0.0023114 0
0.0023171 0
0.0023227 0
0.0023283 0
0.002334 0
0.0023396 0
0.0023452 0
0.0023508 0
0.0023565 0
0.0023621 0
0.0023677 0
0.0023734 0
0.002379 0
0.0023846 0
0.0023902 0
0.0023959 0
0.0024015 0
0.0024071 0
0.0024128 0
0.0024184 0
0.002424 0
0.0024296 0
0.0024353 0
0.0024409 0
0.0024465 0
0.0024522 0
0.0024578 0
0.0024634 0
0.002469 0
0.0024747 0
0.0024803 0
0.0024859 0
0.0024916 0
0.0024972 0
0.0025028 0
0.0025084 0
0.0025141 0
0.0025197 0
0.0025253 0
0.002531 0
0.0025366 0
0.0025422 0
0.0025478 0
0.0025535 0
0.0025591 0
0.0025647 0
0.0025704 0
0.002576 0
0.0025816 0
0.0025872 0
0.0025929 0
0.0025985 0
0.0026041 0
0.0026098 0
0.0026154 0
0.002621 0
0.0026266 0
0.0026323 0
0.0026379 0
0.0026435 0
0.0026492 0
0.0026548 1e-07
0.0026604 1e-07
0.002666 2e-07
0.0026717 2e-07
0.0026773 3e-07
0.0026829 4e-07
0.0026886 6e-07
0.0026942 7e-07
0.0026998 9e-07
0.0027054 1e-06
0.0027111 1.2e-06
0.0027167 1.3e-06
0.0027223 1.3e-06
0.002728 1.3e-06
0.0027336 1.4e-06
0.0027392 1.3e-06
0.0027448 1.2e-06
0.0027505 1.1e-06
0.0027561 1e-06
0.0027617 8e-07
0.0027674 7e-07
0.002773 5e-07
0.0027786 4e-07
0.0027842 3e-07
0.0027899 2e-07
0.0027955 2e-07
0.0028011 1e-07
0.0028068 1e-07
0.0028124 1e-07
0.002818 1e-07
0.0028236 0
0.0028293 0
0.0028349 0
0.0028405 0
0.0028462 0
0.0028518 0
0.0028574 0
0.002863 0
0.0028687 0
0.0028743 0
0.0028799 1e-07
0.0028856 1e-07
0.0028912 1e-07
0.0028968 1e-07
0.0029024 2e-07
0.0029081 2e-07
0.0029137 3e-07
0.0029193 4e-07
0.002925 6e-07
0.0029306 8e-07
0.0029362 1e-06
0.0029418 1.4e-06
0.0029475 1.8e-06
0.0029531 2.3e-06
0.0029587 3e-06
0.0029644 3.8e-06
0.00297 4.9e-06
0.0029756 6.3e-06
0.0029812 8.1e-06
0.0029869 1.05e-05
0.0029925 1.37e-05
0.0029981 1.8e-05
0.0030038 2.35e-05
0.0030094 3.08e-05
0.003015 4e-05
0.0030206 5.2e-05
0.0030263 6.75e-05
0.0030319 8.53e-05
0.0030375 0.0001016
0.0030432 0.0001209
0.0030488 0.0001439
0.0030544 0.0001643
0.00306 0.0001715
0.0030657 0.0001789
0.0030713 0.0001867
0.0030769 0.0001898
0.0030826 0.000182
0.0030882 0.0001745
0.0030938 0.0001673
0.0030994 0.0001598
0.0031051 0.000151
0.0031107 0.0001428
0.0031163 0.000135
0.003122 0.0001278
0.0031276 0.0001215
0.0031332 0.0001155
0.0031388 0.0001097
0.0031445 0.0001038
0.0031501 9.7e-05
0.0031557 9.07e-05
0.0031614 8.47e-05
0.003167 7.88e-05
0.0031726 7.22e-05
0.0031782 6.62e-05
0.0031839 6.07e-05
0.0031895 5.61e-05
0.0031951 5.3e-05
0.0032008 5.01e-05
0.0032064 4.73e-05
0.003212 4.56e-05
0.0032176 4.67e-05
0.0032233 4.77e-05
0.0032289 4.88e-05
0.0032345 5.11e-05
0.0032402 5.72e-05
0.0032458 6.41e-05
0.0032514 7.18e-05
0.003257 8.18e-05
0.0032627 9.83e-05
0.0032683 0.0001182
0.0032739 0.000142
0.0032795 0.0001724
0.0032852 0.000216
0.0032908 0.0002705
0.0032964 0.0003388
0.0033021 0.0004257
0.0033077 0.0005403
0.0033133 0.0006859
0.0033189 0.0008707
0.0033246 0.0011044
0.0033302 0.0013974
0.0033358 0.0017682
0.0033415 0.0022373
0.0033471 0.0028246
0.0033527 0.003538
0.0033583 0.0044315
0.003364 0.0055506
0.0033696 0.0069283
0.0033752 0.0085362
0.0033809 0.0105173
0.0033865 0.0129581
0.0033921 0.0158828
0.0033977 0.0190753
0.0034034 0.0229095
0.003409 0.0275144
0.0034146 0.0328411
0.0034203 0.0382131
0.0034259 0.0444639
0.0034315 0.0517371
0.0034371 0.0598965
0.0034428 0.067845
0.0034484 0.0768483
0.003454 0.0870464
0.0034597 0.0983954
0.0034653 0.1101906
0.0034709 0.1233998
0.0034765 0.1381925
0.0034822 0.1549593
0.0034878 0.1748414
0.0034934 0.1972744
0.0034991 0.2225858
0.0035047 0.2520408
0.0035103 0.2905686
0.0035159 0.3349858
0.0035216 0.3861927
0.0035272 0.4467949
0.0035328 0.5266877
0.0035385 0.6208665
0.0035441 0.7318856
0.0035497 0.8635266
0.0035553 1.0239951
0.003561 1.2142833
0.0035666 1.4399327
0.0035722 1.7033898
0.0035779 1.9860224
0.0035835 2.3155504
0.0035891 2.6997549
0.0035947 3.1341773
0.0036004 3.5397278
0.003606 3.9977551
0.0036116 4.5150493
0.0036173 5.075181
0.0036229 5.5233513
0.0036285 6.011098
0.0036341 6.5419157
0.0036398 7.0877296
0.0036454 7.4311794
0.003651 7.7912717
0.0036567 8.168813
0.0036623 8.5321371
0.0036679 8.6489432
0.0036735 8.7673485
0.0036792 8.8873747
0.0036848 8.9839168
0.0036904 8.8684461
0.0036961 8.7544596
0.0037017 8.6419381
0.0037073 8.5147834
0.0037129 8.2446604
0.0037186 7.9831067
0.0037242 7.7298506
0.0037298 7.4744131
0.0037355 7.1285629
0.0037411 6.7987156
0.0037467 6.4841307
0.0037523 6.1778772
0.003758 5.8207085
0.0037636 5.4841892
0.0037692 5.1671255
0.0037749 4.866349
0.0037805 4.5594741
0.0037861 4.2719508
0.0037917 4.002559
0.0037974 3.7517653
0.003803 3.5375465
0.0038086 3.3355592
0.0038143 3.145105
0.0038199 2.9690107
0.0038255 2.8546911
0.0038311 2.7447733
0.0038368 2.6390877
0.0038424 2.5412959
0.003848 2.5143729
0.0038537 2.4877351
0.0038593 2.4613794
0.0038649 2.4386715
0.0038705 2.4879068
0.0038762 2.5381362
0.0038818 2.5893796
0.0038874 2.6441898
0.0038931 2.7672055
0.0038987 2.8959443
0.0039043 3.0306724
0.0039099 3.1733156
0.0039156 3.3787766
0.0039212 3.5975406
0.0039268 3.8304687
0.0039325 4.0795442
0.0039381 4.3943011
0.0039437 4.7333431
0.0039493 5.0985438
0.003955 5.4926121
0.0039606 5.9660678
0.0039662 6.4803346
0.0039719 7.0389305
0.0039775 7.645821
0.0039831 8.3257597
0.0039887 9.0661649
0.0039944 9.8724139
0.004 10.7503623
0.0040056 11.6153639
0.0040113 12.5499657
0.0040169 13.5597679
0.0040225 14.6508215
0.0040281 15.5615008
0.0040338 16.5266477
0.0040394 17.5516544
0.004045 18.6402335
0.0040507 19.4333735
0.0040563 20.2545385
0.0040619 21.1104022
0.0040675 22.0024307
0.0040732 22.6464506
0.0040788 23.3025785
0.0040844 23.9777163
0.0040901 24.6724145
0.0040957 25.2561126
0.0041013 25.8494687
0.0041069 26.4567648
0.0041126 27.0783285
0.0041182 27.7153017
0.0041238 28.3672909
0.0041295 29.0346179
0.0041351 29.7176433
0.0041407 30.5411418
0.0041463 31.3935133
0.004152 32.2696736
0.0041576 33.1702866
0.0041632 34.4174989
0.0041689 35.7302294
0.0041745 37.0930292
0.0041801 38.507808
0.0041857 40.6401973
0.0041914 42.9358882
0.004197 45.3612585
0.0042026 47.9236335
0.0042083 51.8425214
0.0042139 56.1782262
0.0042195 60.8765355
0.0042251 65.9677749
0.0042308 73.5875893
0.0042364 82.2812651
0.004242 92.0020164
0.0042477 102.8711822
0.0042533 118.5522236
0.0042589 136.9962224
0.0042645 158.309683
0.0042702 182.9390278
0.0042758 216.3872788
0.0042814 256.543705
0.0042871 304.1522261
0.0042927 360.5957771
0.0042983 430.4084615
0.0043039 514.1128259
0.0043096 614.0957287
0.0043152 733.5229641
0.0043208 865.369041
0.0043265 1019.4240517
0.0043321 1200.9042941
0.0043377 1414.6920715
0.0043433 1626.0791303
0.004349 1863.2219752
0.0043546 2134.9490713
0.0043602 2446.3040891
0.0043659 2724.7694518
0.0043715 3023.1976285
0.0043771 3354.3109106
0.0043827 3721.6891079
0.0043884 4011.264579
0.004394 4305.0343865
0.0043996 4620.3187808
0.0044053 4958.6934086
0.0044109 5159.946043
0.0044165 5343.464724
0.0044221 5533.5104318
0.0044278 5730.3153068
0.0044334 5742.920504
0.004439 5724.2224993
0.0044447 5705.5853723
0.0044503 5687.0089247
0.0044559 5495.4771261
0.0044615 5281.3409795
0.0044672 5075.548838
0.0044728 4877.7755701
0.0044784 4567.718277
0.0044841 4256.6242103
0.0044897 3966.7178597
0.0044953 3696.5561913
0.0045009 3377.2925938
0.0045066 3073.5241061
0.0045122 2797.0778866
0.0045178 2545.4964509
0.0045235 2288.2408177
0.0045291 2051.7039111
0.0045347 1839.6179748
0.0045403 1649.4554964
0.004546 1474.4835769
0.0045516 1317.1948962
0.0045572 1176.6847876
0.0045629 1051.1634181
0.0045685 943.917802
0.0045741 848.6328463
0.0045797 762.966549
0.0045854 685.9479424
0.004591 622.7531427
0.0045966 566.7229003
0.0046023 515.7338016
0.0046079 469.3322855
0.0046135 431.156646
0.0046191 397.0397904
0.0046248 365.6225566
0.0046304 336.6913269
0.004636 311.1949007
0.0046417 287.9122256
0.0046473 266.3714909
0.0046529 246.4423697
0.0046585 227.4602043
0.0046642 209.8003202
0.0046698 193.5115397
0.0046754 178.4874111
0.0046811 164.5183197
0.0046867 151.6126
0.0046923 139.7192757
0.0046979 128.758929
0.0047036 119.3214499
0.0047092 110.7631299
0.0047148 102.8186547
0.0047205 95.4439962
0.0047261 89.2071922
0.0047317 83.5590628
0.0047373 78.2685431
0.004743 73.3129913
0.0047486 68.8751272
0.0047542 64.7692483
0.0047598 60.9081348
0.0047655 57.2771952
0.0047711 53.853259
0.0047767 50.6309491
0.0047824 47.6014462
0.004788 44.7532136
0.0047936 42.1887445
0.0047992 39.8094543
0.0048049 37.5643474
0.0048105 35.4458563
0.0048161 33.8159152
0.0048218 32.3925891
0.0048274 31.0291715
0.004833 29.7231406
0.0048386 29.0098139
0.0048443 28.5185199
0.0048499 28.0355462
0.0048555 27.5607518
0.0048612 27.6658768
0.0048668 28.0044053
0.0048724 28.347076
0.004878 28.6939398
0.0048837 29.4871763
0.0048893 30.4928729
0.0048949 31.53287
0.0049006 32.6083374
0.0049062 33.8646292
0.0049118 35.2339044
0.0049174 36.6585446
0.0049231 38.1407883
0.0049287 39.5920603
0.0049343 41.05657
0.00494 42.5752519
0.0049456 44.1501098
0.0049512 45.7180291
0.0049568 47.3105054
0.0049625 48.9584518
0.0049681 50.6638004
0.0049737 52.3417085
0.0049794 54.0323735
0.004985 55.7776479
0.0049906 57.5792956
0.0049962 58.9799595
0.0050019 60.1835081
0.0050075 61.4116164
0.0050131 62.6647856
0.0050188 63.1178635
0.0050244 63.1531085
0.00503 63.1883733
0.0050356 63.2236577
0.0050413 62.7060235
0.0050469 61.9046028
0.0050525 61.1134247
0.0050582 60.3323583
0.0050638 59.6913499
0.0050694 59.127603
0.005075 58.5691804
0.0050807 58.0160318
0.0050863 57.9504502
0.0050919 58.1588011
0.0050976 58.3679011
0.0051032 58.5777529
0.0051088 59.0794499
0.0051144 59.7573718
0.0051201 60.4430727
0.0051257 61.1366419
0.0051313 61.727033
0.005137 62.2556266
0.0051426 62.7887468
0.0051482 63.3264323
0.0051538 63.6827156
0.0051595 63.9249403
0.0051651 64.1680863
0.0051707 64.4121571
0.0051764 64.9177038
0.005182 65.5963536
0.0051876 66.282098
0.0051932 66.9750112
0.0051989 68.5485701
0.0052045 70.7576669
0.0052101 73.0379558
0.0052158 75.391731
0.0052214 79.0223204
0.005227 83.6993464
0.0052326 88.6531875
0.0052383 93.9002273
0.0052439 100.3565701
0.0052495 107.9393571
0.0052552 116.0950877
0.0052608 124.8670526
0.0052664 134.1260005
0.005272 143.9343135
0.0052777 154.459885
0.0052833 165.7551663
0.0052889 176.3036235
0.0052946 186.2784013
0.0053002 196.8175247
0.0053058 207.9529231
0.0053114 217.066883
0.0053171 224.4628837
0.0053227 232.1108844
0.0053283 240.0194711
0.005334 244.6970288
0.0053396 246.6565159
0.0053452 248.6316942
0.0053508 250.6226894
0.0053565 248.4478261
0.0053621 242.9359947
0.0053677 237.5464436
0.0053734 232.27646
0.005379 223.1464269
0.0053846 211.1907287
0.0053902 199.8755906
0.0053959 189.166693
0.0054015 176.2473636
0.0054071 161.9781694
0.0054128 148.8642259
0.0054184 136.8120028
0.005424 124.1730147
0.0054296 111.4403583
0.0054353 100.013304
0.0054409 89.7579757
0.0054465 79.6996014
0.0054522 70.0717138
0.0054578 61.6068962
0.0054634 54.1646473
0.005469 47.1251704
0.0054747 40.5920596
0.0054803 34.9646545
0.0054859 30.1173943
0.0054916 25.6817219
0.0054972 21.6827751
0.0055028 18.3065114
0.0055084 15.4559718
0.0055141 12.9524473
0.0055197 10.7726641
0.0055253 8.9597193
0.005531 7.4518772
0.0055366 6.1842631
0.0055422 5.1205595
0.0055478 4.2398146
0.0055535 3.5105594
0.0055591 2.919764
0.0055647 2.4401296
0.0055704 2.0392854
0.005576 1.7042886
0.0055816 1.4390662
0.0055872 1.2291018
0.0055929 1.0497719
0.0055985 0.8966068
0.0056041 0.7753487
0.0056098 0.6800835
0.0056154 0.5965233
0.005621 0.5232299
0.0056266 0.4635522
0.0056323 0.4155548
0.0056379 0.3725273
0.0056435 0.3339549
0.0056492 0.3012646
0.0056548 0.2738613
0.0056604 0.2489506
0.005666 0.2263058
0.0056717 0.2066238
0.0056773 0.1896926
0.0056829 0.1741488
0.0056886 0.1598786
0.0056942 0.1473881
0.0056998 0.1366044
0.0057054 0.1266097
0.0057111 0.1173463
0.0057167 0.1092259
0.0057223 0.1022478
0.005728 0.0957155
0.0057336 0.0896005
0.0057392 0.0842127
0.0057448 0.0795857
0.0057505 0.0752129
0.0057561 0.0710804
0.0057617 0.0673888
0.0057674 0.0641776
0.005773 0.0611194
0.0057786 0.058207
0.0057842 0.0555408
0.0057899 0.0531469
0.0057955 0.0508562
0.0058011 0.0486643
0.0058068 0.046608
0.0058124 0.044698
0.005818 0.0428663
0.0058236 0.0411097
0.0058293 0.0394667
0.0058349 0.0379515
0.0058405 0.0364945
0.0058462 0.0350934
0.0058518 0.0338389
0.0058574 0.0327735
0.005863 0.0317416
0.0058687 0.0307422
0.0058743 0.0299072
0.0058799 0.0293109
0.0058856 0.0287265
0.0058912 0.0281537
0.0058968 0.0277154
0.0059024 0.0274929
0.0059081 0.0272722
0.0059137 0.0270532
0.0059193 0.0269235
0.005925 0.0269493
0.0059306 0.026975
0.0059362 0.0270008
0.0059418 0.0271143
0.0059475 0.0273901
0.0059531 0.0276686
0.0059587 0.02795
0.0059644 0.0283935
0.00597 0.0291525
0.0059756 0.0299318
0.0059812 0.0307319
0.0059869 0.0318245
0.0059925 0.033512
0.0059981 0.0352889
0.0060038 0.03716
0.0060094 0.0394748
0.006015 0.0426835
0.0060206 0.0461532
0.0060263 0.0499048
0.0060319 0.0542261
0.0060375 0.0595282
0.0060432 0.0653488
0.0060488 0.0717384
0.0060544 0.0786667
0.00606 0.0860597
0.0060657 0.0941475
0.0060713 0.1029954
0.0060769 0.1120496
0.0060826 0.1203874
0.0060882 0.1293456
0.0060938 0.1389703
0.0060994 0.1483182
0.0061051 0.1558577
0.0061107 0.1637805
0.0061163 0.172106
0.006122 0.1797516
0.0061276 0.1849885
0.0061332 0.190378
0.0061388 0.1959246
0.0061445 0.2002815
0.0061501 0.2013227
0.0061557 0.2023693
0.0061614 0.2034213
0.006167 0.2026849
0.0061726 0.1973864
0.0061782 0.1922264
0.0061839 0.1872013
0.0061895 0.1805226
0.0061951 0.1695279
0.0062008 0.1592028
0.0062064 0.1495065
0.006212 0.1392694
0.0062176 0.1268273
0.0062233 0.1154968
0.0062289 0.1051784
0.0062345 0.0952809
0.0062402 0.0850065
0.0062458 0.07584
0.0062514 0.067662
0.006257 0.0601335
0.0062627 0.052822
0.0062683 0.0463994
0.0062739 0.0407578
0.0062795 0.0356646
0.0062852 0.0308313
0.0062908 0.026653
0.0062964 0.023041
0.0063021 0.019862
0.0063077 0.0169625
0.0063133 0.0144862
0.0063189 0.0123715
0.0063246 0.0105681
0.0063302 0.0090352
0.0063358 0.0077247
0.0063415 0.0066042
0.0063471 0.0056661
0.0063527 0.0049229
0.0063583 0.0042772
0.006364 0.0037162
0.0063696 0.0032434
0.0063752 0.0028791
0.0063809 0.0025557
0.0063865 0.0022687
0.0063921 0.0020188
0.0063977 0.0018141
0.0064034 0.0016301
0.006409 0.0014647
0.0064146 0.0013146
0.0064203 0.001174
0.0064259 0.0010484
0.0064315 0.0009363
0.0064371 0.0008333
0.0064428 0.0007308
0.0064484 0.0006408
0.006454 0.000562
0.0064597 0.0004917
0.0064653 0.0004258
0.0064709 0.0003687
0.0064765 0.0003193
0.0064822 0.0002766
0.0064878 0.0002403
0.0064934 0.0002088
0.0064991 0.0001814
0.0065047 0.0001579
0.0065103 0.0001389
0.0065159 0.0001222
0.0065216 0.0001075
0.0065272 9.46e-05
0.0065328 8.38e-05
0.0065385 7.43e-05
0.0065441 6.58e-05
0.0065497 5.82e-05
0.0065553 5.13e-05
0.006561 4.52e-05
0.0065666 3.99e-05
0.0065722 3.51e-05
0.0065779 3.07e-05
0.0065835 2.69e-05
0.0065891 2.36e-05
0.0065947 2.06e-05
0.0066004 1.82e-05
0.006606 1.6e-05
0.0066116 1.4e-05
0.0066173 1.24e-05
0.0066229 1.11e-05
0.0066285 9.9e-06
0.0066341 8.9e-06
0.0066398 7.9e-06
0.0066454 7.3e-06
0.006651 6.6e-06
0.0066567 6e-06
0.0066623 5.5e-06
0.0066679 5.1e-06
0.0066735 4.8e-06
0.0066792 4.4e-06
0.0066848 4.1e-06
0.0066904 3.8e-06
0.0066961 3.6e-06
0.0067017 3.4e-06
0.0067073 3.2e-06
0.0067129 3e-06
0.0067186 2.9e-06
0.0067242 2.8e-06
0.0067298 2.7e-06
0.0067355 2.6e-06
0.0067411 2.6e-06
0.0067467 2.5e-06
0.0067523 2.5e-06
0.006758 2.5e-06
0.0067636 2.5e-06
0.0067692 2.5e-06
0.0067749 2.6e-06
0.0067805 2.6e-06
0.0067861 2.7e-06
0.0067917 2.8e-06
0.0067974 2.9e-06
0.006803 3e-06
0.0068086 3.1e-06
0.0068143 3.2e-06
0.0068199 3.3e-06
0.0068255 3.4e-06
0.0068311 3.5e-06
0.0068368 3.6e-06
0.0068424 3.8e-06
0.006848 3.9e-06
0.0068537 4e-06
0.0068593 4.1e-06
0.0068649 4.2e-06
0.0068705 4.3e-06
0.0068762 4.4e-06
0.0068818 4.5e-06
0.0068874 4.7e-06
0.0068931 4.8e-06
0.0068987 4.9e-06
0.0069043 4.9e-06
0.0069099 5e-06
0.0069156 5.1e-06
0.0069212 5.2e-06
0.0069268 5.2e-06
0.0069325 5.3e-06
0.0069381 5.3e-06
0.0069437 5.3e-06
0.0069493 5.3e-06
0.006955 5.3e-06
0.0069606 5.2e-06
0.0069662 5.1e-06
0.0069719 5.1e-06
0.0069775 5e-06
0.0069831 4.8e-06
0.0069887 4.7e-06
0.0069944 4.5e-06
0.007 4.4e-06
0.0070056 4.2e-06
0.0070113 4e-06
0.0070169 3.8e-06
0.0070225 3.7e-06
0.0070281 3.4e-06
0.0070338 3.2e-06
0.0070394 3e-06
0.007045 2.9e-06
0.0070507 2.7e-06
0.0070563 2.5e-06
0.0070619 2.3e-06
0.0070675 2.2e-06
0.0070732 2e-06
0.0070788 1.9e-06
0.0070844 1.8e-06
0.0070901 1.7e-06
0.0070957 1.6e-06
0.0071013 1.6e-06
0.0071069 1.5e-06
0.0071126 1.4e-06
0.0071182 1.4e-06
0.0071238 1.3e-06
0.0071295 1.3e-06
0.0071351 1.3e-06
0.0071407 1.2e-06
0.0071463 1.2e-06
0.007152 1.1e-06
0.0071576 1.1e-06
0.0071632 1e-06
0.0071689 1e-06
0.0071745 9e-07
0.0071801 9e-07
0.0071857 8e-07
0.0071914 8e-07
0.007197 7e-07
0.0072026 7e-07
0.0072083 6e-07
0.0072139 6e-07
0.0072195 5e-07
0.0072251 5e-07
0.0072308 5e-07
0.0072364 4e-07
0.007242 4e-07
0.0072477 4e-07
0.0072533 3e-07
0.0072589 3e-07
0.0072645 3e-07
0.0072702 3e-07
0.0072758 2e-07
0.0072814 2e-07
0.0072871 2e-07
0.0072927 2e-07
0.0072983 1e-07
0.0073039 1e-07
0.0073096 1e-07
0.0073152 1e-07
0.0073208 1e-07
0.0073265 1e-07
0.0073321 1e-07
0.0073377 1e-07
0.0073433 1e-07
0.007349 0
0.0073546 0
0.0073602 0
0.0073659 0
0.0073715 0
0.0073771 0
0.0073827 0
0.0073884 0
0.007394 0
0.0073996 0
0.0074053 0
0.0074109 0
0.0074165 0
0.0074221 0
0.0074278 0
0.0074334 0
0.007439 0
0.0074447 0
0.0074503 0
0.0074559 0
0.0074615 0
0.0074672 0
0.0074728 0
0.0074784 0
0.0074841 0
0.0074897 0
0.0074953 0
0.0075009 0
0.0075066 0
0.0075122 0
0.0075178 0
0.0075235 0
0.0075291 0
0.0075347 0
0.0075403 0
0.007546 0
0.0075516 0
0.0075572 0
0.0075629 0
0.0075685 0
0.0075741 0
0.0075797 0
0.0075854 0
0.007591 0
0.0075966 0
0.0076023 0
0.0076079 0
0.0076135 0
0.0076191 0
0.0076248 0
0.0076304 0
0.007636 0
0.0076417 0
0.0076473 0
0.0076529 0
0.0076585 0
0.0076642 0
0.0076698 0
0.0076754 0
0.0076811 0
0.0076867 0
0.0076923 0
0.0076979 0
0.0077036 0
0.0077092 0
0.0077148 0
0.0077205 0
0.0077261 0
0.0077317 0
0.0077373 0
0.007743 0
0.0077486 0
0.0077542 0
0.0077598 0
0.0077655 0
0.0077711 0
0.0077767 0
0.0077824 0
0.007788 0
0.0077936 0
0.0077992 0
0.0078049 0
0.0078105 0
0.0078161 0
0.0078218 0
0.0078274 0
0.007833 0
0.0078386 0
0.0078443 0
0.0078499 0
0.0078555 0
0.0078612 0
0.0078668 0
0.0078724 0
0.007878 0
0.0078837 0
0.0078893 0
0.0078949 0
0.0079006 0
0.0079062 0
0.0079118 0
0.0079174 0
0.0079231 0
0.0079287 0
0.0079343 0
0.00794 0
0.0079456 0
0.0079512 0
0.0079568 0
0.0079625 0
0.0079681 0
0.0079737 0
0.0079794 0
0.007985 0
0.0079906 0
0.0079962 0
0.0080019 0
0.0080075 0
0.0080131 0
0.0080188 0
0.0080244 0
0.00803 0
0.0080356 0
0.0080413 0
0.0080469 0
0.0080525 0
0.0080582 0
0.0080638 0
0.0080694 0
0.008075 0
0.0080807 0
0.0080863 0
0.0080919 0
0.0080976 0
0.0081032 0
0.0081088 0
0.0081144 0
0.0081201 0
0.0081257 0
0.0081313 0
0.008137 0
0.0081426 0
0.0081482 0
0.0081538 0
0.0081595 0
0.0081651 0
0.0081707 0
0.0081764 0
0.008182 0
0.0081876 0
0.0081932 0
0.0081989 0
0.0082045 0
0.0082101 0
0.0082158 0
0.0082214 0
0.008227 0
0.0082326 0
0.0082383 0
0.0082439 0
0.0082495 0
0.0082552 0
0.0082608 0
0.0082664 0
0.008272 0
0.0082777 0
0.0082833 0
0.0082889 0
0.0082946 0
0.0083002 0
0.0083058 0
0.0083114 0
0.0083171 0
0.0083227 0
0.0083283 0
0.008334 0
0.0083396 0
0.0083452 0
0.0083508 0
0.0083565 0
0.0083621 0
0.0083677 0
0.0083734 0
0.008379 0
0.0083846 0
0.0083902 0
0.0083959 0
0.0084015 0
0.0084071 0
0.0084128 0
0.0084184 0
0.008424 0
0.0084296 0
0.0084353 0
0.0084409 0
0.0084465 0
0.0084522 0
0.0084578 0
0.0084634 0
0.008469 0
0.0084747 0
0.0084803 0
0.0084859 0
0.0084916 0
0.0084972 0
0.0085028 0
0.0085084 0
0.0085141 0
0.0085197 0
0.0085253 0
0.008531 0
0.0085366 0
0.0085422 0
0.0085478 0
0.0085535 0
0.0085591 0
0.0085647 0
0.0085704 0
0.008576 0
0.0085816 0
0.0085872 0
0.0085929 0
0.0085985 0
0.0086041 0
0.0086098 0
0.0086154 0
0.008621 0
0.0086266 0
0.0086323 0
0.0086379 0
0.0086435 0
0.0086492 0
0.0086548 0
0.0086604 0
0.008666 0
0.0086717 0
0.0086773 0
0.0086829 0
0.0086886 0
0.0086942 0
0.0086998 0
0.0087054 0
0.0087111 0
0.0087167 0
0.0087223 0
0.008728 0
0.0087336 0
0.0087392 0
0.0087448 0
0.0087505 0
0.0087561 0
0.0087617 0
0.0087674 0
0.008773 0
0.0087786 0
0.0087842 0
0.0087899 0
0.0087955 0
0.0088011 0
0.0088068 0
0.0088124 0
0.008818 0
0.0088236 0
0.0088293 0
0.0088349 0
0.0088405 0
0.0088462 0
0.0088518 0
0.0088574 0
0.008863 0
0.0088687 0
0.0088743 0
0.0088799 0
0.0088856 0
0.0088912 0
0.0088968 0
0.0089024 0
0.0089081 0
0.0089137 0
0.0089193 0
0.008925 0
0.0089306 0
0.0089362 0
0.0089418 0
0.0089475 0
0.0089531 0
0.0089587 0
0.0089644 0
0.00897 0
0.0089756 0
0.0089812 0
0.0089869 0
0.0089925 0
0.0089981 0
0.0090038 0
0.0090094 0
0.009015 0
0.0090206 0
0.0090263 0
0.0090319 0
0.0090375 0
0.0090432 0
0.0090488 0
0.0090544 0
0.00906 0
0.0090657 0
0.0090713 0
0.0090769 0
0.0090826 0
0.0090882 0
0.0090938 0
0.0090994 0
0.0091051 0
0.0091107 0
0.0091163 0
0.009122 0
0.0091276 0
0.0091332 0
0.0091388 0
0.0091445 0
0.0091501 0
0.0091557 0
0.0091614 0
0.009167 0
0.0091726 0
0.0091782 0
0.0091839 0
0.0091895 0
0.0091951 0
0.0092008 0
0.0092064 0
0.009212 0
0.0092176 0
0.0092233 0
0.0092289 0
0.0092345 0
0.0092402 0
0.0092458 0
0.0092514 0
0.009257 0
0.0092627 0
0.0092683 0
0.0092739 0
0.0092795 0
0.0092852 0
0.0092908 0
0.0092964 0
0.0093021 0
0.0093077 0
0.0093133 0
0.0093189 0
0.0093246 0
0.0093302 0
0.0093358 0
0.0093415 0
0.0093471 0
0.0093527 0
0.0093583 0
0.009364 0
0.0093696 0
0.0093752 0
0.0093809 0
0.0093865 0
0.0093921 0
0.0093977 0
0.0094034 0
0.009409 0
0.0094146 0
0.0094203 0
0.0094259 0
0.0094315 0
0.0094371 0
0.0094428 0
0.0094484 0
0.009454 0
0.0094597 0
0.0094653 0
0.0094709 0
0.0094765 0
0.0094822 0
0.0094878 0
0.0094934 0
0.0094991 0
0.0095047 0
0.0095103 0
0.0095159 0
0.0095216 0
0.0095272 0
0.0095328 0
0.0095385 0
0.0095441 0
0.0095497 0
0.0095553 0
0.009561 0
0.0095666 0
0.0095722 0
0.0095779 0
0.0095835 0
0.0095891 0
0.0095947 0
0.0096004 0
0.009606 0
0.0096116 0
0.0096173 0
0.0096229 0
0.0096285 0
0.0096341 0
0.0096398 0
0.0096454 0
0.009651 0
0.0096567 0
0.0096623 0
0.0096679 0
0.0096735 0
0.0096792 0
0.0096848 0
0.0096904 0
0.0096961 0
0.0097017 0
0.0097073 0
0.0097129 0
0.0097186 0
0.0097242 0
0.0097298 0
0.0097355 0
0.0097411 0
0.0097467 0
0.0097523 0
0.009758 0
0.0097636 0
0.0097692 0
0.0097749 0
0.0097805 0
0.0097861 0
0.0097917 0
0.0097974 0
0.009803 0
0.0098086 0
0.0098143 0
0.0098199 0
0.0098255 0
0.0098311 0
0.0098368 0
0.0098424 0
0.009848 0
0.0098537 0
0.0098593 0
0.0098649 0
0.0098705 0
0.0098762 0
0.0098818 0
0.0098874 0
0.0098931 0
0.0098987 0
0.0099043 0
0.0099099 0
0.0099156 0
0.0099212 0
0.0099268 0
0.0099325 0
0.0099381 0
0.0099437 0
0.0099493 0
0.009955 0
0.0099606 0
0.0099662 0
0.0099719 0
0.0099775 0
0.0099831 0
0.0099887 0
0.0099944 0
0.01 0
