0.001 0
0.0010056 0
0.0010113 0
0.0010169 0
0.0010225 0
0.0010281 0
0.0010338 0
0.0010394 0
0.001045 0
0.0010507 0
0.0010563 0
0.0010619 0
0.0010675 0
0.0010732 0
0.0010788 0
0.0010844 0
0.0010901 0
0.0010957 0
0.0011013 0
0.0011069 0
0.0011126 0
0.0011182 0
0.0011238 0
0.0011295 0
0.0011351 0
0.0011407 0
0.0011463 0
0.001152 0
0.0011576 0
0.0011632 0
0.0011689 0
0.0011745 0
0.0011801 0
0.0011857 0
0.0011914 0
0.001197 0
0.0012026 0
0.0012083 0
0.0012139 0
0.0012195 0
0.0012251 0
0.0012308 0
0.0012364 0
0.001242 0
0.0012477 0
0.0012533 0
0.0012589 0
0.0012645 0
0.0012702 0
0.0012758 0
0.0012814 0
0.0012871 0
0.0012927 0
0.0012983 0
0.0013039 0
0.0013096 0
0.0013152 0
0.0013208 0
0.0013265 0
0.0013321 0
0.0013377 0
0.0013433 0
0.001349 0
0.0013546 0
0.0013602 0
0.0013659 0
0.0013715 0
0.0013771 0
0.0013827 0
0.0013884 0
0.001394 0
0.0013996 0
0.0014053 0
0.0014109 0
0.0014165 0
0.0014221 0
0.0014278 0
0.0014334 0
0.001439 0
0.0014447 0
0.0014503 0
0.0014559 0
0.0014615 0
0.0014672 0
0.0014728 0
0.0014784 0
0.0014841 0
0.0014897 0
0.0014953 0
0.0015009 0
0.0015066 0
0.0015122 0
0.0015178 0
0.0015235 0
0.0015291 0
0.0015347 0
0.0015403 0
0.001546 0
0.0015516 0
0.0015572 0
0.0015629 0
0.0015685 0
0.0015741 0
0.0015797 0
0.0015854 0
0.001591 0
0.0015966 0
0.0016023 0
0.0016079 0
0.0016135 0
0.0016191 0
0.0016248 0
0.0016304 0
0.001636 0
0.0016417 0
0.0016473 0
0.0016529 0
0.0016585 0
0.0016642 0
0.0016698 0
0.0016754 0
0.0016811 0
0.0016867 0
0.0016923 0
0.0016979 0
0.0017036 0
0.0017092 0
0.0017148 0
0.0017205 0
0.0017261 0
0.0017317 0
0.0017373 0
0.001743 0
0.0017486 0
0.0017542 0
0.0017598 0
0.0017655 0
0.0017711 0
0.0017767 0
0.0017824 0
0.001788 0
0.0017936 0
0.0017992 0
0.0018049 0
0.0018105 0
0.0018161 0
0.0018218 0
0.0018274 0
0.001833 0
0.0018386 0
0.0018443 0
0.0018499 0
0.0018555 0
0.0018612 0
0.0018668 0
0.0018724 0
0.001878 0
0.0018837 0
0.0018893 0
0.0018949 0
0.0019006 0
0.0019062 0
0.0019118 0
0.0019174 0
0.0019231 0
0.0019287 0
0.0019343 0
0.00194 0
0.0019456 0
0.0019512 0
0.0019568 0
0.0019625 0
0.0019681 0
0.0019737 0
0.0019794 0
0.001985 0
0.0019906 0
0.0019962 0
0.0020019 0
0.0020075 0
0.0020131 0
0.0020188 0
0.0020244 0
0.00203 0
0.0020356 0
0.0020413 0
0.0020469 0
0.0020525 0
0.0020582 0
0.0020638 0
0.0020694 0
0.002075 0
0.0020807 0
0.0020863 0
0.0020919 0
0.0020976 0
0.0021032 0
0.0021088 0
0.0021144 0
0.0021201 0
0.0021257 0
0.0021313 0
0.002137 0
0.0021426 0
0.0021482 0
0.0021538 0
0.0021595 0
0.0021651 0
0.0021707 0
0.0021764 0
0.002182 0
0.0021876 0
0.0021932 0
0.0021989 0
0.0022045 0
0.0022101 0
0.0022158 0
0.0022214 0
0.002227 0
0.0022326 0
0.0022383 0
0.0022439 0
0.0022495 0
0.0022552 0
0.0022608 0
0.0022664 0
0.002272 0
0.0022777 0
0.0022833 0
0.0022889 0
0.0022946 0
0.0023002 0
0.0023058 0
0.0023114 0
0.0023171 0
0.0023227 0
0.0023283 0
0.002334 0
0.0023396 0
0.0023452 0
0.0023508 0
0.0023565 0
0.0023621 0
0.0023677 0
0.0023734 0
0.002379 0
0.0023846 0
0.0023902 0
0.0023959 0
0.0024015 0
0.0024071 0
0.0024128 0
0.0024184 0
0.002424 0
0.0024296 0
0.0024353 0
0.0024409 0
0.0024465 0
0.0024522 0
0.0024578 0
0.0024634 0
0.002469 0
0.0024747 0
0.0024803 0
0.0024859 1e-07
0.0024916 1e-07
0.0024972 2e-07
0.0025028 4e-07
0.0025084 6e-07
0.0025141 9e-07
0.0025197 1.3e-06
0.0025253 2e-06
0.002531 2.9e-06
0.0025366 4e-06
0.0025422 5.1e-06
0.0025478 6.5e-06
0.0025535 8.3e-06
0.0025591 1.02e-05
0.0025647 1.21e-05
0.0025704 1.43e-05
0.002576 1.69e-05
0.0025816 2.03e-05
0.0025872 2.5e-05
0.0025929 3.08e-05
0.0025985 3.79e-05
0.0026041 4.89e-05
0.0026098 6.67e-05
0.0026154 9.09e-05
0.002621 0.0001239
0.0026266 0.0001734
0.0026323 0.00025
0.0026379 0.0003605
0.0026435 0.0005199
0.0026492 0.0007356
0.0026548 0.001017
0.0026604 0.001406
0.002666 0.0019437
0.0026717 0.0025884
0.0026773 0.0032886
0.0026829 0.0041782
0.0026886 0.0053085
0.0026942 0.00663
0.0026998 0.0080993
0.0027054 0.0098941
0.0027111 0.0120867
0.0027167 0.014796
0.0027223 0.018163
0.002728 0.0222962
0.0027336 0.02737
0.0027392 0.0329099
0.0027448 0.0384602
0.0027505 0.0449467
0.0027561 0.052527
0.0027617 0.0571463
0.0027674 0.0561715
0.002773 0.0552133
0.0027786 0.0542715
0.0027842 0.0488694
0.0027899 0.0387097
0.0027955 0.0306621
0.0028011 0.0242875
0.0028068 0.0183888
0.0028124 0.0130053
0.002818 0.0091979
0.0028236 0.0065051
0.0028293 0.0046473
0.0028349 0.0033726
0.0028405 0.0024475
0.0028462 0.0017762
0.0028518 0.0013349
0.0028574 0.0010613
0.002863 0.0008438
0.0028687 0.0006709
0.0028743 0.0005475
0.0028799 0.0004666
0.0028856 0.0003976
0.0028912 0.0003389
0.0028968 0.0002901
0.0029024 0.0002502
0.0029081 0.0002159
0.0029137 0.0001862
0.0029193 0.0001596
0.002925 0.0001352
0.0029306 0.0001145
0.0029362 9.7e-05
0.0029418 8.23e-05
0.0029475 6.98e-05
0.0029531 5.93e-05
0.0029587 5.03e-05
0.0029644 4.35e-05
0.00297 3.88e-05
0.0029756 3.47e-05
0.0029812 3.1e-05
0.0029869 2.85e-05
0.0029925 2.78e-05
0.0029981 2.7e-05
0.0030038 2.63e-05
0.0030094 2.63e-05
0.003015 2.77e-05
0.0030206 2.92e-05
0.0030263 3.07e-05
0.0030319 3.26e-05
0.0030375 3.53e-05
0.0030432 3.83e-05
0.0030488 4.15e-05
0.0030544 4.47e-05
0.00306 4.75e-05
0.0030657 5.05e-05
0.0030713 5.37e-05
0.0030769 5.63e-05
0.0030826 5.75e-05
0.0030882 5.86e-05
0.0030938 5.98e-05
0.0030994 6.03e-05
0.0031051 5.95e-05
0.0031107 5.86e-05
0.0031163 5.78e-05
0.003122 5.66e-05
0.0031276 5.49e-05
0.0031332 5.32e-05
0.0031388 5.15e-05
0.0031445 4.98e-05
0.0031501 4.8e-05
0.0031557 4.62e-05
0.0031614 4.45e-05
0.003167 4.28e-05
0.0031726 4.08e-05
0.0031782 3.88e-05
0.0031839 3.7e-05
0.0031895 3.51e-05
0.0031951 3.26e-05
0.0032008 3.04e-05
0.0032064 2.83e-05
0.003212 2.61e-05
0.0032176 2.36e-05
0.0032233 2.13e-05
0.0032289 1.93e-05
0.0032345 1.74e-05
0.0032402 1.54e-05
0.0032458 1.37e-05
0.0032514 1.22e-05
0.003257 1.08e-05
0.0032627 9.6e-06
0.0032683 8.5e-06
0.0032739 7.5e-06
0.0032795 6.7e-06
0.0032852 6e-06
0.0032908 5.3e-06
0.0032964 4.7e-06
0.0033021 4.2e-06
0.0033077 3.8e-06
0.0033133 3.3e-06
0.0033189 3e-06
0.0033246 2.7e-06
0.0033302 2.3e-06
0.0033358 2.1e-06
0.0033415 1.8e-06
0.0033471 1.6e-06
0.0033527 1.4e-06
0.0033583 1.2e-06
0.003364 1.1e-06
0.0033696 9e-07
0.0033752 8e-07
0.0033809 7e-07
0.0033865 7e-07
0.0033921 6e-07
0.0033977 5e-07
0.0034034 5e-07
0.003409 4e-07
0.0034146 4e-07
0.0034203 4e-07
0.0034259 3e-07
0.0034315 3e-07
0.0034371 3e-07
0.0034428 3e-07
0.0034484 2e-07
0.003454 2e-07
0.0034597 2e-07
0.0034653 2e-07
0.0034709 2e-07
0.0034765 2e-07
0.0034822 2e-07
0.0034878 1e-07
0.0034934 1e-07
0.0034991 1e-07
0.0035047 1e-07
0.0035103 1e-07
0.0035159 1e-07
0.0035216 1e-07
0.0035272 1e-07
0.0035328 1e-07
0.0035385 1e-07
0.0035441 1e-07
0.0035497 1e-07
0.0035553 1e-07
0.003561 1e-07
0.0035666 1e-07
0.0035722 1e-07
0.0035779 1e-07
0.0035835 1e-07
0.0035891 1e-07
0.0035947 1e-07
0.0036004 1e-07
0.003606 1e-07
0.0036116 1e-07
0.0036173 1e-07
0.0036229 1e-07
0.0036285 1e-07
0.0036341 1e-07
0.0036398 1e-07
0.0036454 1e-07
0.003651 1e-07
0.0036567 1e-07
0.0036623 1e-07
0.0036679 1e-07
0.0036735 1e-07
0.0036792 1e-07
0.0036848 1e-07
0.0036904 1e-07
0.0036961 1e-07
0.0037017 1e-07
0.0037073 1e-07
0.0037129 1e-07
0.0037186 1e-07
0.0037242 1e-07
0.0037298 1e-07
0.0037355 1e-07
0.0037411 1e-07
0.0037467 1e-07
0.0037523 1e-07
0.003758 1e-07
0.0037636 1e-07
0.0037692 2e-07
0.0037749 2e-07
0.0037805 2e-07
0.0037861 2e-07
0.0037917 2e-07
0.0037974 2e-07
0.003803 2e-07
0.0038086 2e-07
0.0038143 3e-07
0.0038199 3e-07
0.0038255 3e-07
0.0038311 3e-07
0.0038368 4e-07
0.0038424 4e-07
0.003848 5e-07
0.0038537 6e-07
0.0038593 7e-07
0.0038649 8e-07
0.0038705 1e-06
0.0038762 1.2e-06
0.0038818 1.4e-06
0.0038874 1.6e-06
0.0038931 1.9e-06
0.0038987 2.3e-06
0.0039043 2.7e-06
0.0039099 3.1e-06
0.0039156 3.6e-06
0.0039212 4.1e-06
0.0039268 4.6e-06
0.0039325 5.3e-06
0.0039381 6e-06
0.0039437 6.8e-06
0.0039493 7.7e-06
0.003955 8.8e-06
0.0039606 1.01e-05
0.0039662 1.17e-05
0.0039719 1.36e-05
0.0039775 1.57e-05
0.0039831 1.85e-05
0.0039887 2.19e-05
0.0039944 2.59e-05
0.004 3.07e-05
0.0040056 3.58e-05
0.0040113 4.17e-05
0.0040169 4.87e-05
0.0040225 5.68e-05
0.0040281 6.24e-05
0.0040338 6.86e-05
0.0040394 7.53e-05
0.004045 8.27e-05
0.0040507 8.47e-05
0.0040563 8.66e-05
0.0040619 8.86e-05
0.0040675 9.07e-05
0.0040732 8.94e-05
0.0040788 8.8e-05
0.0040844 8.67e-05
0.0040901 8.54e-05
0.0040957 8.34e-05
0.0041013 8.14e-05
0.0041069 7.95e-05
0.0041126 7.76e-05
0.0041182 7.43e-05
0.0041238 7.11e-05
0.0041295 6.81e-05
0.0041351 6.52e-05
0.0041407 5.95e-05
0.0041463 5.42e-05
0.004152 4.94e-05
0.0041576 4.5e-05
0.0041632 3.91e-05
0.0041689 3.4e-05
0.0041745 2.95e-05
0.0041801 2.56e-05
0.0041857 2.22e-05
0.0041914 1.93e-05
0.004197 1.67e-05
0.0042026 1.45e-05
0.0042083 1.3e-05
0.0042139 1.17e-05
0.0042195 1.06e-05
0.0042251 9.5e-06
0.0042308 8.9e-06
0.0042364 8.3e-06
0.004242 7.8e-06
0.0042477 7.3e-06
0.0042533 6.8e-06
0.0042589 6.5e-06
0.0042645 6.1e-06
0.0042702 5.8e-06
0.0042758 5.5e-06
0.0042814 5.2e-06
0.0042871 4.9e-06
0.0042927 4.6e-06
0.0042983 4.5e-06
0.0043039 4.3e-06
0.0043096 4.2e-06
0.0043152 4.1e-06
0.0043208 4.1e-06
0.0043265 4.2e-06
0.0043321 4.3e-06
0.0043377 4.4e-06
0.0043433 4.8e-06
0.004349 5.1e-06
0.0043546 5.6e-06
0.0043602 6e-06
0.0043659 6.7e-06
0.0043715 7.5e-06
0.0043771 8.4e-06
0.0043827 9.3e-06
0.0043884 1.05e-05
0.004394 1.18e-05
0.0043996 1.32e-05
0.0044053 1.48e-05
0.0044109 1.67e-05
0.0044165 1.88e-05
0.0044221 2.12e-05
0.0044278 2.39e-05
0.0044334 2.75e-05
0.004439 3.18e-05
0.0044447 3.67e-05
0.0044503 4.24e-05
0.0044559 5.09e-05
0.0044615 6.14e-05
0.0044672 7.41e-05
0.0044728 8.94e-05
0.0044784 0.0001115
0.0044841 0.0001398
0.0044897 0.0001752
0.0044953 0.0002197
0.0045009 0.0002786
0.0045066 0.000354
0.0045122 0.0004498
0.0045178 0.0005716
0.0045235 0.0007217
0.0045291 0.00091
0.0045347 0.0011474
0.0045403 0.0014468
0.004546 0.001815
0.0045516 0.0022741
0.0045572 0.0028495
0.0045629 0.0035704
0.0045685 0.0045161
0.0045741 0.0057246
0.0045797 0.0072566
0.0045854 0.0091986
0.004591 0.0118739
0.0045966 0.0153952
0.0046023 0.0199606
0.0046079 0.02588
0.0046135 0.0338984
0.0046191 0.0445167
0.0046248 0.0584609
0.0046304 0.076773
0.004636 0.1001989
0.0046417 0.1305571
0.0046473 0.1701131
0.0046529 0.2216537
0.0046585 0.2845603
0.0046642 0.3638131
0.0046698 0.4651386
0.0046754 0.5946842
0.0046811 0.7542605
0.0046867 0.9544342
0.0046923 1.2077321
0.0046979 1.528253
0.0047036 1.9437689
0.0047092 2.4761115
0.0047148 3.1542473
0.0047205 4.0181052
0.0047261 5.1529384
0.0047317 6.6223171
0.0047373 8.5106943
0.004743 10.9375491
0.0047486 13.9392384
0.0047542 17.715695
0.0047598 22.5152797
0.0047655 28.6151809
0.0047711 35.4427205
0.0047767 43.512602
0.0047824 53.4198985
0.004788 65.5829674
0.0047936 78.3235181
0.0047992 92.6216006
0.0048049 109.5298207
0.0048105 129.5246632
0.0048161 151.2877534
0.0048218 175.8986613
0.0048274 204.5131767
0.004833 237.782591
0.0048386 276.7237049
0.0048443 322.1586138
0.0048499 375.0534219
0.0048555 436.6329605
0.0048612 504.9250777
0.0048668 582.3340454
0.0048724 671.610414
0.004878 774.5735488
0.0048837 865.6996093
0.0048893 955.0197425
0.0048949 1053.555643
0.0049006 1162.2581645
0.0049062 1223.1169175
0.0049118 1261.3187203
0.0049174 1300.7136859
0.0049231 1341.3390807
0.0049287 1340.9068777
0.0049343 1322.03748
0.00494 1303.4336146
0.0049456 1285.091545
0.0049512 1274.3553108
0.0049568 1267.0859341
0.0049625 1259.8580245
0.0049681 1252.6713454
0.0049737 1278.7966637
0.0049794 1322.0133332
0.004985 1366.6905011
0.0049906 1412.8775246
0.0049962 1479.7553843
0.0050019 1559.8007663
0.0050075 1644.1760957
0.0050131 1733.1155954
0.0050188 1798.8663964
0.0050244 1852.4229453
0.00503 1907.5740005
0.0050356 1964.3670343
0.0050413 1968.1592857
0.0050469 1943.5869441
0.0050525 1919.3213866
0.0050582 1895.358783
0.0050638 1854.8383267
0.0050694 1806.2314137
0.005075 1758.8982677
0.0050807 1712.8055092
0.0050863 1703.0089168
0.0050919 1713.2928554
0.0050976 1723.6388955
0.0051032 1734.047412
0.0051088 1797.8975866
0.0051144 1897.1617329
0.0051201 2001.9063754
0.0051257 2112.4340989
0.0051313 2252.5024051
0.005137 2417.040437
0.0051426 2593.5974412
0.0051482 2783.0513647
0.0051538 2937.907313
0.0051595 3069.9973116
0.0051651 3208.0261524
0.0051707 3352.260849
0.0051764 3414.7766823
0.005182 3421.9737549
0.0051876 3429.1859962
0.0051932 3436.4134382
0.0051989 3392.1785558
0.0052045 3315.2672249
0.0052101 3240.0997152
0.0052158 3166.6364887
0.0052214 3084.1302981
0.005227 2996.6654747
0.0052326 2911.681122
0.0052383 2829.106895
0.0052439 2736.151186
0.0052495 2637.6072184
0.0052552 2542.6123652
0.0052608 2451.0388031
0.0052664 2331.937373
0.005272 2197.5344799
0.0052777 2070.8779944
0.0052833 1951.5214469
0.0052889 1813.5373825
0.0052946 1667.7481674
0.0053002 1533.6788624
0.0053058 1410.3873109
0.0053114 1294.4160325
0.0053171 1186.1449363
0.0053227 1086.930148
0.0053283 996.0141552
0.005334 922.1566561
0.0053396 860.8194273
0.0053452 803.5620428
0.0053508 750.113132
0.0053565 706.1388438
0.0053621 669.357833
0.0053677 634.4926533
0.0053734 601.4435139
0.005379 567.6487053
0.0053846 533.7879476
0.0053902 501.9470146
0.0053959 472.0054221
0.0054015 438.5743316
0.0054071 403.2782473
0.0054128 370.8227614
0.0054184 340.9792651
0.005424 311.5644953
0.0054296 283.0743482
0.0054353 257.1894032
0.0054409 233.6714348
0.0054465 213.199487
0.0054522 195.2819931
0.0054578 178.8703029
0.0054634 163.8378673
0.005469 150.8013619
0.0054747 139.4497917
0.0054803 128.9527107
0.0054859 119.2457973
0.0054916 109.3698523
0.0054972 99.5055289
0.0055028 90.5308919
0.0055084 82.3656985
0.0055141 73.2935747
0.0055197 63.7689758
0.0055253 55.4821114
0.005531 48.2721362
0.0055366 41.1268112
0.0055422 34.278187
0.0055478 28.5700269
0.0055535 23.8124157
0.0055591 19.7720086
0.0055647 16.3502389
0.0055704 13.5206451
0.005576 11.1807445
0.0055816 9.3684117
0.0055872 7.9656076
0.0055929 6.7728562
0.0055985 5.7587046
0.0056041 4.9680098
0.0056098 4.3577266
0.0056154 3.8224122
0.005621 3.3528572
0.0056266 2.9458099
0.0056323 2.5931936
0.0056379 2.2827857
0.0056435 2.009534
0.0056492 1.7487942
0.0056548 1.500772
0.0056604 1.2879255
0.005666 1.1052658
0.0056717 0.9355332
0.0056773 0.7782998
0.0056829 0.6474923
0.0056886 0.5386694
0.0056942 0.4455294
0.0056998 0.3657248
0.0057054 0.300215
0.0057111 0.2464395
0.0057167 0.2028867
0.0057223 0.167681
0.005728 0.1385843
0.0057336 0.1145366
0.0057392 0.0950134
0.0057448 0.0792208
0.0057505 0.0660532
0.0057561 0.0550743
0.0057617 0.0457786
0.0057674 0.0378856
0.005773 0.0313534
0.0057786 0.0259476
0.0057842 0.0212631
0.0057899 0.0171748
0.0057955 0.0138726
0.0058011 0.0112053
0.0058068 0.008948
0.0058124 0.0070232
0.005818 0.0055125
0.0058236 0.0043267
0.0058293 0.0033659
0.0058349 0.0025824
0.0058405 0.0019813
0.0058462 0.0015201
0.0058518 0.0011597
0.0058574 0.0008768
0.005863 0.0006629
0.0058687 0.0005012
0.0058743 0.0003776
0.0058799 0.0002828
0.0058856 0.0002119
0.0058912 0.0001587
0.0058968 0.0001186
0.0059024 8.83e-05
0.0059081 6.57e-05
0.0059137 4.89e-05
0.0059193 3.63e-05
0.005925 2.7e-05
0.0059306 2e-05
0.0059362 1.48e-05
0.0059418 1.1e-05
0.0059475 8.2e-06
0.0059531 6e-06
0.0059587 4.5e-06
0.0059644 3.3e-06
0.00597 2.5e-06
0.0059756 1.8e-06
0.0059812 1.4e-06
0.0059869 1e-06
0.0059925 8e-07
0.0059981 6e-07
0.0060038 4e-07
0.0060094 3e-07
0.006015 2e-07
0.0060206 2e-07
0.0060263 1e-07
0.0060319 1e-07
0.0060375 1e-07
0.0060432 1e-07
0.0060488 0
0.0060544 0
0.00606 0
0.0060657 0
0.0060713 0
0.0060769 0
0.0060826 0
0.0060882 0
0.0060938 0
0.0060994 0
0.0061051 0
0.0061107 0
0.0061163 0
0.006122 0
0.0061276 0
0.0061332 0
0.0061388 0
0.0061445 0
0.0061501 0
0.0061557 0
0.0061614 0
0.006167 0
0.0061726 0
0.0061782 0
0.0061839 0
0.0061895 0
0.0061951 0
0.0062008 0
0.0062064 0
0.006212 0
0.0062176 0
0.0062233 0
0.0062289 0
0.0062345 0
0.0062402 0
0.0062458 0
0.0062514 0
0.006257 0
0.0062627 0
0.0062683 0
0.0062739 0
0.0062795 0
0.0062852 0
0.0062908 0
0.0062964 0
0.0063021 0
0.0063077 0
0.0063133 0
0.0063189 0
0.0063246 0
0.0063302 0
0.0063358 0
0.0063415 0
0.0063471 0
0.0063527 0
0.0063583 0
0.006364 0
0.0063696 0
0.0063752 0
0.0063809 0
0.0063865 0
0.0063921 0
0.0063977 0
0.0064034 0
0.006409 0
0.0064146 0
0.0064203 0
0.0064259 0
0.0064315 0
0.0064371 0
0.0064428 0
0.0064484 0
0.006454 0
0.0064597 0
0.0064653 0
0.0064709 0
0.0064765 0
0.0064822 0
0.0064878 0
0.0064934 0
0.0064991 0
0.0065047 0
0.0065103 0
0.0065159 0
0.0065216 0
0.0065272 0
0.0065328 0
0.0065385 0
0.0065441 0
0.0065497 0
0.0065553 0
0.006561 0
0.0065666 0
0.0065722 0
0.0065779 0
0.0065835 0
0.0065891 0
0.0065947 0
0.0066004 0
0.006606 0
0.0066116 0
0.0066173 0
0.0066229 0
0.0066285 0
0.0066341 0
0.0066398 0
0.0066454 0
0.006651 0
0.0066567 0
0.0066623 0
0.0066679 0
0.0066735 0
0.0066792 0
0.0066848 0
0.0066904 0
0.0066961 0
0.0067017 0
0.0067073 0
0.0067129 0
0.0067186 0
0.0067242 0
0.0067298 0
0.0067355 0
0.0067411 0
0.0067467 0
0.0067523 0
0.006758 0
0.0067636 0
0.0067692 0
0.0067749 0
0.0067805 0
0.0067861 0
0.0067917 0
0.0067974 0
0.006803 0
0.0068086 0
0.0068143 0
0.0068199 0
0.0068255 0
0.0068311 0
0.0068368 0
0.0068424 0
0.006848 0
0.0068537 0
0.0068593 0
0.0068649 0
0.0068705 0
0.0068762 0
0.0068818 0
0.0068874 0
0.0068931 0
0.0068987 0
0.0069043 0
0.0069099 0
0.0069156 0
0.0069212 0
0.0069268 0
0.0069325 0
0.0069381 0
0.0069437 0
0.0069493 0
0.006955 0
0.0069606 0
0.0069662 0
0.0069719 0
0.0069775 0
0.0069831 0
0.0069887 0
0.0069944 0
0.007 0
0.0070056 0
0.0070113 0
0.0070169 0
0.0070225 0
0.0070281 0
0.0070338 0
0.0070394 0
0.007045 0
0.0070507 0
0.0070563 0
0.0070619 0
0.0070675 0
0.0070732 0
0.0070788 0
0.0070844 0
0.0070901 0
0.0070957 0
0.0071013 0
0.0071069 0
0.0071126 0
0.0071182 0
0.0071238 0
0.0071295 0
0.0071351 0
0.0071407 0
0.0071463 0
0.007152 0
0.0071576 0
0.0071632 0
0.0071689 0
0.0071745 0
0.0071801 0
0.0071857 0
0.0071914 0
0.007197 0
0.0072026 0
0.0072083 0
0.0072139 0
0.0072195 0
0.0072251 0
0.0072308 0
0.0072364 0
0.007242 0
0.0072477 0
0.0072533 0
0.0072589 0
0.0072645 0
0.0072702 0
0.0072758 0
0.0072814 0
0.0072871 0
0.0072927 0
0.0072983 0
0.0073039 0
0.0073096 0
0.0073152 0
0.0073208 0
0.0073265 0
0.0073321 0
0.0073377 0
0.0073433 0
0.007349 0
0.0073546 0
0.0073602 0
0.0073659 0
0.0073715 0
0.0073771 0
0.0073827 0
0.0073884 0
0.007394 0
0.0073996 0
0.0074053 0
0.0074109 0
0.0074165 0
0.0074221 0
0.0074278 0
0.0074334 0
0.007439 0
0.0074447 0
0.0074503 0
0.0074559 0
0.0074615 0
0.0074672 0
0.0074728 0
0.0074784 0
0.0074841 0
0.0074897 0
0.0074953 0
0.0075009 0
0.0075066 0
0.0075122 0
0.0075178 0
0.0075235 0
0.0075291 0
0.0075347 0
0.0075403 0
0.007546 0
0.0075516 0
0.0075572 0
0.0075629 0
0.0075685 0
0.0075741 0
0.0075797 0
0.0075854 0
0.007591 0
0.0075966 0
0.0076023 0
0.0076079 0
0.0076135 0
0.0076191 0
0.0076248 0
0.0076304 0
0.007636 0
0.0076417 0
0.0076473 0
0.0076529 0
0.0076585 0
0.0076642 0
0.0076698 0
0.0076754 0
0.0076811 0
0.0076867 0
0.0076923 0
0.0076979 0
0.0077036 0
0.0077092 0
0.0077148 0
0.0077205 0
0.0077261 0
0.0077317 0
0.0077373 0
0.007743 0
0.0077486 0
0.0077542 0
0.0077598 0
0.0077655 0
0.0077711 0
0.0077767 0
0.0077824 0
0.007788 0
0.0077936 0
0.0077992 0
0.0078049 0
0.0078105 0
0.0078161 0
0.0078218 0
0.0078274 0
0.007833 0
0.0078386 0
0.0078443 0
0.0078499 0
0.0078555 0
0.0078612 0
0.0078668 0
0.0078724 0
0.007878 0
0.0078837 0
0.0078893 0
0.0078949 0
0.0079006 0
0.0079062 0
0.0079118 0
0.0079174 0
0.0079231 0
0.0079287 0
0.0079343 0
0.00794 0
0.0079456 0
0.0079512 0
0.0079568 0
0.0079625 0
0.0079681 0
0.0079737 0
0.0079794 0
0.007985 0
0.0079906 0
0.0079962 0
0.0080019 0
0.0080075 0
0.0080131 0
0.0080188 0
0.0080244 0
0.00803 0
0.0080356 0
0.0080413 0
0.0080469 0
0.0080525 0
0.0080582 0
0.0080638 0
0.0080694 0
0.008075 0
0.0080807 0
0.0080863 0
0.0080919 0
0.0080976 0
0.0081032 0
0.0081088 0
0.0081144 0
0.0081201 0
0.0081257 0
0.0081313 0
0.008137 0
0.0081426 0
0.0081482 0
0.0081538 0
0.0081595 0
0.0081651 0
0.0081707 0
0.0081764 0
0.008182 0
0.0081876 0
0.0081932 0
0.0081989 0
0.0082045 0
0.0082101 0
0.0082158 0
0.0082214 0
0.008227 0
0.0082326 0
0.0082383 0
0.0082439 0
0.0082495 0
0.0082552 0
0.0082608 0
0.0082664 0
0.008272 0
0.0082777 0
0.0082833 0
0.0082889 0
0.0082946 0
0.0083002 0
0.0083058 0
0.0083114 0
0.0083171 0
0.0083227 0
0.0083283 0
0.008334 0
0.0083396 0
0.0083452 0
0.0083508 0
0.0083565 0
0.0083621 0
0.0083677 0
0.0083734 0
0.008379 0
0.0083846 0
0.0083902 0
0.0083959 0
0.0084015 0
0.0084071 0
0.0084128 0
0.0084184 0
0.008424 0
0.0084296 0
0.0084353 0
0.0084409 0
0.0084465 0
0.0084522 0
0.0084578 0
0.0084634 0
0.008469 0
0.0084747 0
0.0084803 0
0.0084859 0
0.0084916 0
0.0084972 0
0.0085028 0
0.0085084 0
0.0085141 0
0.0085197 0
0.0085253 0
0.008531 0
0.0085366 0
0.0085422 0
0.0085478 0
0.0085535 0
0.0085591 0
0.0085647 0
0.0085704 0
0.008576 0
0.0085816 0
0.0085872 0
0.0085929 0
0.0085985 0
0.0086041 0
0.0086098 0
0.0086154 0
0.008621 0
0.0086266 0
0.0086323 0
0.0086379 0
0.0086435 0
0.0086492 0
0.0086548 0
0.0086604 0
0.008666 0
0.0086717 0
0.0086773 0
0.0086829 0
0.0086886 0
0.0086942 0
0.0086998 0
0.0087054 0
0.0087111 0
0.0087167 0
0.0087223 0
0.008728 0
0.0087336 0
0.0087392 0
0.0087448 0
0.0087505 0
0.0087561 0
0.0087617 0
0.0087674 0
0.008773 0
0.0087786 0
0.0087842 0
0.0087899 0
0.0087955 0
0.0088011 0
0.0088068 0
0.0088124 0
0.008818 0
0.0088236 0
0.0088293 0
0.0088349 0
0.0088405 0
0.0088462 0
0.0088518 0
0.0088574 0
0.008863 0
0.0088687 0
0.0088743 0
0.0088799 0
0.0088856 0
0.0088912 0
0.0088968 0
0.0089024 0
0.0089081 0
0.0089137 0
0.0089193 0
0.008925 0
0.0089306 0
0.0089362 0
0.0089418 0
0.0089475 0
0.0089531 0
0.0089587 0
0.0089644 0
0.00897 0
0.0089756 0
0.0089812 0
0.0089869 0
0.0089925 0
0.0089981 0
0.0090038 0
0.0090094 0
0.009015 0
0.0090206 0
0.0090263 0
0.0090319 0
0.0090375 0
0.0090432 0
0.0090488 0
0.0090544 0
0.00906 0
0.0090657 0
0.0090713 0
0.0090769 0
0.0090826 0
0.0090882 0
0.0090938 0
0.0090994 0
0.0091051 0
0.0091107 0
0.0091163 0
0.009122 0
0.0091276 0
0.0091332 0
0.0091388 0
0.0091445 0
0.0091501 0
0.0091557 0
0.0091614 0
0.009167 0
0.0091726 0
0.0091782 0
0.0091839 0
0.0091895 0
0.0091951 0
0.0092008 0
0.0092064 0
0.009212 0
0.0092176 0
0.0092233 0
0.0092289 0
0.0092345 0
0.0092402 0
0.0092458 0
0.0092514 0
0.009257 0
0.0092627 0
0.0092683 0
0.0092739 0
0.0092795 0
0.0092852 0
0.0092908 0
0.0092964 0
0.0093021 0
0.0093077 0
0.0093133 0
0.0093189 0
0.0093246 0
0.0093302 0
0.0093358 0
0.0093415 0
0.0093471 0
0.0093527 0
0.0093583 0
0.009364 0
0.0093696 0
0.0093752 0
0.0093809 0
0.0093865 0
0.0093921 0
0.0093977 0
0.0094034 0
0.009409 0
0.0094146 0
0.0094203 0
0.0094259 0
0.0094315 0
0.0094371 0
0.0094428 0
0.0094484 0
0.009454 0
0.0094597 0
0.0094653 0
0.0094709 0
0.0094765 0
0.0094822 0
0.0094878 0
0.0094934 0
0.0094991 0
0.0095047 0
0.0095103 0
0.0095159 0
0.0095216 0
0.0095272 0
0.0095328 0
0.0095385 0
0.0095441 0
0.0095497 0
0.0095553 0
0.009561 0
0.0095666 0
0.0095722 0
0.0095779 0
0.0095835 0
0.0095891 0
0.0095947 0
0.0096004 0
0.009606 0
0.0096116 0
0.0096173 0
0.0096229 0
0.0096285 0
0.0096341 0
0.0096398 0
0.0096454 0
0.009651 0
0.0096567 0
0.0096623 0
0.0096679 0
0.0096735 0
0.0096792 0
0.0096848 0
0.0096904 0
0.0096961 0
0.0097017 0
0.0097073 0
0.0097129 0
0.0097186 0
0.0097242 0
0.0097298 0
0.0097355 0
0.0097411 0
0.0097467 0
0.0097523 0
0.009758 0
0.0097636 0
0.0097692 0
0.0097749 0
0.0097805 0
0.0097861 0
0.0097917 0
0.0097974 0
0.009803 0
0.0098086 0
0.0098143 0
0.0098199 0
0.0098255 0
0.0098311 0
0.0098368 0
0.0098424 0
0.009848 0
0.0098537 0
0.0098593 0
0.0098649 0
0.0098705 0
0.0098762 0
0.0098818 0
0.0098874 0
0.0098931 0
0.0098987 0
0.0099043 0
0.0099099 0
0.0099156 0
0.0099212 0
0.0099268 0
0.0099325 0
0.0099381 0
0.0099437 0
0.0099493 0
0.009955 0
0.0099606 0
0.0099662 0
0.0099719 0
0.0099775 0
0.0099831 0
0.0099887 0
0.0099944 0
0.01 0
