0.001 0
0.0010056 0
0.0010113 0
0.0010169 0
0.0010225 0
0.0010281 0
0.0010338 0
0.0010394 0
0.001045 0
0.0010507 0
0.0010563 0
0.0010619 0
0.0010675 0
0.0010732 0
0.0010788 0
0.0010844 0
0.0010901 0
0.0010957 0
0.0011013 0
0.0011069 0
0.0011126 0
0.0011182 0
0.0011238 0
0.0011295 0
0.0011351 0
0.0011407 0
0.0011463 0
0.001152 0
0.0011576 0
0.0011632 0
0.0011689 0
0.0011745 0
0.0011801 0
0.0011857 0
0.0011914 0
0.001197 0
0.0012026 0
0.0012083 0
0.0012139 0
0.0012195 0
0.0012251 0
0.0012308 0
0.0012364 0
0.001242 0
0.0012477 0
0.0012533 0
0.0012589 0
0.0012645 0
0.0012702 0
0.0012758 0
0.0012814 0
0.0012871 0
0.0012927 0
0.0012983 0
0.0013039 0
0.0013096 0
0.0013152 0
0.0013208 0
0.0013265 0
0.0013321 0
0.0013377 0
0.0013433 0
0.001349 0
0.0013546 0
0.0013602 0
0.0013659 0
0.0013715 0
0.0013771 0
0.0013827 0
0.0013884 0
0.001394 0
0.0013996 0
0.0014053 0
0.0014109 0
0.0014165 0
0.0014221 0
0.0014278 0
0.0014334 0
0.001439 0
0.0014447 0
0.0014503 0
0.0014559 0
0.0014615 0
0.0014672 0
0.0014728 0
0.0014784 0
0.0014841 0
0.0014897 0
0.0014953 0
0.0015009 0
0.0015066 0
0.0015122 0
0.0015178 0
0.0015235 0
0.0015291 0
0.0015347 0
0.0015403 0
0.001546 0
0.0015516 0
0.0015572 0
0.0015629 0
0.0015685 0
0.0015741 0
0.0015797 0
0.0015854 0
0.001591 0
0.0015966 0
0.0016023 0
0.0016079 0
0.0016135 0
0.0016191 0
0.0016248 0
0.0016304 0
0.001636 0
0.0016417 0
0.0016473 0
0.0016529 0
0.0016585 0
0.0016642 0
0.0016698 0
0.0016754 0
0.0016811 0
0.0016867 0
0.0016923 0
0.0016979 0
0.0017036 0
0.0017092 0
0.0017148 0
0.0017205 0
0.0017261 0
0.0017317 0
0.0017373 0
0.001743 0
0.0017486 0
0.0017542 0
0.0017598 0
0.0017655 0
0.0017711 0
0.0017767 0
0.0017824 0
0.001788 0
0.0017936 0
0.0017992 0
0.0018049 0
0.0018105 0
0.0018161 0
0.0018218 0
0.0018274 0
0.001833 0
0.0018386 0
0.0018443 0
0.0018499 0
0.0018555 0
0.0018612 0
0.0018668 0
0.0018724 0
0.001878 0
0.0018837 0
0.0018893 0
0.0018949 0
0.0019006 0
0.0019062 0
0.0019118 0
0.0019174 0
0.0019231 0
0.0019287 0
0.0019343 0
0.00194 0
0.0019456 0
0.0019512 0
0.0019568 0
0.0019625 0
0.0019681 0
0.0019737 0
0.0019794 0
0.001985 0
0.0019906 0
0.0019962 0
0.0020019 0
0.0020075 0
0.0020131 0
0.0020188 0
0.0020244 0
0.00203 0
0.0020356 0
0.0020413 0
0.0020469 0
0.0020525 0
0.0020582 0
0.0020638 0
0.0020694 0
0.002075 0
0.0020807 0
0.0020863 0
0.0020919 0
0.0020976 0
0.0021032 0
0.0021088 0
0.0021144 0
0.0021201 0
0.0021257 0
0.0021313 0
0.002137 0
0.0021426 0
0.0021482 0
0.0021538 0
0.0021595 0
0.0021651 0
0.0021707 0
0.0021764 0
0.002182 0
0.0021876 0
0.0021932 0
0.0021989 0
0.0022045 0
0.0022101 0
0.0022158 0
0.0022214 0
0.002227 0
0.0022326 0
0.0022383 0
0.0022439 0
0.0022495 0
0.0022552 0
0.0022608 0
0.0022664 0
0.002272 0
0.0022777 0
0.0022833 0
0.0022889 0
0.0022946 0
0.0023002 0
0.0023058 0
0.0023114 0
0.0023171 0
0.0023227 0
0.0023283 0
0.002334 0
0.0023396 0
0.0023452 0
0.0023508 0
0.0023565 0
0.0023621 0
0.0023677 0
0.0023734 0
0.002379 0
0.0023846 0
0.0023902 0
0.0023959 0
0.0024015 0
0.0024071 0
0.0024128 0
0.0024184 0
0.002424 0
0.0024296 0
0.0024353 0
0.0024409 0
0.0024465 0
0.0024522 0
0.0024578 0
0.0024634 0
0.002469 0
0.0024747 0
0.0024803 0
0.0024859 0
0.0024916 0
0.0024972 0
0.0025028 0
0.0025084 0
0.0025141 0
0.0025197 0
0.0025253 0
0.002531 0
0.0025366 0
0.0025422 0
0.0025478 0
0.0025535 0
0.0025591 0
0.0025647 0
0.0025704 0
0.002576 0
0.0025816 0
0.0025872 0
0.0025929 0
0.0025985 0
0.0026041 0
0.0026098 0
0.0026154 0
0.002621 0
0.0026266 0
0.0026323 0
0.0026379 0
0.0026435 0
0.0026492 0
0.0026548 0
0.0026604 0
0.002666 0
0.0026717 0
0.0026773 0
0.0026829 0
0.0026886 0
0.0026942 0
0.0026998 0
0.0027054 0
0.0027111 0
0.0027167 0
0.0027223 0
0.002728 0
0.0027336 0
0.0027392 0
0.0027448 0
0.0027505 0
0.0027561 0
0.0027617 0
0.0027674 0
0.002773 0
0.0027786 0
0.0027842 0
0.0027899 0
0.0027955 0
0.0028011 0
0.0028068 0
0.0028124 0
0.002818 0
0.0028236 0
0.0028293 0
0.0028349 0
0.0028405 0
0.0028462 0
0.0028518 0
0.0028574 0
0.002863 0
0.0028687 0
0.0028743 0
0.0028799 0
0.0028856 0
0.0028912 0
0.0028968 0
0.0029024 0
0.0029081 0
0.0029137 0
0.0029193 0
0.002925 0
0.0029306 0
0.0029362 0
0.0029418 0
0.0029475 0
0.0029531 0
0.0029587 0
0.0029644 0
0.00297 0
0.0029756 0
0.0029812 0
0.0029869 0
0.0029925 0
0.0029981 0
0.0030038 0
0.0030094 0
0.003015 0
0.0030206 0
0.0030263 0
0.0030319 0
0.0030375 0
0.0030432 0
0.0030488 0
0.0030544 0
0.00306 0
0.0030657 0
0.0030713 0
0.0030769 0
0.0030826 0
0.0030882 0
0.0030938 0
0.0030994 0
0.0031051 0
0.0031107 0
0.0031163 0
0.003122 0
0.0031276 0
0.0031332 0
0.0031388 0
0.0031445 0
0.0031501 0
0.0031557 0
0.0031614 0
0.003167 0
0.0031726 0
0.0031782 0
0.0031839 0
0.0031895 0
0.0031951 0
0.0032008 0
0.0032064 0
0.003212 0
0.0032176 0
0.0032233 0
0.0032289 0
0.0032345 0
0.0032402 0
0.0032458 0
0.0032514 0
0.003257 0
0.0032627 0
0.0032683 0
0.0032739 0
0.0032795 0
0.0032852 0
0.0032908 0
0.0032964 0
0.0033021 0
0.0033077 0
0.0033133 0
0.0033189 0
0.0033246 0
0.0033302 0
0.0033358 0
0.0033415 0
0.0033471 0
0.0033527 0
0.0033583 0
0.003364 0
0.0033696 0
0.0033752 0
0.0033809 0
0.0033865 0
0.0033921 0
0.0033977 0
0.0034034 0
0.003409 0
0.0034146 0
0.0034203 0
0.0034259 0
0.0034315 0
0.0034371 0
0.0034428 0
0.0034484 0
0.003454 0
0.0034597 0
0.0034653 0
0.0034709 0
0.0034765 0
0.0034822 0
0.0034878 0
0.0034934 0
0.0034991 0
0.0035047 0
0.0035103 0
0.0035159 0
0.0035216 0
0.0035272 0
0.0035328 0
0.0035385 0
0.0035441 0
0.0035497 0
0.0035553 0
0.003561 0
0.0035666 0
0.0035722 0
0.0035779 0
0.0035835 0
0.0035891 0
0.0035947 0
0.0036004 0
0.003606 0
0.0036116 0
0.0036173 0
0.0036229 0
0.0036285 0
0.0036341 0
0.0036398 0
0.0036454 0
0.003651 0
0.0036567 0
0.0036623 0
0.0036679 0
0.0036735 0
0.0036792 0
0.0036848 0
0.0036904 0
0.0036961 0
0.0037017 0
0.0037073 0
0.0037129 0
0.0037186 0
0.0037242 0
0.0037298 0
0.0037355 0
0.0037411 0
0.0037467 0
0.0037523 0
0.003758 0
0.0037636 0
0.0037692 0
0.0037749 0
0.0037805 0
0.0037861 0
0.0037917 0
0.0037974 0
0.003803 0
0.0038086 0
0.0038143 0
0.0038199 0
0.0038255 0
0.0038311 0
0.0038368 0
0.0038424 0
0.003848 0
0.0038537 0
0.0038593 0
0.0038649 0
0.0038705 0
0.0038762 0
0.0038818 0
0.0038874 0
0.0038931 0
0.0038987 0
0.0039043 0
0.0039099 0
0.0039156 0
0.0039212 0
0.0039268 0
0.0039325 0
0.0039381 0
0.0039437 0
0.0039493 0
0.003955 0
0.0039606 0
0.0039662 0
0.0039719 0
0.0039775 0
0.0039831 0
0.0039887 0
0.0039944 0
0.004 0
0.0040056 0
0.0040113 0
0.0040169 0
0.0040225 0
0.0040281 0
0.0040338 0
0.0040394 0
0.004045 0
0.0040507 0
0.0040563 0
0.0040619 0
0.0040675 0
0.0040732 0
0.0040788 0
0.0040844 0
0.0040901 0
0.0040957 0
0.0041013 0
0.0041069 0
0.0041126 0
0.0041182 0
0.0041238 1e-07
0.0041295 1e-07
0.0041351 2e-07
0.0041407 3e-07
0.0041463 5e-07
0.004152 8e-07
0.0041576 1.2e-06
0.0041632 1.7e-06
0.0041689 2.3e-06
0.0041745 3.2e-06
0.0041801 4.5e-06
0.0041857 5.7e-06
0.0041914 7.1e-06
0.004197 9e-06
0.0042026 1.13e-05
0.0042083 1.38e-05
0.0042139 1.68e-05
0.0042195 2.04e-05
0.0042251 2.49e-05
0.0042308 2.96e-05
0.0042364 3.51e-05
0.004242 4.17e-05
0.0042477 4.94e-05
0.0042533 5.48e-05
0.0042589 6.03e-05
0.0042645 6.64e-05
0.0042702 7.32e-05
0.0042758 7.33e-05
0.0042814 7.27e-05
0.0042871 7.21e-05
0.0042927 7.15e-05
0.0042983 6.67e-05
0.0043039 6.19e-05
0.0043096 5.74e-05
0.0043152 5.33e-05
0.0043208 4.92e-05
0.0043265 4.54e-05
0.0043321 4.2e-05
0.0043377 3.87e-05
0.0043433 3.61e-05
0.004349 3.36e-05
0.0043546 3.14e-05
0.0043602 2.92e-05
0.0043659 2.67e-05
0.0043715 2.42e-05
0.0043771 2.2e-05
0.0043827 2e-05
0.0043884 1.74e-05
0.004394 1.51e-05
0.0043996 1.31e-05
0.0044053 1.13e-05
0.0044109 9.6e-06
0.0044165 8.1e-06
0.0044221 6.8e-06
0.0044278 5.7e-06
0.0044334 4.9e-06
0.004439 4.2e-06
0.0044447 3.6e-06
0.0044503 3e-06
0.0044559 2.7e-06
0.0044615 2.3e-06
0.0044672 2.1e-06
0.0044728 1.8e-06
0.0044784 1.6e-06
0.0044841 1.5e-06
0.0044897 1.3e-06
0.0044953 1.2e-06
0.0045009 1.1e-06
0.0045066 1e-06
0.0045122 9e-07
0.0045178 8e-07
0.0045235 8e-07
0.0045291 7e-07
0.0045347 7e-07
0.0045403 6e-07
0.004546 6e-07
0.0045516 6e-07
0.0045572 6e-07
0.0045629 6e-07
0.0045685 6e-07
0.0045741 6e-07
0.0045797 6e-07
0.0045854 6e-07
0.004591 6e-07
0.0045966 6e-07
0.0046023 6e-07
0.0046079 6e-07
0.0046135 7e-07
0.0046191 8e-07
0.0046248 8e-07
0.0046304 9e-07
0.004636 1e-06
0.0046417 1.1e-06
0.0046473 1.2e-06
0.0046529 1.3e-06
0.0046585 1.5e-06
0.0046642 1.7e-06
0.0046698 1.9e-06
0.0046754 2.2e-06
0.0046811 2.5e-06
0.0046867 2.9e-06
0.0046923 3.3e-06
0.0046979 3.7e-06
0.0047036 4.3e-06
0.0047092 5e-06
0.0047148 5.8e-06
0.0047205 6.7e-06
0.0047261 7.8e-06
0.0047317 9.2e-06
0.0047373 1.08e-05
0.004743 1.26e-05
0.0047486 1.49e-05
0.0047542 1.78e-05
0.0047598 2.11e-05
0.0047655 2.51e-05
0.0047711 2.98e-05
0.0047767 3.55e-05
0.0047824 4.22e-05
0.004788 5.02e-05
0.0047936 5.9e-05
0.0047992 6.9e-05
0.0048049 8.08e-05
0.0048105 9.46e-05
0.0048161 0.0001093
0.0048218 0.0001256
0.0048274 0.0001445
0.004833 0.0001661
0.0048386 0.0001908
0.0048443 0.000219
0.0048499 0.0002513
0.0048555 0.0002885
0.0048612 0.000334
0.0048668 0.0003881
0.0048724 0.000451
0.004878 0.000524
0.0048837 0.0006104
0.0048893 0.0007116
0.0048949 0.0008295
0.0049006 0.0009671
0.0049062 0.0011101
0.0049118 0.0012657
0.0049174 0.0014432
0.0049231 0.0016455
0.0049287 0.0018319
0.0049343 0.0020178
0.00494 0.0022225
0.0049456 0.002448
0.0049512 0.0026672
0.0049568 0.0028916
0.0049625 0.0031349
0.0049681 0.0033987
0.0049737 0.0037202
0.0049794 0.004091
0.004985 0.0044987
0.0049906 0.004947
0.0049962 0.0055159
0.0050019 0.0061926
0.0050075 0.0069523
0.0050131 0.0078052
0.0050188 0.0087289
0.0050244 0.0097427
0.00503 0.0108742
0.0050356 0.0121372
0.0050413 0.0132238
0.0050469 0.014225
0.0050525 0.0153021
0.0050582 0.0164607
0.0050638 0.0173053
0.0050694 0.0179664
0.005075 0.0186528
0.0050807 0.0193654
0.0050863 0.0200642
0.0050919 0.0207642
0.0050976 0.0214887
0.0051032 0.0222384
0.0051088 0.023331
0.0051144 0.0246731
0.0051201 0.0260925
0.0051257 0.0275935
0.0051313 0.0293858
0.005137 0.0314266
0.0051426 0.0336092
0.0051482 0.0359434
0.0051538 0.0379279
0.0051595 0.0396898
0.0051651 0.0415336
0.0051707 0.043463
0.0051764 0.0444179
0.005182 0.044709
0.0051876 0.0450019
0.0051932 0.0452968
0.0051989 0.044946
0.0052045 0.0441771
0.0052101 0.0434214
0.0052158 0.0426787
0.0052214 0.0419597
0.005227 0.0412604
0.0052326 0.0405727
0.0052383 0.0398965
0.0052439 0.0393968
0.0052495 0.0390189
0.0052552 0.0386446
0.0052608 0.0382739
0.0052664 0.0379044
0.005272 0.0375368
0.0052777 0.0371727
0.0052833 0.0368122
0.0052889 0.0365541
0.0052946 0.0363716
0.0053002 0.0361901
0.0053058 0.0360094
0.0053114 0.0364059
0.0053171 0.0372636
0.0053227 0.0381416
0.0053283 0.0390403
0.005334 0.0411037
0.0053396 0.0442606
0.0053452 0.04766
0.0053508 0.0513205
0.0053565 0.0572283
0.0053621 0.0656763
0.0053677 0.0753715
0.0053734 0.0864979
0.005379 0.1034433
0.0053846 0.128104
0.0053902 0.1586438
0.0053959 0.1964643
0.0054015 0.2547866
0.0054071 0.3440035
0.0054128 0.4644609
0.0054184 0.627098
0.005424 0.8832058
0.0054296 1.2920956
0.0054353 1.8902854
0.0054409 2.7654136
0.0054465 4.1455961
0.0054522 6.3568262
0.0054578 9.74751
0.0054634 14.9467593
0.005469 22.8165597
0.0054747 34.6807987
0.0054803 52.7142486
0.0054859 80.1247982
0.0054916 118.2165888
0.0054972 169.3773723
0.0055028 242.6790903
0.0055084 347.7037107
0.0055141 481.0418752
0.0055197 642.2774559
0.0055253 857.5559667
0.005531 1144.991513
0.0055366 1486.087572
0.0055422 1872.4976986
0.0055478 2359.3815716
0.0055535 2972.8642149
0.0055591 3629.747959
0.0055647 4283.8472249
0.0055704 5055.8185453
0.005576 5966.9030713
0.0055816 6756.5281107
0.0055872 7306.631309
0.0055929 7901.5228252
0.0055985 8544.8492358
0.0056041 8880.0315805
0.0056098 8817.2310482
0.0056154 8754.8746479
0.005621 8692.9592388
0.0056266 8416.9953332
0.0056323 7911.2952092
0.0056379 7435.9779718
0.0056435 6989.2181918
0.0056492 6464.8908759
0.0056548 5864.4643231
0.0056604 5319.8023689
0.005666 4825.725878
0.0056717 4288.419127
0.0056773 3713.8831274
0.0056829 3216.3199249
0.0056886 2785.4171777
0.0056942 2355.3873038
0.0056998 1931.2533235
0.0057054 1583.4930389
0.0057111 1298.3538585
0.0057167 1049.7736998
0.0057223 833.1040345
0.005728 661.1542396
0.0057336 524.6942884
0.0057392 416.4259382
0.0057448 330.5274653
0.0057505 262.3477437
0.0057561 208.231829
0.0057617 165.754331
0.0057674 132.4806755
0.005773 105.8863999
0.0057786 84.6306803
0.0057842 67.306428
0.0057899 53.1406433
0.0057955 41.9562893
0.0058011 33.1258733
0.0058068 25.954002
0.0058124 20.1006446
0.005818 15.5673839
0.0058236 12.056501
0.0058293 9.3504565
0.0058349 7.2675514
0.0058405 5.6486336
0.0058462 4.3903456
0.0058518 3.4569355
0.0058574 2.7793787
0.005863 2.2346225
0.0058687 1.7966381
0.0058743 1.4709874
0.0058799 1.2412461
0.0058856 1.0473862
0.0058912 0.8838037
0.0058968 0.7585744
0.0059024 0.6703707
0.0059081 0.5924229
0.0059137 0.5235385
0.0059193 0.4693495
0.005925 0.4315967
0.0059306 0.3968806
0.0059362 0.3649569
0.0059418 0.3398367
0.0059475 0.3237916
0.0059531 0.3085041
0.0059587 0.2939383
0.0059644 0.282873
0.00597 0.2774182
0.0059756 0.2720685
0.0059812 0.266822
0.0059869 0.2633701
0.0059925 0.2632629
0.0059981 0.2631557
0.0060038 0.2630485
0.0060094 0.2647589
0.006015 0.2702191
0.0060206 0.2757919
0.0060263 0.2814797
0.0060319 0.2909561
0.0060375 0.3088522
0.0060432 0.3278491
0.0060488 0.3480144
0.0060544 0.3748567
0.00606 0.4167546
0.0060657 0.4633355
0.0060713 0.5151228
0.0060769 0.576193
0.0060826 0.6533619
0.0060882 0.740866
0.0060938 0.8400893
0.0060994 0.945663
0.0061051 1.0465635
0.0061107 1.1582299
0.0061163 1.2818109
0.006122 1.4014342
0.0061276 1.4879703
0.0061332 1.5798499
0.0061388 1.6774029
0.0061445 1.7772942
0.0061501 1.8734074
0.0061557 1.9747182
0.0061614 2.0815077
0.006167 2.2169936
0.0061726 2.4258369
0.0061782 2.6543534
0.0061839 2.9043964
0.0061895 3.2098426
0.0061951 3.6440173
0.0062008 4.13692
0.0062064 4.6964944
0.006212 5.3197879
0.0062176 5.9879963
0.0062233 6.7401371
0.0062289 7.5867528
0.0062345 8.4337427
0.0062402 9.0405499
0.0062458 9.691017
0.0062514 10.388285
0.006257 11.0232074
0.0062627 11.3424611
0.0062683 11.6709611
0.0062739 12.008975
0.0062795 12.3573917
0.0062852 12.7179085
0.0062908 13.0889432
0.0062964 13.4708024
0.0063021 13.9342104
0.0063077 14.6558161
0.0063133 15.4147913
0.0063189 16.2130713
0.0063246 17.0524015
0.0063302 17.9341356
0.0063358 18.8614618
0.0063415 19.8367376
0.0063471 20.701263
0.0063527 21.0108683
0.0063583 21.325104
0.006364 21.6440394
0.0063696 21.7687124
0.0063752 21.1594527
0.0063809 20.5672449
0.0063865 19.9916117
0.0063921 19.3448208
0.0063977 18.3910819
0.0064034 17.4843643
0.006409 16.6223497
0.0064146 15.7830049
0.0064203 14.9088072
0.0064259 14.08303
0.0064315 13.3029914
0.0064371 12.5269993
0.0064428 11.6382909
0.0064484 10.8126305
0.006454 10.0455453
0.0064597 9.2727788
0.0064653 8.3119593
0.0064709 7.4506972
0.0064765 6.6786767
0.0064822 5.9496221
0.0064878 5.1451893
0.0064934 4.4495218
0.0064991 3.8479136
0.0065047 3.3175928
0.0065103 2.8170206
0.0065159 2.3919769
0.0065216 2.0310655
0.0065272 1.7220142
0.0065328 1.4483072
0.0065385 1.2181049
0.0065441 1.0244922
0.0065497 0.8589469
0.0065553 0.7074637
0.006561 0.5826959
0.0065666 0.4799321
0.0065722 0.3935134
0.0065779 0.314044
0.0065835 0.2506234
0.0065891 0.2000104
0.0065947 0.1592129
0.0066004 0.1246929
0.006606 0.0976574
0.0066116 0.0764837
0.0066173 0.0599534
0.0066229 0.0472788
0.0066285 0.0372836
0.0066341 0.0294016
0.0066398 0.0232406
0.0066454 0.01869
0.006651 0.0150305
0.0066567 0.0120875
0.0066623 0.0097381
0.0066679 0.0079561
0.0066735 0.0065003
0.0066792 0.0053108
0.0066848 0.0043476
0.0066904 0.0036196
0.0066961 0.0030134
0.0067017 0.0025088
0.0067073 0.0020971
0.0067129 0.0018193
0.0067186 0.0015783
0.0067242 0.0013692
0.0067298 0.0011945
0.0067355 0.0011026
0.0067411 0.0010178
0.0067467 0.0009396
0.0067523 0.0008719
0.006758 0.0008577
0.0067636 0.0008438
0.0067692 0.0008301
0.0067749 0.0008199
0.0067805 0.0008496
0.0067861 0.0008803
0.0067917 0.0009122
0.0067974 0.0009478
0.006803 0.0010217
0.0068086 0.0011013
0.0068143 0.0011872
0.0068199 0.001282
0.0068255 0.001423
0.0068311 0.0015794
0.0068368 0.0017531
0.0068424 0.0019471
0.006848 0.0021897
0.0068537 0.0024624
0.0068593 0.0027692
0.0068649 0.0031124
0.0068705 0.0034567
0.0068762 0.0038391
0.0068818 0.0042637
0.0068874 0.0047293
0.0068931 0.005078
0.0068987 0.0054524
0.0069043 0.0058544
0.0069099 0.00628
0.0069156 0.0065304
0.0069212 0.0067908
0.0069268 0.0070615
0.0069325 0.0073407
0.0069381 0.0075251
0.0069437 0.0077141
0.0069493 0.0079078
0.006955 0.0081049
0.0069606 0.0082026
0.0069662 0.0083015
0.0069719 0.0084016
0.0069775 0.0085005
0.0069831 0.0082949
0.0069887 0.0080943
0.0069944 0.0078986
0.007 0.0077076
0.0070056 0.0071266
0.0070113 0.0065894
0.0070169 0.0060927
0.0070225 0.0056335
0.0070281 0.0050258
0.0070338 0.0044824
0.0070394 0.0039978
0.007045 0.0035656
0.0070507 0.0031788
0.0070563 0.0028339
0.0070619 0.0025264
0.0070675 0.0022523
0.0070732 0.0020212
0.0070788 0.001814
0.0070844 0.0016281
0.0070901 0.0014612
0.0070957 0.0012806
0.0071013 0.0011215
0.0071069 0.0009822
0.0071126 0.0008602
0.0071182 0.0007163
0.0071238 0.0005953
0.0071295 0.0004948
0.0071351 0.0004112
0.0071407 0.0003296
0.0071463 0.0002638
0.007152 0.0002111
0.0071576 0.0001689
0.0071632 0.0001357
0.0071689 0.000109
0.0071745 8.75e-05
0.0071801 7.03e-05
0.0071857 5.75e-05
0.0071914 4.71e-05
0.007197 3.86e-05
0.0072026 3.16e-05
0.0072083 2.56e-05
0.0072139 2.07e-05
0.0072195 1.68e-05
0.0072251 1.36e-05
0.0072308 1.05e-05
0.0072364 8.1e-06
0.007242 6.3e-06
0.0072477 4.8e-06
0.0072533 3.6e-06
0.0072589 2.7e-06
0.0072645 2e-06
0.0072702 1.5e-06
0.0072758 1.1e-06
0.0072814 8e-07
0.0072871 6e-07
0.0072927 4e-07
0.0072983 3e-07
0.0073039 3e-07
0.0073096 2e-07
0.0073152 1e-07
0.0073208 1e-07
0.0073265 1e-07
0.0073321 1e-07
0.0073377 1e-07
0.0073433 0
0.007349 0
0.0073546 0
0.0073602 0
0.0073659 0
0.0073715 0
0.0073771 0
0.0073827 0
0.0073884 0
0.007394 0
0.0073996 0
0.0074053 0
0.0074109 0
0.0074165 0
0.0074221 0
0.0074278 0
0.0074334 0
0.007439 0
0.0074447 0
0.0074503 0
0.0074559 0
0.0074615 0
0.0074672 0
0.0074728 0
0.0074784 0
0.0074841 0
0.0074897 0
0.0074953 0
0.0075009 0
0.0075066 0
0.0075122 0
0.0075178 0
0.0075235 0
0.0075291 0
0.0075347 0
0.0075403 0
0.007546 0
0.0075516 0
0.0075572 0
0.0075629 0
0.0075685 0
0.0075741 0
0.0075797 0
0.0075854 0
0.007591 0
0.0075966 0
0.0076023 0
0.0076079 0
0.0076135 0
0.0076191 0
0.0076248 0
0.0076304 0
0.007636 0
0.0076417 0
0.0076473 0
0.0076529 1e-07
0.0076585 1e-07
0.0076642 1e-07
0.0076698 1e-07
0.0076754 1e-07
0.0076811 1e-07
0.0076867 1e-07
0.0076923 1e-07
0.0076979 1e-07
0.0077036 2e-07
0.0077092 2e-07
0.0077148 2e-07
0.0077205 2e-07
0.0077261 2e-07
0.0077317 2e-07
0.0077373 2e-07
0.007743 2e-07
0.0077486 3e-07
0.0077542 3e-07
0.0077598 3e-07
0.0077655 3e-07
0.0077711 3e-07
0.0077767 4e-07
0.0077824 4e-07
0.007788 4e-07
0.0077936 4e-07
0.0077992 4e-07
0.0078049 4e-07
0.0078105 4e-07
0.0078161 4e-07
0.0078218 4e-07
0.0078274 4e-07
0.007833 4e-07
0.0078386 4e-07
0.0078443 4e-07
0.0078499 4e-07
0.0078555 3e-07
0.0078612 3e-07
0.0078668 3e-07
0.0078724 3e-07
0.007878 3e-07
0.0078837 3e-07
0.0078893 3e-07
0.0078949 2e-07
0.0079006 2e-07
0.0079062 2e-07
0.0079118 2e-07
0.0079174 2e-07
0.0079231 2e-07
0.0079287 2e-07
0.0079343 1e-07
0.00794 1e-07
0.0079456 1e-07
0.0079512 1e-07
0.0079568 1e-07
0.0079625 1e-07
0.0079681 1e-07
0.0079737 1e-07
0.0079794 1e-07
0.007985 1e-07
0.0079906 1e-07
0.0079962 0
0.0080019 0
0.0080075 0
0.0080131 0
0.0080188 0
0.0080244 0
0.00803 0
0.0080356 0
0.0080413 0
0.0080469 0
0.0080525 0
0.0080582 0
0.0080638 0
0.0080694 0
0.008075 0
0.0080807 0
0.0080863 0
0.0080919 0
0.0080976 0
0.0081032 0
0.0081088 0
0.0081144 0
0.0081201 0
0.0081257 0
0.0081313 0
0.008137 0
0.0081426 0
0.0081482 0
0.0081538 0
0.0081595 0
0.0081651 1e-07
0.0081707 1e-07
0.0081764 1e-07
0.008182 1e-07
0.0081876 1e-07
0.0081932 1e-07
0.0081989 2e-07
0.0082045 2e-07
0.0082101 2e-07
0.0082158 3e-07
0.0082214 3e-07
0.008227 3e-07
0.0082326 4e-07
0.0082383 5e-07
0.0082439 5e-07
0.0082495 6e-07
0.0082552 6e-07
0.0082608 7e-07
0.0082664 7e-07
0.008272 8e-07
0.0082777 8e-07
0.0082833 9e-07
0.0082889 9e-07
0.0082946 9e-07
0.0083002 1e-06
0.0083058 1e-06
0.0083114 1e-06
0.0083171 9e-07
0.0083227 8e-07
0.0083283 8e-07
0.008334 7e-07
0.0083396 6e-07
0.0083452 6e-07
0.0083508 5e-07
0.0083565 4e-07
0.0083621 3e-07
0.0083677 3e-07
0.0083734 2e-07
0.008379 2e-07
0.0083846 2e-07
0.0083902 1e-07
0.0083959 1e-07
0.0084015 1e-07
0.0084071 1e-07
0.0084128 1e-07
0.0084184 1e-07
0.008424 0
0.0084296 0
0.0084353 0
0.0084409 0
0.0084465 0
0.0084522 0
0.0084578 0
0.0084634 0
0.008469 0
0.0084747 0
0.0084803 0
0.0084859 0
0.0084916 0
0.0084972 0
0.0085028 0
0.0085084 0
0.0085141 0
0.0085197 0
0.0085253 0
0.008531 0
0.0085366 0
0.0085422 0
0.0085478 0
0.0085535 0
0.0085591 0
0.0085647 0
0.0085704 0
0.008576 0
0.0085816 0
0.0085872 0
0.0085929 0
0.0085985 0
0.0086041 0
0.0086098 0
0.0086154 0
0.008621 0
0.0086266 0
0.0086323 0
0.0086379 0
0.0086435 0
0.0086492 0
0.0086548 0
0.0086604 0
0.008666 0
0.0086717 0
0.0086773 0
0.0086829 0
0.0086886 0
0.0086942 0
0.0086998 0
0.0087054 0
0.0087111 0
0.0087167 0
0.0087223 0
0.008728 0
0.0087336 0
0.0087392 0
0.0087448 0
0.0087505 0
0.0087561 0
0.0087617 0
0.0087674 0
0.008773 0
0.0087786 0
0.0087842 0
0.0087899 0
0.0087955 0
0.0088011 0
0.0088068 0
0.0088124 0
0.008818 0
0.0088236 0
0.0088293 0
0.0088349 0
0.0088405 0
0.0088462 0
0.0088518 0
0.0088574 0
0.008863 0
0.0088687 0
0.0088743 0
0.0088799 0
0.0088856 0
0.0088912 0
0.0088968 0
0.0089024 0
0.0089081 0
0.0089137 0
0.0089193 0
0.008925 0
0.0089306 0
0.0089362 0
0.0089418 0
0.0089475 0
0.0089531 0
0.0089587 0
0.0089644 0
0.00897 0
0.0089756 0
0.0089812 0
0.0089869 0
0.0089925 0
0.0089981 0
0.0090038 0
0.0090094 0
0.009015 0
0.0090206 0
0.0090263 0
0.0090319 0
0.0090375 0
0.0090432 0
0.0090488 0
0.0090544 0
0.00906 0
0.0090657 0
0.0090713 0
0.0090769 0
0.0090826 0
0.0090882 0
0.0090938 0
0.0090994 0
0.0091051 0
0.0091107 0
0.0091163 0
0.009122 0
0.0091276 0
0.0091332 0
0.0091388 0
0.0091445 0
0.0091501 0
0.0091557 0
0.0091614 0
0.009167 0
0.0091726 0
0.0091782 0
0.0091839 0
0.0091895 0
0.0091951 0
0.0092008 0
0.0092064 0
0.009212 0
0.0092176 0
0.0092233 0
0.0092289 0
0.0092345 0
0.0092402 0
0.0092458 0
0.0092514 0
0.009257 0
0.0092627 0
0.0092683 0
0.0092739 0
0.0092795 0
0.0092852 0
0.0092908 0
0.0092964 0
0.0093021 0
0.0093077 0
0.0093133 0
0.0093189 0
0.0093246 0
0.0093302 0
0.0093358 0
0.0093415 0
0.0093471 0
0.0093527 0
0.0093583 0
0.009364 0
0.0093696 0
0.0093752 0
0.0093809 0
0.0093865 0
0.0093921 0
0.0093977 0
0.0094034 0
0.009409 0
0.0094146 0
0.0094203 0
0.0094259 0
0.0094315 0
0.0094371 0
0.0094428 0
0.0094484 0
0.009454 0
0.0094597 0
0.0094653 0
0.0094709 0
0.0094765 0
0.0094822 0
0.0094878 0
0.0094934 0
0.0094991 0
0.0095047 0
0.0095103 0
0.0095159 0
0.0095216 0
0.0095272 0
0.0095328 0
0.0095385 0
0.0095441 0
0.0095497 0
0.0095553 0
0.009561 0
0.0095666 0
0.0095722 0
0.0095779 0
0.0095835 0
0.0095891 0
0.0095947 0
0.0096004 0
0.009606 0
0.0096116 0
0.0096173 0
0.0096229 0
0.0096285 0
0.0096341 0
0.0096398 0
0.0096454 0
0.009651 0
0.0096567 0
0.0096623 0
0.0096679 0
0.0096735 0
0.0096792 0
0.0096848 0
0.0096904 0
0.0096961 0
0.0097017 0
0.0097073 0
0.0097129 0
0.0097186 0
0.0097242 0
0.0097298 0
0.0097355 0
0.0097411 0
0.0097467 0
0.0097523 0
0.009758 0
0.0097636 0
0.0097692 0
0.0097749 0
0.0097805 0
0.0097861 0
0.0097917 0
0.0097974 0
0.009803 0
0.0098086 0
0.0098143 0
0.0098199 0
0.0098255 0
0.0098311 0
0.0098368 0
0.0098424 0
0.009848 0
0.0098537 0
0.0098593 0
0.0098649 0
0.0098705 0
0.0098762 0
0.0098818 0
0.0098874 0
0.0098931 0
0.0098987 0
0.0099043 0
0.0099099 0
0.0099156 0
0.0099212 0
0.0099268 0
0.0099325 0
0.0099381 0
0.0099437 0
0.0099493 0
0.009955 0
0.0099606 0
0.0099662 0
0.0099719 0
0.0099775 0
0.0099831 0
0.0099887 0
0.0099944 0
0.01 0
