0.001 0
0.0010056 0
0.0010113 0
0.0010169 0
0.0010225 0
0.0010281 0
0.0010338 0
0.0010394 0
0.001045 0
0.0010507 0
0.0010563 0
0.0010619 0
0.0010675 0
0.0010732 0
0.0010788 0
0.0010844 0
0.0010901 0
0.0010957 0
0.0011013 0
0.0011069 0
0.0011126 0
0.0011182 0
0.0011238 0
0.0011295 0
0.0011351 0
0.0011407 0
0.0011463 0
0.001152 0
0.0011576 0
0.0011632 0
0.0011689 0
0.0011745 0
0.0011801 0
0.0011857 0
0.0011914 0
0.001197 0
0.0012026 0
0.0012083 0
0.0012139 0
0.0012195 0
0.0012251 0
0.0012308 0
0.0012364 0
0.001242 0
0.0012477 0
0.0012533 0
0.0012589 0
0.0012645 0
0.0012702 0
0.0012758 0
0.0012814 0
0.0012871 0
0.0012927 0
0.0012983 0
0.0013039 0
0.0013096 0
0.0013152 0
0.0013208 0
0.0013265 0
0.0013321 0
0.0013377 0
0.0013433 0
0.001349 0
0.0013546 0
0.0013602 0
0.0013659 0
0.0013715 0
0.0013771 0
0.0013827 0
0.0013884 0
0.001394 0
0.0013996 0
0.0014053 0
0.0014109 0
0.0014165 0
0.0014221 0
0.0014278 0
0.0014334 0
0.001439 0
0.0014447 0
0.0014503 0
0.0014559 0
0.0014615 0
0.0014672 0
0.0014728 0
0.0014784 0
0.0014841 0
0.0014897 0
0.0014953 0
0.0015009 0
0.0015066 0
0.0015122 0
0.0015178 0
0.0015235 0
0.0015291 0
0.0015347 0
0.0015403 0
0.001546 0
0.0015516 0
0.0015572 0
0.0015629 0
0.0015685 0
0.0015741 0
0.0015797 0
0.0015854 0
0.001591 0
0.0015966 0
0.0016023 0
0.0016079 0
0.0016135 0
0.0016191 0
0.0016248 0
0.0016304 0
0.001636 0
0.0016417 0
0.0016473 0
0.0016529 0
0.0016585 0
0.0016642 0
0.0016698 0
0.0016754 0
0.0016811 0
0.0016867 0
0.0016923 0
0.0016979 0
0.0017036 0
0.0017092 0
0.0017148 0
0.0017205 0
0.0017261 0
0.0017317 0
0.0017373 0
0.001743 0
0.0017486 0
0.0017542 0
0.0017598 0
0.0017655 0
0.0017711 0
0.0017767 0
0.0017824 0
0.001788 0
0.0017936 0
0.0017992 0
0.0018049 0
0.0018105 0
0.0018161 0
0.0018218 0
0.0018274 0
0.001833 0
0.0018386 0
0.0018443 0
0.0018499 0
0.0018555 0
0.0018612 0
0.0018668 0
0.0018724 0
0.001878 0
0.0018837 0
0.0018893 0
0.0018949 0
0.0019006 0
0.0019062 0
0.0019118 0
0.0019174 0
0.0019231 0
0.0019287 0
0.0019343 0
0.00194 0
0.0019456 0
0.0019512 0
0.0019568 0
0.0019625 0
0.0019681 0
0.0019737 0
0.0019794 0
0.001985 0
0.0019906 0
0.0019962 0
0.0020019 0
0.0020075 0
0.0020131 0
0.0020188 0
0.0020244 0
0.00203 0
0.0020356 0
0.0020413 0
0.0020469 0
0.0020525 0
0.0020582 0
0.0020638 0
0.0020694 0
0.002075 0
0.0020807 0
0.0020863 0
0.0020919 0
0.0020976 0
0.0021032 0
0.0021088 0
0.0021144 0
0.0021201 0
0.0021257 0
0.0021313 0
0.002137 0
0.0021426 0
0.0021482 0
0.0021538 0
0.0021595 0
0.0021651 0
0.0021707 0
0.0021764 0
0.002182 0
0.0021876 0
0.0021932 0
0.0021989 0
0.0022045 0
0.0022101 0
0.0022158 0
0.0022214 0
0.002227 0
0.0022326 0
0.0022383 0
0.0022439 0
0.0022495 0
0.0022552 0
0.0022608 0
0.0022664 0
0.002272 0
0.0022777 0
0.0022833 0
0.0022889 0
0.0022946 0
0.0023002 0
0.0023058 0
0.0023114 0
0.0023171 0
0.0023227 0
0.0023283 0
0.002334 0
0.0023396 0
0.0023452 0
0.0023508 0
0.0023565 0
0.0023621 0
0.0023677 0
0.0023734 0
0.002379 0
0.0023846 0
0.0023902 0
0.0023959 0
0.0024015 0
0.0024071 0
0.0024128 0
0.0024184 0
0.002424 0
0.0024296 0
0.0024353 0
0.0024409 0
0.0024465 0
0.0024522 0
0.0024578 0
0.0024634 0
0.002469 0
0.0024747 0
0.0024803 0
0.0024859 0
0.0024916 0
0.0024972 0
0.0025028 0
0.0025084 0
0.0025141 0
0.0025197 0
0.0025253 0
0.002531 0
0.0025366 0
0.0025422 0
0.0025478 0
0.0025535 0
0.0025591 0
0.0025647 0
0.0025704 0
0.002576 0
0.0025816 0
0.0025872 0
0.0025929 0
0.0025985 0
0.0026041 0
0.0026098 0
0.0026154 0
0.002621 0
0.0026266 0
0.0026323 0
0.0026379 0
0.0026435 0
0.0026492 0
0.0026548 0
0.0026604 0
0.002666 0
0.0026717 0
0.0026773 0
0.0026829 0
0.0026886 0
0.0026942 0
0.0026998 0
0.0027054 0
0.0027111 0
0.0027167 0
0.0027223 0
0.002728 0
0.0027336 0
0.0027392 0
0.0027448 0
0.0027505 0
0.0027561 0
0.0027617 0
0.0027674 0
0.002773 0
0.0027786 0
0.0027842 0
0.0027899 0
0.0027955 0
0.0028011 0
0.0028068 0
0.0028124 0
0.002818 0
0.0028236 0
0.0028293 0
0.0028349 0
0.0028405 0
0.0028462 0
0.0028518 0
0.0028574 0
0.002863 0
0.0028687 0
0.0028743 0
0.0028799 0
0.0028856 0
0.0028912 0
0.0028968 0
0.0029024 0
0.0029081 0
0.0029137 0
0.0029193 0
0.002925 0
0.0029306 0
0.0029362 0
0.0029418 0
0.0029475 0
0.0029531 0
0.0029587 0
0.0029644 0
0.00297 0
0.0029756 0
0.0029812 0
0.0029869 0
0.0029925 0
0.0029981 0
0.0030038 0
0.0030094 0
0.003015 0
0.0030206 0
0.0030263 0
0.0030319 0
0.0030375 0
0.0030432 0
0.0030488 0
0.0030544 0
0.00306 0
0.0030657 0
0.0030713 0
0.0030769 0
0.0030826 0
0.0030882 0
0.0030938 0
0.0030994 0
0.0031051 0
0.0031107 0
0.0031163 0
0.003122 0
0.0031276 0
0.0031332 0
0.0031388 0
0.0031445 0
0.0031501 0
0.0031557 0
0.0031614 0
0.003167 0
0.0031726 0
0.0031782 0
0.0031839 0
0.0031895 0
0.0031951 0
0.0032008 0
0.0032064 0
0.003212 0
0.0032176 0
0.0032233 0
0.0032289 0
0.0032345 0
0.0032402 0
0.0032458 0
0.0032514 0
0.003257 0
0.0032627 0
0.0032683 0
0.0032739 0
0.0032795 0
0.0032852 0
0.0032908 0
0.0032964 0
0.0033021 0
0.0033077 0
0.0033133 0
0.0033189 0
0.0033246 0
0.0033302 0
0.0033358 0
0.0033415 0
0.0033471 0
0.0033527 0
0.0033583 0
0.003364 0
0.0033696 0
0.0033752 0
0.0033809 0
0.0033865 0
0.0033921 0
0.0033977 0
0.0034034 0
0.003409 0
0.0034146 0
0.0034203 0
0.0034259 0
0.0034315 0
0.0034371 0
0.0034428 0
0.0034484 0
0.003454 0
0.0034597 0
0.0034653 0
0.0034709 0
0.0034765 0
0.0034822 0
0.0034878 0
0.0034934 0
0.0034991 0
0.0035047 0
0.0035103 0
0.0035159 0
0.0035216 0
0.0035272 0
0.0035328 0
0.0035385 0
0.0035441 0
0.0035497 0
0.0035553 0
0.003561 0
0.0035666 0
0.0035722 0
0.0035779 0
0.0035835 0
0.0035891 0
0.0035947 0
0.0036004 0
0.003606 0
0.0036116 0
0.0036173 0
0.0036229 0
0.0036285 0
0.0036341 0
0.0036398 0
0.0036454 0
0.003651 0
0.0036567 0
0.0036623 0
0.0036679 0
0.0036735 0
0.0036792 0
0.0036848 0
0.0036904 0
0.0036961 0
0.0037017 0
0.0037073 0
0.0037129 0
0.0037186 0
0.0037242 0
0.0037298 0
0.0037355 0
0.0037411 0
0.0037467 0
0.0037523 0
0.003758 0
0.0037636 0
0.0037692 0
0.0037749 0
0.0037805 0
0.0037861 0
0.0037917 0
0.0037974 0
0.003803 0
0.0038086 0
0.0038143 0
0.0038199 0
0.0038255 0
0.0038311 1e-07
0.0038368 1e-07
0.0038424 1e-07
0.003848 1e-07
0.0038537 1e-07
0.0038593 1e-07
0.0038649 1e-07
0.0038705 2e-07
0.0038762 2e-07
0.0038818 2e-07
0.0038874 3e-07
0.0038931 3e-07
0.0038987 3e-07
0.0039043 4e-07
0.0039099 4e-07
0.0039156 5e-07
0.0039212 5e-07
0.0039268 6e-07
0.0039325 7e-07
0.0039381 8e-07
0.0039437 8e-07
0.0039493 9e-07
0.003955 1.1e-06
0.0039606 1.2e-06
0.0039662 1.3e-06
0.0039719 1.5e-06
0.0039775 1.6e-06
0.0039831 1.8e-06
0.0039887 2e-06
0.0039944 2.2e-06
0.004 2.5e-06
0.0040056 2.8e-06
0.0040113 3e-06
0.0040169 3.4e-06
0.0040225 3.7e-06
0.0040281 4.1e-06
0.0040338 4.4e-06
0.0040394 4.9e-06
0.004045 5.3e-06
0.0040507 5.8e-06
0.0040563 6.3e-06
0.0040619 6.9e-06
0.0040675 7.5e-06
0.0040732 8.2e-06
0.0040788 9e-06
0.0040844 9.8e-06
0.0040901 1.07e-05
0.0040957 1.17e-05
0.0041013 1.29e-05
0.0041069 1.41e-05
0.0041126 1.55e-05
0.0041182 1.71e-05
0.0041238 1.89e-05
0.0041295 2.08e-05
0.0041351 2.29e-05
0.0041407 2.54e-05
0.0041463 2.81e-05
0.004152 3.11e-05
0.0041576 3.44e-05
0.0041632 3.81e-05
0.0041689 4.23e-05
0.0041745 4.7e-05
0.0041801 5.21e-05
0.0041857 5.81e-05
0.0041914 6.48e-05
0.004197 7.22e-05
0.0042026 8.05e-05
0.0042083 9.05e-05
0.0042139 0.0001019
0.0042195 0.0001147
0.0042251 0.0001291
0.0042308 0.0001472
0.0042364 0.000168
0.004242 0.0001918
0.0042477 0.0002189
0.0042533 0.0002534
0.0042589 0.0002937
0.0042645 0.0003404
0.0042702 0.0003945
0.0042758 0.0004621
0.0042814 0.000542
0.0042871 0.0006356
0.0042927 0.0007454
0.0042983 0.0008782
0.0043039 0.0010351
0.0043096 0.0012201
0.0043152 0.0014381
0.0043208 0.0016975
0.0043265 0.0020039
0.0043321 0.0023657
0.0043377 0.0027928
0.0043433 0.0033222
0.004349 0.0039559
0.0043546 0.0047104
0.0043602 0.0056089
0.0043659 0.0068173
0.0043715 0.0083094
0.0043771 0.0101281
0.0043827 0.0123449
0.0043884 0.0154598
0.004394 0.0194376
0.0043996 0.0244389
0.0044053 0.0307271
0.0044109 0.0391372
0.0044165 0.0499504
0.0044221 0.0637512
0.0044278 0.0813649
0.0044334 0.1024651
0.004439 0.1287498
0.0044447 0.161777
0.0044503 0.2032765
0.0044559 0.2506043
0.0044615 0.3079118
0.0044672 0.3783242
0.0044728 0.4648383
0.0044784 0.5741073
0.0044841 0.7097522
0.0044897 0.877446
0.0044953 1.0847611
0.0045009 1.3846435
0.0045066 1.7786678
0.0045122 2.2848186
0.0045178 2.9350033
0.0045235 3.8660749
0.0045291 5.1193172
0.0045347 6.7788154
0.0045403 8.9762632
0.004546 11.7071517
0.0045516 15.2179713
0.0045572 19.7816393
0.0045629 25.7138908
0.0045685 32.1536788
0.0045741 39.8469225
0.0045797 49.3808885
0.0045854 61.195997
0.004591 74.0740565
0.0045966 89.1508799
0.0046023 107.2963972
0.0046079 129.1352016
0.0046135 155.8475542
0.0046191 188.2174729
0.0046248 227.3107031
0.0046304 274.523693
0.004636 333.3100736
0.0046417 405.2590193
0.0046473 492.739001
0.0046529 599.1025778
0.0046585 715.3273496
0.0046642 849.7887839
0.0046698 1009.5251881
0.0046754 1199.2875463
0.0046811 1378.3430966
0.0046867 1568.9361979
0.0046923 1785.883935
0.0046979 2032.8305469
0.0047036 2250.4301448
0.0047092 2470.3439885
0.0047148 2711.7479899
0.0047205 2976.7421844
0.0047261 3204.2222847
0.0047317 3427.7383314
0.0047373 3666.8461251
0.004743 3922.6332949
0.0047486 4118.73471
0.0047542 4298.1076359
0.0047598 4485.2923412
0.0047655 4680.6290325
0.0047711 4788.6213998
0.0047767 4865.8730956
0.0047824 4944.3710425
0.004788 5024.1353454
0.0047936 5025.559146
0.0047992 4998.8390605
0.0048049 4972.2610414
0.0048105 4945.8243333
0.0048161 4859.0481737
0.0048218 4751.928512
0.0048274 4647.1703461
0.004833 4544.7216159
0.0048386 4377.7279162
0.0048443 4192.3282346
0.0048499 4014.7803525
0.0048555 3844.7517411
0.0048612 3621.9050549
0.0048668 3389.6177055
0.0048724 3172.2278788
0.004878 2968.7801366
0.0048837 2755.3609802
0.0048893 2548.4720966
0.0048949 2357.1176603
0.0049006 2180.1312528
0.0049062 2020.8635132
0.0049118 1874.999695
0.0049174 1739.6641748
0.0049231 1614.0970312
0.0049287 1498.701146
0.0049343 1392.0139114
0.00494 1292.9213637
0.0049456 1200.8828641
0.0049512 1103.0489658
0.0049568 1007.9933755
0.0049625 921.1292305
0.0049681 841.7506304
0.0049737 756.6616779
0.0049794 674.8488281
0.004985 601.8818635
0.0049906 536.8043369
0.0049962 476.1968392
0.0050019 421.3111778
0.0050075 372.7515471
0.0050131 329.7888193
0.0050188 294.9756241
0.0050244 265.3120564
0.00503 238.6315394
0.0050356 214.6340893
0.0050413 195.5021125
0.0050469 179.2679629
0.0050525 164.3818683
0.0050582 150.7318887
0.0050638 137.9935799
0.0050694 126.2209477
0.005075 115.4526728
0.0050807 105.6030707
0.0050863 95.3736039
0.0050919 85.5189089
0.0050976 76.6824727
0.0051032 68.7590814
0.0051088 61.2243017
0.0051144 54.2930418
0.0051201 48.1464762
0.0051257 42.6957691
0.0051313 38.1590639
0.005137 34.2652797
0.0051426 30.7688207
0.0051482 27.6291434
0.0051538 25.1438711
0.0051595 23.0732754
0.0051651 21.173193
0.0051707 19.4295823
0.0051764 17.9045368
0.005182 16.5437031
0.0051876 15.2862995
0.0051932 14.1244649
0.0051989 12.9827686
0.0052045 11.8920271
0.0052101 10.8929237
0.0052158 9.9777596
0.0052214 9.1196352
0.005227 8.3229355
0.0052326 7.5958362
0.0052383 6.932257
0.0052439 6.3757341
0.0052495 5.8959322
0.0052552 5.4522375
0.0052608 5.0419328
0.0052664 4.7106109
0.005272 4.4340391
0.0052777 4.1737055
0.0052833 3.9286568
0.0052889 3.7024082
0.0052946 3.4923113
0.0053002 3.2941365
0.0053058 3.1072074
0.0053114 2.9110192
0.0053171 2.7129113
0.0053227 2.5282856
0.0053283 2.3562245
0.005334 2.1909764
0.0053396 2.0336947
0.0053452 1.8877037
0.0053508 1.7521927
0.0053565 1.639927
0.0053621 1.5453314
0.0053677 1.4561924
0.0053734 1.3721951
0.005379 1.306802
0.0053846 1.2557357
0.0053902 1.2066649
0.0053959 1.1595117
0.0054015 1.1148483
0.0054071 1.0724489
0.0054128 1.031662
0.0054184 0.9924263
0.005424 0.9459825
0.0054296 0.894313
0.0054353 0.8454656
0.0054409 0.7992864
0.0054465 0.751089
0.0054522 0.7018635
0.0054578 0.6558642
0.0054634 0.6128796
0.005469 0.5749891
0.0054747 0.541491
0.0054803 0.5099445
0.0054859 0.4802359
0.0054916 0.4554332
0.0054972 0.4348985
0.0055028 0.4152897
0.0055084 0.396565
0.0055141 0.3781216
0.0055197 0.3599918
0.0055253 0.3427313
0.005531 0.3262983
0.0055366 0.3074459
0.0055422 0.2865545
0.0055478 0.2670826
0.0055535 0.248934
0.0055591 0.2301367
0.0055647 0.2108991
0.0055704 0.1932696
0.005576 0.1771137
0.0055816 0.1621554
0.0055872 0.1483047
0.0055929 0.1356372
0.0055985 0.1240517
0.0056041 0.1134876
0.0056098 0.1038564
0.0056154 0.0950427
0.005621 0.0869769
0.0056266 0.07917
0.0056323 0.0716094
0.0056379 0.0647708
0.0056435 0.0585853
0.0056492 0.0525629
0.0056548 0.0466971
0.0056604 0.0414859
0.005666 0.0368563
0.0056717 0.0326137
0.0056773 0.0287162
0.0056829 0.0252845
0.0056886 0.0222629
0.0056942 0.0195819
0.0056998 0.0172004
0.0057054 0.0151086
0.0057111 0.0132711
0.0057167 0.0116369
0.0057223 0.0101803
0.005728 0.008906
0.0057336 0.0077912
0.0057392 0.0068079
0.0057448 0.0059389
0.0057505 0.0051808
0.0057561 0.0045195
0.0057617 0.0039558
0.0057674 0.0034787
0.005773 0.0030592
0.0057786 0.0026903
0.0057842 0.0023806
0.0057899 0.0021257
0.0057955 0.0018981
0.0058011 0.0016949
0.0058068 0.0015182
0.0058124 0.0013665
0.005818 0.0012299
0.0058236 0.0011069
0.0058293 0.000995
0.0058349 0.0008925
0.0058405 0.0008006
0.0058462 0.0007182
0.0058518 0.0006429
0.0058574 0.0005738
0.005863 0.0005121
0.0058687 0.000457
0.0058743 0.0004085
0.0058799 0.0003661
0.0058856 0.0003281
0.0058912 0.000294
0.0058968 0.0002649
0.0059024 0.0002408
0.0059081 0.0002189
0.0059137 0.000199
0.0059193 0.0001818
0.005925 0.0001675
0.0059306 0.0001544
0.0059362 0.0001423
0.0059418 0.0001312
0.0059475 0.000121
0.0059531 0.0001116
0.0059587 0.000103
0.0059644 9.45e-05
0.00597 8.6e-05
0.0059756 7.82e-05
0.0059812 7.11e-05
0.0059869 6.43e-05
0.0059925 5.75e-05
0.0059981 5.14e-05
0.0060038 4.6e-05
0.0060094 4.11e-05
0.006015 3.66e-05
0.0060206 3.26e-05
0.0060263 2.9e-05
0.0060319 2.6e-05
0.0060375 2.34e-05
0.0060432 2.11e-05
0.0060488 1.9e-05
0.0060544 1.72e-05
0.00606 1.57e-05
0.0060657 1.43e-05
0.0060713 1.3e-05
0.0060769 1.19e-05
0.0060826 1.08e-05
0.0060882 9.8e-06
0.0060938 8.9e-06
0.0060994 8e-06
0.0061051 7.1e-06
0.0061107 6.3e-06
0.0061163 5.6e-06
0.006122 5e-06
0.0061276 4.4e-06
0.0061332 3.9e-06
0.0061388 3.4e-06
0.0061445 3e-06
0.0061501 2.6e-06
0.0061557 2.3e-06
0.0061614 2.1e-06
0.006167 1.8e-06
0.0061726 1.7e-06
0.0061782 1.5e-06
0.0061839 1.4e-06
0.0061895 1.2e-06
0.0061951 1.1e-06
0.0062008 1e-06
0.0062064 9e-07
0.006212 8e-07
0.0062176 8e-07
0.0062233 7e-07
0.0062289 6e-07
0.0062345 6e-07
0.0062402 5e-07
0.0062458 5e-07
0.0062514 4e-07
0.006257 4e-07
0.0062627 3e-07
0.0062683 3e-07
0.0062739 3e-07
0.0062795 2e-07
0.0062852 2e-07
0.0062908 2e-07
0.0062964 2e-07
0.0063021 2e-07
0.0063077 2e-07
0.0063133 2e-07
0.0063189 1e-07
0.0063246 1e-07
0.0063302 1e-07
0.0063358 1e-07
0.0063415 1e-07
0.0063471 1e-07
0.0063527 1e-07
0.0063583 1e-07
0.006364 1e-07
0.0063696 1e-07
0.0063752 1e-07
0.0063809 1e-07
0.0063865 1e-07
0.0063921 1e-07
0.0063977 1e-07
0.0064034 1e-07
0.006409 1e-07
0.0064146 1e-07
0.0064203 1e-07
0.0064259 1e-07
0.0064315 0
0.0064371 0
0.0064428 0
0.0064484 0
0.006454 0
0.0064597 0
0.0064653 0
0.0064709 0
0.0064765 0
0.0064822 0
0.0064878 0
0.0064934 0
0.0064991 0
0.0065047 0
0.0065103 0
0.0065159 0
0.0065216 0
0.0065272 0
0.0065328 0
0.0065385 0
0.0065441 0
0.0065497 0
0.0065553 0
0.006561 0
0.0065666 0
0.0065722 0
0.0065779 0
0.0065835 0
0.0065891 0
0.0065947 0
0.0066004 0
0.006606 0
0.0066116 0
0.0066173 0
0.0066229 0
0.0066285 0
0.0066341 0
0.0066398 0
0.0066454 0
0.006651 0
0.0066567 0
0.0066623 0
0.0066679 0
0.0066735 0
0.0066792 0
0.0066848 0
0.0066904 0
0.0066961 0
0.0067017 0
0.0067073 0
0.0067129 0
0.0067186 0
0.0067242 0
0.0067298 0
0.0067355 0
0.0067411 0
0.0067467 0
0.0067523 0
0.006758 0
0.0067636 0
0.0067692 0
0.0067749 0
0.0067805 0
0.0067861 0
0.0067917 0
0.0067974 0
0.006803 0
0.0068086 0
0.0068143 0
0.0068199 0
0.0068255 0
0.0068311 0
0.0068368 0
0.0068424 0
0.006848 0
0.0068537 0
0.0068593 0
0.0068649 0
0.0068705 0
0.0068762 0
0.0068818 0
0.0068874 0
0.0068931 0
0.0068987 0
0.0069043 0
0.0069099 0
0.0069156 0
0.0069212 0
0.0069268 0
0.0069325 0
0.0069381 0
0.0069437 0
0.0069493 0
0.006955 0
0.0069606 0
0.0069662 0
0.0069719 0
0.0069775 0
0.0069831 0
0.0069887 0
0.0069944 0
0.007 0
0.0070056 0
0.0070113 0
0.0070169 0
0.0070225 0
0.0070281 0
0.0070338 0
0.0070394 0
0.007045 0
0.0070507 0
0.0070563 0
0.0070619 0
0.0070675 0
0.0070732 0
0.0070788 0
0.0070844 0
0.0070901 0
0.0070957 0
0.0071013 0
0.0071069 0
0.0071126 0
0.0071182 0
0.0071238 0
0.0071295 0
0.0071351 0
0.0071407 0
0.0071463 0
0.007152 0
0.0071576 0
0.0071632 0
0.0071689 0
0.0071745 0
0.0071801 0
0.0071857 0
0.0071914 0
0.007197 0
0.0072026 0
0.0072083 0
0.0072139 0
0.0072195 0
0.0072251 0
0.0072308 0
0.0072364 0
0.007242 0
0.0072477 0
0.0072533 0
0.0072589 0
0.0072645 0
0.0072702 0
0.0072758 0
0.0072814 0
0.0072871 0
0.0072927 0
0.0072983 0
0.0073039 0
0.0073096 0
0.0073152 0
0.0073208 0
0.0073265 0
0.0073321 0
0.0073377 0
0.0073433 0
0.007349 0
0.0073546 0
0.0073602 0
0.0073659 0
0.0073715 0
0.0073771 0
0.0073827 0
0.0073884 0
0.007394 0
0.0073996 0
0.0074053 0
0.0074109 0
0.0074165 0
0.0074221 0
0.0074278 0
0.0074334 0
0.007439 0
0.0074447 0
0.0074503 0
0.0074559 0
0.0074615 0
0.0074672 0
0.0074728 0
0.0074784 0
0.0074841 0
0.0074897 0
0.0074953 0
0.0075009 0
0.0075066 0
0.0075122 0
0.0075178 0
0.0075235 0
0.0075291 0
0.0075347 0
0.0075403 0
0.007546 0
0.0075516 0
0.0075572 0
0.0075629 0
0.0075685 0
0.0075741 0
0.0075797 0
0.0075854 0
0.007591 0
0.0075966 0
0.0076023 0
0.0076079 0
0.0076135 0
0.0076191 0
0.0076248 0
0.0076304 0
0.007636 0
0.0076417 0
0.0076473 0
0.0076529 0
0.0076585 0
0.0076642 0
0.0076698 0
0.0076754 0
0.0076811 0
0.0076867 0
0.0076923 0
0.0076979 0
0.0077036 0
0.0077092 0
0.0077148 0
0.0077205 0
0.0077261 0
0.0077317 0
0.0077373 0
0.007743 0
0.0077486 0
0.0077542 0
0.0077598 0
0.0077655 0
0.0077711 0
0.0077767 0
0.0077824 0
0.007788 0
0.0077936 0
0.0077992 0
0.0078049 0
0.0078105 0
0.0078161 0
0.0078218 0
0.0078274 0
0.007833 0
0.0078386 0
0.0078443 0
0.0078499 0
0.0078555 0
0.0078612 0
0.0078668 0
0.0078724 0
0.007878 0
0.0078837 0
0.0078893 0
0.0078949 0
0.0079006 0
0.0079062 0
0.0079118 0
0.0079174 0
0.0079231 0
0.0079287 0
0.0079343 0
0.00794 0
0.0079456 0
0.0079512 0
0.0079568 0
0.0079625 0
0.0079681 0
0.0079737 0
0.0079794 0
0.007985 0
0.0079906 0
0.0079962 0
0.0080019 0
0.0080075 0
0.0080131 0
0.0080188 0
0.0080244 0
0.00803 0
0.0080356 0
0.0080413 0
0.0080469 0
0.0080525 0
0.0080582 0
0.0080638 0
0.0080694 0
0.008075 0
0.0080807 0
0.0080863 0
0.0080919 0
0.0080976 0
0.0081032 0
0.0081088 0
0.0081144 0
0.0081201 0
0.0081257 0
0.0081313 0
0.008137 0
0.0081426 0
0.0081482 0
0.0081538 0
0.0081595 0
0.0081651 0
0.0081707 0
0.0081764 0
0.008182 0
0.0081876 0
0.0081932 0
0.0081989 0
0.0082045 0
0.0082101 0
0.0082158 0
0.0082214 0
0.008227 0
0.0082326 0
0.0082383 0
0.0082439 0
0.0082495 0
0.0082552 0
0.0082608 0
0.0082664 0
0.008272 0
0.0082777 0
0.0082833 0
0.0082889 0
0.0082946 0
0.0083002 0
0.0083058 0
0.0083114 0
0.0083171 0
0.0083227 0
0.0083283 0
0.008334 0
0.0083396 0
0.0083452 0
0.0083508 0
0.0083565 0
0.0083621 0
0.0083677 0
0.0083734 0
0.008379 0
0.0083846 0
0.0083902 0
0.0083959 0
0.0084015 0
0.0084071 0
0.0084128 0
0.0084184 0
0.008424 0
0.0084296 0
0.0084353 0
0.0084409 0
0.0084465 0
0.0084522 0
0.0084578 0
0.0084634 0
0.008469 0
0.0084747 0
0.0084803 0
0.0084859 0
0.0084916 0
0.0084972 0
0.0085028 0
0.0085084 0
0.0085141 0
0.0085197 0
0.0085253 0
0.008531 0
0.0085366 0
0.0085422 0
0.0085478 0
0.0085535 0
0.0085591 0
0.0085647 0
0.0085704 0
0.008576 0
0.0085816 0
0.0085872 0
0.0085929 0
0.0085985 0
0.0086041 0
0.0086098 0
0.0086154 0
0.008621 0
0.0086266 0
0.0086323 0
0.0086379 0
0.0086435 0
0.0086492 0
0.0086548 0
0.0086604 0
0.008666 0
0.0086717 0
0.0086773 0
0.0086829 0
0.0086886 0
0.0086942 0
0.0086998 0
0.0087054 0
0.0087111 0
0.0087167 0
0.0087223 0
0.008728 0
0.0087336 0
0.0087392 0
0.0087448 0
0.0087505 0
0.0087561 0
0.0087617 0
0.0087674 0
0.008773 0
0.0087786 0
0.0087842 0
0.0087899 0
0.0087955 0
0.0088011 0
0.0088068 0
0.0088124 0
0.008818 0
0.0088236 0
0.0088293 0
0.0088349 0
0.0088405 0
0.0088462 0
0.0088518 0
0.0088574 0
0.008863 0
0.0088687 0
0.0088743 0
0.0088799 0
0.0088856 0
0.0088912 0
0.0088968 0
0.0089024 0
0.0089081 0
0.0089137 0
0.0089193 0
0.008925 0
0.0089306 0
0.0089362 0
0.0089418 0
0.0089475 0
0.0089531 0
0.0089587 0
0.0089644 0
0.00897 0
0.0089756 0
0.0089812 0
0.0089869 0
0.0089925 0
0.0089981 0
0.0090038 0
0.0090094 0
0.009015 0
0.0090206 0
0.0090263 0
0.0090319 0
0.0090375 0
0.0090432 0
0.0090488 0
0.0090544 0
0.00906 0
0.0090657 0
0.0090713 0
0.0090769 0
0.0090826 0
0.0090882 0
0.0090938 0
0.0090994 0
0.0091051 0
0.0091107 0
0.0091163 0
0.009122 0
0.0091276 0
0.0091332 0
0.0091388 0
0.0091445 0
0.0091501 0
0.0091557 0
0.0091614 0
0.009167 0
0.0091726 0
0.0091782 0
0.0091839 0
0.0091895 0
0.0091951 0
0.0092008 0
0.0092064 0
0.009212 0
0.0092176 0
0.0092233 0
0.0092289 0
0.0092345 0
0.0092402 0
0.0092458 0
0.0092514 0
0.009257 0
0.0092627 0
0.0092683 0
0.0092739 0
0.0092795 0
0.0092852 0
0.0092908 0
0.0092964 0
0.0093021 0
0.0093077 0
0.0093133 0
0.0093189 0
0.0093246 0
0.0093302 0
0.0093358 0
0.0093415 0
0.0093471 0
0.0093527 0
0.0093583 0
0.009364 0
0.0093696 0
0.0093752 0
0.0093809 0
0.0093865 0
0.0093921 0
0.0093977 0
0.0094034 0
0.009409 0
0.0094146 0
0.0094203 0
0.0094259 0
0.0094315 0
0.0094371 0
0.0094428 0
0.0094484 0
0.009454 0
0.0094597 0
0.0094653 0
0.0094709 0
0.0094765 0
0.0094822 0
0.0094878 0
0.0094934 0
0.0094991 0
0.0095047 0
0.0095103 0
0.0095159 0
0.0095216 0
0.0095272 0
0.0095328 0
0.0095385 0
0.0095441 0
0.0095497 0
0.0095553 0
0.009561 0
0.0095666 0
0.0095722 0
0.0095779 0
0.0095835 0
0.0095891 0
0.0095947 0
0.0096004 0
0.009606 0
0.0096116 0
0.0096173 0
0.0096229 0
0.0096285 0
0.0096341 0
0.0096398 0
0.0096454 0
0.009651 0
0.0096567 0
0.0096623 0
0.0096679 0
0.0096735 0
0.0096792 0
0.0096848 0
0.0096904 0
0.0096961 0
0.0097017 0
0.0097073 0
0.0097129 0
0.0097186 0
0.0097242 0
0.0097298 0
0.0097355 0
0.0097411 0
0.0097467 0
0.0097523 0
0.009758 0
0.0097636 0
0.0097692 0
0.0097749 0
0.0097805 0
0.0097861 0
0.0097917 0
0.0097974 0
0.009803 0
0.0098086 0
0.0098143 0
0.0098199 0
0.0098255 0
0.0098311 0
0.0098368 0
0.0098424 0
0.009848 0
0.0098537 0
0.0098593 0
0.0098649 0
0.0098705 0
0.0098762 0
0.0098818 0
0.0098874 0
0.0098931 0
0.0098987 0
0.0099043 0
0.0099099 0
0.0099156 0
0.0099212 0
0.0099268 0
0.0099325 0
0.0099381 0
0.0099437 0
0.0099493 0
0.009955 0
0.0099606 0
0.0099662 0
0.0099719 0
0.0099775 0
0.0099831 0
0.0099887 0
0.0099944 0
0.01 0
