0.001 0
0.0010056 0
0.0010113 0
0.0010169 0
0.0010225 0
0.0010281 0
0.0010338 0
0.0010394 0
0.001045 0
0.0010507 0
0.0010563 0
0.0010619 0
0.0010675 0
0.0010732 0
0.0010788 0
0.0010844 0
0.0010901 0
0.0010957 0
0.0011013 0
0.0011069 0
0.0011126 0
0.0011182 0
0.0011238 0
0.0011295 0
0.0011351 0
0.0011407 0
0.0011463 0
0.001152 0
0.0011576 0
0.0011632 0
0.0011689 0
0.0011745 0
0.0011801 0
0.0011857 0
0.0011914 0
0.001197 0
0.0012026 0
0.0012083 0
0.0012139 0
0.0012195 0
0.0012251 0
0.0012308 0
0.0012364 0
0.001242 0
0.0012477 0
0.0012533 0
0.0012589 0
0.0012645 0
0.0012702 0
0.0012758 0
0.0012814 0
0.0012871 0
0.0012927 0
0.0012983 0
0.0013039 0
0.0013096 0
0.0013152 0
0.0013208 0
0.0013265 0
0.0013321 0
0.0013377 0
0.0013433 0
0.001349 0
0.0013546 0
0.0013602 0
0.0013659 0
0.0013715 0
0.0013771 0
0.0013827 0
0.0013884 0
0.001394 0
0.0013996 0
0.0014053 0
0.0014109 0
0.0014165 0
0.0014221 0
0.0014278 0
0.0014334 0
0.001439 0
0.0014447 0
0.0014503 0
0.0014559 0
0.0014615 0
0.0014672 0
0.0014728 0
0.0014784 0
0.0014841 0
0.0014897 0
0.0014953 0
0.0015009 0
0.0015066 0
0.0015122 0
0.0015178 0
0.0015235 0
0.0015291 0
0.0015347 0
0.0015403 0
0.001546 0
0.0015516 0
0.0015572 0
0.0015629 0
0.0015685 0
0.0015741 0
0.0015797 0
0.0015854 0
0.001591 0
0.0015966 0
0.0016023 0
0.0016079 0
0.0016135 0
0.0016191 0
0.0016248 0
0.0016304 0
0.001636 0
0.0016417 0
0.0016473 0
0.0016529 0
0.0016585 0
0.0016642 0
0.0016698 0
0.0016754 0
0.0016811 0
0.0016867 0
0.0016923 0
0.0016979 0
0.0017036 0
0.0017092 0
0.0017148 0
0.0017205 0
0.0017261 0
0.0017317 1e-07
0.0017373 1e-07
0.001743 2e-07
0.0017486 2e-07
0.0017542 3e-07
0.0017598 3e-07
0.0017655 4e-07
0.0017711 4e-07
0.0017767 5e-07
0.0017824 5e-07
0.001788 6e-07
0.0017936 6e-07
0.0017992 6e-07
0.0018049 6e-07
0.0018105 7e-07
0.0018161 7e-07
0.0018218 6e-07
0.0018274 6e-07
0.001833 6e-07
0.0018386 5e-07
0.0018443 4e-07
0.0018499 4e-07
0.0018555 3e-07
0.0018612 2e-07
0.0018668 2e-07
0.0018724 1e-07
0.001878 1e-07
0.0018837 1e-07
0.0018893 0
0.0018949 0
0.0019006 0
0.0019062 0
0.0019118 0
0.0019174 0
0.0019231 0
0.0019287 0
0.0019343 0
0.00194 0
0.0019456 0
0.0019512 0
0.0019568 0
0.0019625 0
0.0019681 0
0.0019737 0
0.0019794 0
0.001985 0
0.0019906 0
0.0019962 0
0.0020019 0
0.0020075 0
0.0020131 0
0.0020188 0
0.0020244 0
0.00203 0
0.0020356 0
0.0020413 0
0.0020469 0
0.0020525 0
0.0020582 0
0.0020638 0
0.0020694 0
0.002075 0
0.0020807 0
0.0020863 0
0.0020919 0
0.0020976 0
0.0021032 1e-07
0.0021088 1e-07
0.0021144 2e-07
0.0021201 4e-07
0.0021257 9e-07
0.0021313 1.8e-06
0.002137 4.1e-06
0.0021426 9e-06
0.0021482 2e-05
0.0021538 4.22e-05
0.0021595 8.62e-05
0.0021651 0.0001763
0.0021707 0.0003604
0.0021764 0.0006036
0.002182 0.0008893
0.0021876 0.0013103
0.0021932 0.0019306
0.0021989 0.0022439
0.0022045 0.0022288
0.0022101 0.0022138
0.0022158 0.0021989
0.0022214 0.0019227
0.002227 0.0015408
0.0022326 0.0012348
0.0022383 0.0009896
0.0022439 0.0007773
0.0022495 0.0006021
0.0022552 0.0004663
0.0022608 0.0003612
0.0022664 0.0002842
0.002272 0.0002262
0.0022777 0.00018
0.0022833 0.0001433
0.0022889 0.0001151
0.0022946 9.31e-05
0.0023002 7.53e-05
0.0023058 6.1e-05
0.0023114 4.91e-05
0.0023171 3.95e-05
0.0023227 3.18e-05
0.0023283 2.55e-05
0.002334 2.04e-05
0.0023396 1.61e-05
0.0023452 1.28e-05
0.0023508 1.01e-05
0.0023565 8e-06
0.0023621 6.3e-06
0.0023677 5e-06
0.0023734 3.9e-06
0.002379 3.1e-06
0.0023846 2.5e-06
0.0023902 2e-06
0.0023959 1.6e-06
0.0024015 1.3e-06
0.0024071 1.1e-06
0.0024128 9e-07
0.0024184 7e-07
0.002424 6e-07
0.0024296 5e-07
0.0024353 4e-07
0.0024409 4e-07
0.0024465 3e-07
0.0024522 3e-07
0.0024578 3e-07
0.0024634 2e-07
0.002469 2e-07
0.0024747 2e-07
0.0024803 2e-07
0.0024859 2e-07
0.0024916 2e-07
0.0024972 2e-07
0.0025028 2e-07
0.0025084 2e-07
0.0025141 2e-07
0.0025197 2e-07
0.0025253 2e-07
0.002531 2e-07
0.0025366 2e-07
0.0025422 2e-07
0.0025478 3e-07
0.0025535 3e-07
0.0025591 3e-07
0.0025647 4e-07
0.0025704 5e-07
0.002576 6e-07
0.0025816 7e-07
0.0025872 8e-07
0.0025929 1e-06
0.0025985 1.2e-06
0.0026041 1.5e-06
0.0026098 1.9e-06
0.0026154 2.4e-06
0.002621 3.1e-06
0.0026266 3.9e-06
0.0026323 4.9e-06
0.0026379 6.2e-06
0.0026435 7.8e-06
0.0026492 9.7e-06
0.0026548 1.18e-05
0.0026604 1.44e-05
0.002666 1.76e-05
0.0026717 2.08e-05
0.0026773 2.38e-05
0.0026829 2.72e-05
0.0026886 3.1e-05
0.0026942 3.42e-05
0.0026998 3.6e-05
0.0027054 3.79e-05
0.0027111 3.99e-05
0.0027167 4.05e-05
0.0027223 3.91e-05
0.002728 3.79e-05
0.0027336 3.66e-05
0.0027392 3.43e-05
0.0027448 3.08e-05
0.0027505 2.76e-05
0.0027561 2.48e-05
0.0027617 2.19e-05
0.0027674 1.88e-05
0.002773 1.61e-05
0.0027786 1.38e-05
0.0027842 1.19e-05
0.0027899 1.02e-05
0.0027955 8.8e-06
0.0028011 7.6e-06
0.0028068 6.7e-06
0.0028124 6e-06
0.002818 5.4e-06
0.0028236 4.9e-06
0.0028293 4.5e-06
0.0028349 4.3e-06
0.0028405 4.1e-06
0.0028462 3.9e-06
0.0028518 3.8e-06
0.0028574 3.8e-06
0.002863 3.9e-06
0.0028687 3.9e-06
0.0028743 4e-06
0.0028799 4.3e-06
0.0028856 4.6e-06
0.0028912 4.9e-06
0.0028968 5.3e-06
0.0029024 5.8e-06
0.0029081 6.5e-06
0.0029137 7.2e-06
0.0029193 8.1e-06
0.002925 9.4e-06
0.0029306 1.08e-05
0.0029362 1.24e-05
0.0029418 1.44e-05
0.0029475 1.69e-05
0.0029531 1.98e-05
0.0029587 2.32e-05
0.0029644 2.72e-05
0.00297 3.17e-05
0.0029756 3.69e-05
0.0029812 4.3e-05
0.0029869 4.94e-05
0.0029925 5.54e-05
0.0029981 6.2e-05
0.0030038 6.95e-05
0.0030094 7.61e-05
0.003015 7.94e-05
0.0030206 8.29e-05
0.0030263 8.65e-05
0.0030319 8.76e-05
0.0030375 8.33e-05
0.0030432 7.93e-05
0.0030488 7.55e-05
0.0030544 6.98e-05
0.00306 6.06e-05
0.0030657 5.26e-05
0.0030713 4.57e-05
0.0030769 3.89e-05
0.0030826 3.16e-05
0.0030882 2.56e-05
0.0030938 2.08e-05
0.0030994 1.67e-05
0.0031051 1.32e-05
0.0031107 1.04e-05
0.0031163 8.2e-06
0.003122 6.5e-06
0.0031276 5.2e-06
0.0031332 4.1e-06
0.0031388 3.3e-06
0.0031445 2.7e-06
0.0031501 2.3e-06
0.0031557 1.9e-06
0.0031614 1.6e-06
0.003167 1.4e-06
0.0031726 1.3e-06
0.0031782 1.2e-06
0.0031839 1.1e-06
0.0031895 1e-06
0.0031951 1.1e-06
0.0032008 1.1e-06
0.0032064 1.1e-06
0.003212 1.1e-06
0.0032176 1.2e-06
0.0032233 1.3e-06
0.0032289 1.4e-06
0.0032345 1.6e-06
0.0032402 1.8e-06
0.0032458 2.1e-06
0.0032514 2.4e-06
0.003257 2.8e-06
0.0032627 3.4e-06
0.0032683 4e-06
0.0032739 4.9e-06
0.0032795 5.9e-06
0.0032852 7.4e-06
0.0032908 9.3e-06
0.0032964 1.16e-05
0.0033021 1.46e-05
0.0033077 1.91e-05
0.0033133 2.5e-05
0.0033189 3.26e-05
0.0033246 4.31e-05
0.0033302 5.94e-05
0.0033358 8.2e-05
0.0033415 0.000113
0.0033471 0.0001578
0.0033527 0.0002302
0.0033583 0.0003358
0.003364 0.0004897
0.0033696 0.0007189
0.0033752 0.0010809
0.0033809 0.0016251
0.0033865 0.0024433
0.0033921 0.0036475
0.0033977 0.0052965
0.0034034 0.0076909
0.003409 0.0111677
0.0034146 0.0158301
0.0034203 0.02032
0.0034259 0.0260832
0.0034315 0.0334812
0.0034371 0.0414762
0.0034428 0.044065
0.0034484 0.0468155
0.003454 0.0497376
0.0034597 0.0510327
0.0034653 0.044698
0.0034709 0.0391496
0.0034765 0.0342899
0.0034822 0.0293294
0.0034878 0.0223955
0.0034934 0.0171009
0.0034991 0.0130581
0.0035047 0.0098794
0.0035103 0.0071345
0.0035159 0.0051523
0.0035216 0.0037208
0.0035272 0.0026918
0.0035328 0.0019656
0.0035385 0.0014354
0.0035441 0.0010482
0.0035497 0.0007698
0.0035553 0.0005837
0.003561 0.0004426
0.0035666 0.0003356
0.0035722 0.0002554
0.0035779 0.0001987
0.0035835 0.0001545
0.0035891 0.0001202
0.0035947 9.35e-05
0.0036004 7.27e-05
0.003606 5.65e-05
0.0036116 4.39e-05
0.0036173 3.41e-05
0.0036229 2.6e-05
0.0036285 1.99e-05
0.0036341 1.52e-05
0.0036398 1.16e-05
0.0036454 8.8e-06
0.003651 6.7e-06
0.0036567 5.1e-06
0.0036623 3.9e-06
0.0036679 3e-06
0.0036735 2.4e-06
0.0036792 1.9e-06
0.0036848 1.5e-06
0.0036904 1.2e-06
0.0036961 1.1e-06
0.0037017 9e-07
0.0037073 8e-07
0.0037129 7e-07
0.0037186 7e-07
0.0037242 7e-07
0.0037298 7e-07
0.0037355 8e-07
0.0037411 8e-07
0.0037467 9e-07
0.0037523 1e-06
0.003758 1.3e-06
0.0037636 1.6e-06
0.0037692 2e-06
0.0037749 2.5e-06
0.0037805 3.4e-06
0.0037861 4.7e-06
0.0037917 6.4e-06
0.0037974 8.8e-06
0.003803 1.34e-05
0.0038086 2.03e-05
0.0038143 3.07e-05
0.0038199 4.68e-05
0.0038255 8.13e-05
0.0038311 0.0001412
0.0038368 0.0002451
0.0038424 0.000429
0.003848 0.0008698
0.0038537 0.0017633
0.0038593 0.0035747
0.0038649 0.007283
0.0038705 0.0164877
0.0038762 0.0373258
0.0038818 0.0845002
0.0038874 0.1912824
0.0038931 0.4322002
0.0038987 0.9765512
0.0039043 2.2065055
0.0039099 4.9662351
0.0039156 9.8609571
0.0039212 19.5799175
0.0039268 38.8778866
0.0039325 76.8194604
0.0039381 122.8103868
0.0039437 196.3355513
0.0039493 313.8793851
0.003955 499.8689768
0.0039606 618.7777611
0.0039662 765.9725555
0.0039719 948.1820336
0.0039775 1171.389756
0.0039831 1111.2910873
0.0039887 1054.2758073
0.0039944 1000.1857214
0.004 948.8707513
0.0040056 694.2233224
0.0040113 507.9153518
0.0040169 371.6066519
0.0040225 271.8789721
0.0040281 157.6848811
0.0040338 91.2935858
0.0040394 52.8555354
0.004045 30.6013571
0.0040507 14.7527025
0.0040563 7.092322
0.0040619 3.4096147
0.0040675 1.6391631
0.0040732 0.6989491
0.0040788 0.2972123
0.0040844 0.1263828
0.0040901 0.0537414
0.0040957 0.0217438
0.0041013 0.008784
0.0041069 0.0035485
0.0041126 0.0014335
0.0041182 0.0005991
0.0041238 0.0002507
0.0041295 0.0001049
0.0041351 4.39e-05
0.0041407 2.11e-05
0.0041463 1.02e-05
0.004152 5e-06
0.0041576 2.4e-06
0.0041632 1.5e-06
0.0041689 9e-07
0.0041745 6e-07
0.0041801 4e-07
0.0041857 3e-07
0.0041914 3e-07
0.004197 3e-07
0.0042026 2e-07
0.0042083 3e-07
0.0042139 4e-07
0.0042195 5e-07
0.0042251 6e-07
0.0042308 1e-06
0.0042364 1.7e-06
0.004242 2.9e-06
0.0042477 4.8e-06
0.0042533 9.4e-06
0.0042589 1.85e-05
0.0042645 3.64e-05
0.0042702 7.17e-05
0.0042758 0.0001507
0.0042814 0.0003188
0.0042871 0.0006746
0.0042927 0.0014273
0.0042983 0.003073
0.0043039 0.0066287
0.0043096 0.0142988
0.0043152 0.0308439
0.0043208 0.0663613
0.0043265 0.1427344
0.0043321 0.307003
0.0043377 0.6603231
0.0043433 1.3993203
0.004349 2.9597662
0.0043546 6.2603367
0.0043602 13.241524
0.0043659 26.9249229
0.0043715 54.4539324
0.0043771 110.1295915
0.0043827 222.7300471
0.0043884 412.7005554
0.004394 754.9524797
0.0043996 1381.0333888
0.0044053 2526.3222152
0.0044109 3927.7487645
0.0044165 5953.1056769
0.0044221 9022.8447198
0.0044278 13675.5050652
0.0044334 15966.0373107
0.004439 17846.7805691
0.0044447 19949.0687942
0.0044503 22298.9992069
0.0044559 17415.4972153
0.0044615 12765.1727391
0.0044672 9356.5881609
0.0044728 6858.1713543
0.0044784 3379.9057151
0.0044841 1546.2398372
0.0044897 707.3740618
0.0044953 323.6096052
0.0045009 108.349903
0.0045066 34.1009817
0.0045122 10.7326072
0.0045178 3.3778751
0.0045235 0.9501314
0.0045291 0.2610481
0.0045347 0.0717228
0.0045403 0.0197058
0.004546 0.0059784
0.0045516 0.0018538
0.0045572 0.0005748
0.0045629 0.0001782
0.0045685 6.9e-05
0.0045741 2.81e-05
0.0045797 1.15e-05
0.0045854 4.7e-06
0.004591 2.4e-06
0.0045966 1.3e-06
0.0046023 7e-07
0.0046079 4e-07
0.0046135 3e-07
0.0046191 2e-07
0.0046248 1e-07
0.0046304 1e-07
0.004636 1e-07
0.0046417 1e-07
0.0046473 1e-07
0.0046529 1e-07
0.0046585 1e-07
0.0046642 1e-07
0.0046698 1e-07
0.0046754 1e-07
0.0046811 1e-07
0.0046867 1e-07
0.0046923 1e-07
0.0046979 1e-07
0.0047036 2e-07
0.0047092 2e-07
0.0047148 3e-07
0.0047205 4e-07
0.0047261 6e-07
0.0047317 8e-07
0.0047373 1.2e-06
0.004743 1.7e-06
0.0047486 2.5e-06
0.0047542 3.8e-06
0.0047598 5.7e-06
0.0047655 8.5e-06
0.0047711 1.28e-05
0.0047767 1.95e-05
0.0047824 2.96e-05
0.004788 4.49e-05
0.0047936 6.75e-05
0.0047992 0.0001012
0.0048049 0.0001518
0.0048105 0.0002276
0.0048161 0.0003322
0.0048218 0.00048
0.0048274 0.0006936
0.004833 0.0010024
0.0048386 0.0013915
0.0048443 0.0019022
0.0048499 0.0026001
0.0048555 0.0035543
0.0048612 0.004605
0.0048668 0.0058398
0.0048724 0.0074057
0.004878 0.0093915
0.0048837 0.0110508
0.0048893 0.0126056
0.0048949 0.0143791
0.0049006 0.0164021
0.0049062 0.016832
0.0049118 0.0165051
0.0049174 0.0161845
0.0049231 0.0158701
0.0049287 0.0136386
0.0049343 0.0110517
0.00494 0.0089554
0.0049456 0.0072568
0.0049512 0.0051763
0.0049568 0.0034812
0.0049625 0.0023412
0.0049681 0.0015745
0.0049737 0.0009756
0.0049794 0.0005812
0.004985 0.0003463
0.0049906 0.0002063
0.0049962 0.0001208
0.0050019 7.01e-05
0.0050075 4.07e-05
0.0050131 2.36e-05
0.0050188 1.42e-05
0.0050244 8.7e-06
0.00503 5.3e-06
0.0050356 3.2e-06
0.0050413 2.1e-06
0.0050469 1.4e-06
0.0050525 9e-07
0.0050582 6e-07
0.0050638 4e-07
0.0050694 3e-07
0.005075 2e-07
0.0050807 2e-07
0.0050863 1e-07
0.0050919 1e-07
0.0050976 1e-07
0.0051032 1e-07
0.0051088 1e-07
0.0051144 0
0.0051201 0
0.0051257 0
0.0051313 0
0.005137 0
0.0051426 0
0.0051482 0
0.0051538 0
0.0051595 0
0.0051651 0
0.0051707 0
0.0051764 0
0.005182 0
0.0051876 0
0.0051932 0
0.0051989 0
0.0052045 0
0.0052101 0
0.0052158 0
0.0052214 0
0.005227 0
0.0052326 0
0.0052383 0
0.0052439 0
0.0052495 1e-07
0.0052552 1e-07
0.0052608 1e-07
0.0052664 1e-07
0.005272 1e-07
0.0052777 1e-07
0.0052833 1e-07
0.0052889 1e-07
0.0052946 2e-07
0.0053002 2e-07
0.0053058 2e-07
0.0053114 2e-07
0.0053171 3e-07
0.0053227 3e-07
0.0053283 3e-07
0.005334 3e-07
0.0053396 4e-07
0.0053452 4e-07
0.0053508 4e-07
0.0053565 4e-07
0.0053621 4e-07
0.0053677 4e-07
0.0053734 4e-07
0.005379 4e-07
0.0053846 4e-07
0.0053902 3e-07
0.0053959 3e-07
0.0054015 3e-07
0.0054071 3e-07
0.0054128 3e-07
0.0054184 3e-07
0.005424 2e-07
0.0054296 2e-07
0.0054353 2e-07
0.0054409 2e-07
0.0054465 2e-07
0.0054522 2e-07
0.0054578 1e-07
0.0054634 1e-07
0.005469 1e-07
0.0054747 1e-07
0.0054803 1e-07
0.0054859 1e-07
0.0054916 1e-07
0.0054972 1e-07
0.0055028 1e-07
0.0055084 1e-07
0.0055141 1e-07
0.0055197 1e-07
0.0055253 0
0.005531 0
0.0055366 0
0.0055422 0
0.0055478 0
0.0055535 0
0.0055591 0
0.0055647 0
0.0055704 0
0.005576 0
0.0055816 0
0.0055872 0
0.0055929 0
0.0055985 0
0.0056041 0
0.0056098 0
0.0056154 0
0.005621 0
0.0056266 0
0.0056323 0
0.0056379 0
0.0056435 0
0.0056492 0
0.0056548 0
0.0056604 0
0.005666 0
0.0056717 0
0.0056773 0
0.0056829 0
0.0056886 0
0.0056942 0
0.0056998 0
0.0057054 0
0.0057111 0
0.0057167 0
0.0057223 0
0.005728 0
0.0057336 0
0.0057392 0
0.0057448 0
0.0057505 0
0.0057561 0
0.0057617 0
0.0057674 0
0.005773 0
0.0057786 0
0.0057842 0
0.0057899 0
0.0057955 0
0.0058011 0
0.0058068 0
0.0058124 0
0.005818 0
0.0058236 0
0.0058293 0
0.0058349 0
0.0058405 0
0.0058462 0
0.0058518 0
0.0058574 0
0.005863 0
0.0058687 0
0.0058743 0
0.0058799 0
0.0058856 0
0.0058912 0
0.0058968 0
0.0059024 0
0.0059081 0
0.0059137 0
0.0059193 0
0.005925 0
0.0059306 0
0.0059362 0
0.0059418 0
0.0059475 0
0.0059531 0
0.0059587 0
0.0059644 0
0.00597 0
0.0059756 0
0.0059812 0
0.0059869 0
0.0059925 0
0.0059981 0
0.0060038 0
0.0060094 0
0.006015 0
0.0060206 0
0.0060263 0
0.0060319 0
0.0060375 0
0.0060432 0
0.0060488 0
0.0060544 1e-07
0.00606 1e-07
0.0060657 1e-07
0.0060713 1e-07
0.0060769 2e-07
0.0060826 2e-07
0.0060882 3e-07
0.0060938 3e-07
0.0060994 4e-07
0.0061051 5e-07
0.0061107 6e-07
0.0061163 7e-07
0.006122 8e-07
0.0061276 9e-07
0.0061332 1.1e-06
0.0061388 1.2e-06
0.0061445 1.4e-06
0.0061501 1.5e-06
0.0061557 1.7e-06
0.0061614 1.9e-06
0.006167 2.1e-06
0.0061726 2.3e-06
0.0061782 2.5e-06
0.0061839 2.8e-06
0.0061895 3e-06
0.0061951 3.1e-06
0.0062008 3.2e-06
0.0062064 3.3e-06
0.006212 3.3e-06
0.0062176 3.2e-06
0.0062233 3e-06
0.0062289 2.8e-06
0.0062345 2.6e-06
0.0062402 2.2e-06
0.0062458 1.8e-06
0.0062514 1.6e-06
0.006257 1.3e-06
0.0062627 1e-06
0.0062683 7e-07
0.0062739 6e-07
0.0062795 4e-07
0.0062852 3e-07
0.0062908 2e-07
0.0062964 1e-07
0.0063021 1e-07
0.0063077 1e-07
0.0063133 0
0.0063189 0
0.0063246 0
0.0063302 0
0.0063358 0
0.0063415 0
0.0063471 0
0.0063527 0
0.0063583 0
0.006364 0
0.0063696 0
0.0063752 0
0.0063809 0
0.0063865 0
0.0063921 0
0.0063977 0
0.0064034 0
0.006409 0
0.0064146 0
0.0064203 0
0.0064259 0
0.0064315 0
0.0064371 0
0.0064428 0
0.0064484 0
0.006454 0
0.0064597 0
0.0064653 0
0.0064709 0
0.0064765 0
0.0064822 0
0.0064878 0
0.0064934 1e-07
0.0064991 1e-07
0.0065047 1e-07
0.0065103 2e-07
0.0065159 3e-07
0.0065216 4e-07
0.0065272 6e-07
0.0065328 8e-07
0.0065385 1.2e-06
0.0065441 1.7e-06
0.0065497 2.5e-06
0.0065553 3.2e-06
0.006561 4e-06
0.0065666 5.2e-06
0.0065722 6.5e-06
0.0065779 7.3e-06
0.0065835 8.2e-06
0.0065891 9.1e-06
0.0065947 1.01e-05
0.0066004 1.01e-05
0.006606 1.01e-05
0.0066116 1.01e-05
0.0066173 1.01e-05
0.0066229 9.6e-06
0.0066285 9.1e-06
0.0066341 8.6e-06
0.0066398 8.2e-06
0.0066454 7.7e-06
0.006651 7.3e-06
0.0066567 6.9e-06
0.0066623 6.5e-06
0.0066679 6.2e-06
0.0066735 5.9e-06
0.0066792 5.7e-06
0.0066848 5.4e-06
0.0066904 5.2e-06
0.0066961 5e-06
0.0067017 4.8e-06
0.0067073 4.5e-06
0.0067129 4.2e-06
0.0067186 3.9e-06
0.0067242 3.6e-06
0.0067298 3.3e-06
0.0067355 2.8e-06
0.0067411 2.4e-06
0.0067467 2.1e-06
0.0067523 1.8e-06
0.006758 1.4e-06
0.0067636 1.1e-06
0.0067692 9e-07
0.0067749 7e-07
0.0067805 5e-07
0.0067861 4e-07
0.0067917 3e-07
0.0067974 2e-07
0.006803 2e-07
0.0068086 1e-07
0.0068143 1e-07
0.0068199 1e-07
0.0068255 0
0.0068311 0
0.0068368 0
0.0068424 0
0.006848 0
0.0068537 0
0.0068593 0
0.0068649 0
0.0068705 0
0.0068762 0
0.0068818 0
0.0068874 0
0.0068931 0
0.0068987 0
0.0069043 0
0.0069099 0
0.0069156 0
0.0069212 0
0.0069268 0
0.0069325 0
0.0069381 0
0.0069437 0
0.0069493 0
0.006955 0
0.0069606 0
0.0069662 0
0.0069719 0
0.0069775 0
0.0069831 0
0.0069887 0
0.0069944 0
0.007 0
0.0070056 1e-07
0.0070113 2e-07
0.0070169 3e-07
0.0070225 6e-07
0.0070281 1.1e-06
0.0070338 2.2e-06
0.0070394 4.1e-06
0.007045 7.9e-06
0.0070507 1.3e-05
0.0070563 2.15e-05
0.0070619 3.54e-05
0.0070675 5.84e-05
0.0070732 7.6e-05
0.0070788 9.83e-05
0.0070844 0.0001272
0.0070901 0.0001646
0.0070957 0.0001651
0.0071013 0.0001643
0.0071069 0.0001635
0.0071126 0.0001627
0.0071182 0.000132
0.0071238 0.0001063
0.0071295 8.55e-05
0.0071351 6.89e-05
0.0071407 4.92e-05
0.0071463 3.5e-05
0.007152 2.48e-05
0.0071576 1.77e-05
0.0071632 1.2e-05
0.0071689 8.2e-06
0.0071745 5.5e-06
0.0071801 3.8e-06
0.0071857 2.5e-06
0.0071914 1.7e-06
0.007197 1.2e-06
0.0072026 8e-07
0.0072083 5e-07
0.0072139 4e-07
0.0072195 2e-07
0.0072251 2e-07
0.0072308 1e-07
0.0072364 1e-07
0.007242 0
0.0072477 0
0.0072533 0
0.0072589 0
0.0072645 0
0.0072702 0
0.0072758 0
0.0072814 0
0.0072871 0
0.0072927 0
0.0072983 0
0.0073039 0
0.0073096 0
0.0073152 0
0.0073208 0
0.0073265 0
0.0073321 0
0.0073377 0
0.0073433 0
0.007349 0
0.0073546 0
0.0073602 0
0.0073659 0
0.0073715 0
0.0073771 0
0.0073827 0
0.0073884 0
0.007394 0
0.0073996 0
0.0074053 0
0.0074109 0
0.0074165 0
0.0074221 0
0.0074278 0
0.0074334 0
0.007439 0
0.0074447 0
0.0074503 0
0.0074559 0
0.0074615 0
0.0074672 0
0.0074728 0
0.0074784 1e-07
0.0074841 1e-07
0.0074897 1e-07
0.0074953 1e-07
0.0075009 1e-07
0.0075066 1e-07
0.0075122 1e-07
0.0075178 1e-07
0.0075235 1e-07
0.0075291 1e-07
0.0075347 1e-07
0.0075403 1e-07
0.007546 1e-07
0.0075516 1e-07
0.0075572 1e-07
0.0075629 0
0.0075685 0
0.0075741 0
0.0075797 0
0.0075854 0
0.007591 0
0.0075966 0
0.0076023 0
0.0076079 0
0.0076135 0
0.0076191 0
0.0076248 0
0.0076304 0
0.007636 0
0.0076417 0
0.0076473 0
0.0076529 0
0.0076585 0
0.0076642 0
0.0076698 0
0.0076754 0
0.0076811 0
0.0076867 0
0.0076923 0
0.0076979 0
0.0077036 0
0.0077092 0
0.0077148 0
0.0077205 0
0.0077261 0
0.0077317 0
0.0077373 0
0.007743 0
0.0077486 0
0.0077542 0
0.0077598 0
0.0077655 0
0.0077711 0
0.0077767 0
0.0077824 0
0.007788 0
0.0077936 0
0.0077992 0
0.0078049 0
0.0078105 0
0.0078161 0
0.0078218 0
0.0078274 0
0.007833 0
0.0078386 0
0.0078443 0
0.0078499 0
0.0078555 0
0.0078612 0
0.0078668 0
0.0078724 0
0.007878 0
0.0078837 0
0.0078893 0
0.0078949 0
0.0079006 0
0.0079062 0
0.0079118 0
0.0079174 0
0.0079231 0
0.0079287 0
0.0079343 0
0.00794 0
0.0079456 0
0.0079512 0
0.0079568 0
0.0079625 0
0.0079681 0
0.0079737 0
0.0079794 0
0.007985 0
0.0079906 0
0.0079962 0
0.0080019 0
0.0080075 0
0.0080131 0
0.0080188 0
0.0080244 0
0.00803 0
0.0080356 0
0.0080413 0
0.0080469 0
0.0080525 0
0.0080582 0
0.0080638 0
0.0080694 0
0.008075 0
0.0080807 0
0.0080863 0
0.0080919 0
0.0080976 0
0.0081032 0
0.0081088 0
0.0081144 0
0.0081201 0
0.0081257 0
0.0081313 0
0.008137 0
0.0081426 0
0.0081482 0
0.0081538 0
0.0081595 0
0.0081651 0
0.0081707 0
0.0081764 0
0.008182 0
0.0081876 0
0.0081932 0
0.0081989 0
0.0082045 0
0.0082101 0
0.0082158 0
0.0082214 0
0.008227 0
0.0082326 0
0.0082383 0
0.0082439 0
0.0082495 0
0.0082552 0
0.0082608 0
0.0082664 0
0.008272 0
0.0082777 0
0.0082833 0
0.0082889 0
0.0082946 0
0.0083002 0
0.0083058 0
0.0083114 0
0.0083171 0
0.0083227 0
0.0083283 0
0.008334 0
0.0083396 0
0.0083452 0
0.0083508 0
0.0083565 0
0.0083621 0
0.0083677 0
0.0083734 0
0.008379 0
0.0083846 0
0.0083902 0
0.0083959 0
0.0084015 0
0.0084071 0
0.0084128 0
0.0084184 0
0.008424 0
0.0084296 0
0.0084353 0
0.0084409 0
0.0084465 0
0.0084522 0
0.0084578 0
0.0084634 0
0.008469 0
0.0084747 0
0.0084803 0
0.0084859 0
0.0084916 0
0.0084972 0
0.0085028 0
0.0085084 0
0.0085141 0
0.0085197 0
0.0085253 0
0.008531 0
0.0085366 0
0.0085422 0
0.0085478 0
0.0085535 0
0.0085591 0
0.0085647 0
0.0085704 0
0.008576 0
0.0085816 0
0.0085872 0
0.0085929 0
0.0085985 0
0.0086041 0
0.0086098 0
0.0086154 0
0.008621 0
0.0086266 0
0.0086323 0
0.0086379 0
0.0086435 0
0.0086492 0
0.0086548 0
0.0086604 0
0.008666 0
0.0086717 0
0.0086773 0
0.0086829 0
0.0086886 0
0.0086942 0
0.0086998 0
0.0087054 0
0.0087111 0
0.0087167 0
0.0087223 0
0.008728 0
0.0087336 0
0.0087392 0
0.0087448 0
0.0087505 0
0.0087561 0
0.0087617 0
0.0087674 0
0.008773 0
0.0087786 0
0.0087842 0
0.0087899 0
0.0087955 0
0.0088011 0
0.0088068 0
0.0088124 0
0.008818 0
0.0088236 0
0.0088293 0
0.0088349 0
0.0088405 0
0.0088462 0
0.0088518 0
0.0088574 0
0.008863 0
0.0088687 0
0.0088743 0
0.0088799 1e-07
0.0088856 1e-07
0.0088912 1e-07
0.0088968 2e-07
0.0089024 2e-07
0.0089081 3e-07
0.0089137 3e-07
0.0089193 4e-07
0.008925 5e-07
0.0089306 5e-07
0.0089362 6e-07
0.0089418 7e-07
0.0089475 7e-07
0.0089531 7e-07
0.0089587 8e-07
0.0089644 8e-07
0.00897 7e-07
0.0089756 7e-07
0.0089812 6e-07
0.0089869 5e-07
0.0089925 5e-07
0.0089981 4e-07
0.0090038 3e-07
0.0090094 2e-07
0.009015 2e-07
0.0090206 1e-07
0.0090263 1e-07
0.0090319 1e-07
0.0090375 0
0.0090432 0
0.0090488 0
0.0090544 0
0.00906 0
0.0090657 0
0.0090713 0
0.0090769 0
0.0090826 0
0.0090882 0
0.0090938 0
0.0090994 0
0.0091051 0
0.0091107 0
0.0091163 0
0.009122 0
0.0091276 0
0.0091332 0
0.0091388 0
0.0091445 0
0.0091501 0
0.0091557 0
0.0091614 0
0.009167 0
0.0091726 0
0.0091782 0
0.0091839 0
0.0091895 0
0.0091951 0
0.0092008 0
0.0092064 0
0.009212 0
0.0092176 0
0.0092233 0
0.0092289 0
0.0092345 0
0.0092402 0
0.0092458 0
0.0092514 0
0.009257 0
0.0092627 0
0.0092683 0
0.0092739 0
0.0092795 0
0.0092852 0
0.0092908 0
0.0092964 0
0.0093021 0
0.0093077 0
0.0093133 0
0.0093189 0
0.0093246 0
0.0093302 0
0.0093358 0
0.0093415 1e-07
0.0093471 1e-07
0.0093527 1e-07
0.0093583 2e-07
0.009364 2e-07
0.0093696 3e-07
0.0093752 3e-07
0.0093809 3e-07
0.0093865 4e-07
0.0093921 4e-07
0.0093977 4e-07
0.0094034 4e-07
0.009409 4e-07
0.0094146 3e-07
0.0094203 3e-07
0.0094259 3e-07
0.0094315 2e-07
0.0094371 2e-07
0.0094428 2e-07
0.0094484 1e-07
0.009454 1e-07
0.0094597 1e-07
0.0094653 1e-07
0.0094709 1e-07
0.0094765 0
0.0094822 0
0.0094878 0
0.0094934 0
0.0094991 0
0.0095047 0
0.0095103 0
0.0095159 0
0.0095216 0
0.0095272 0
0.0095328 0
0.0095385 0
0.0095441 0
0.0095497 0
0.0095553 0
0.009561 0
0.0095666 0
0.0095722 0
0.0095779 0
0.0095835 0
0.0095891 0
0.0095947 0
0.0096004 0
0.009606 0
0.0096116 0
0.0096173 0
0.0096229 0
0.0096285 0
0.0096341 0
0.0096398 0
0.0096454 0
0.009651 0
0.0096567 0
0.0096623 0
0.0096679 0
0.0096735 0
0.0096792 0
0.0096848 0
0.0096904 0
0.0096961 0
0.0097017 0
0.0097073 0
0.0097129 0
0.0097186 0
0.0097242 0
0.0097298 0
0.0097355 0
0.0097411 0
0.0097467 0
0.0097523 0
0.009758 0
0.0097636 0
0.0097692 0
0.0097749 0
0.0097805 0
0.0097861 0
0.0097917 0
0.0097974 0
0.009803 0
0.0098086 0
0.0098143 0
0.0098199 0
0.0098255 0
0.0098311 0
0.0098368 1e-07
0.0098424 1e-07
0.009848 2e-07
0.0098537 4e-07
0.0098593 6e-07
0.0098649 1e-06
0.0098705 1.4e-06
0.0098762 1.9e-06
0.0098818 2.6e-06
0.0098874 3.5e-06
0.0098931 3.5e-06
0.0098987 3.6e-06
0.0099043 3.6e-06
0.0099099 3.6e-06
0.0099156 2.8e-06
0.0099212 2.1e-06
0.0099268 1.6e-06
0.0099325 1.3e-06
0.0099381 8e-07
0.0099437 5e-07
0.0099493 3e-07
0.009955 2e-07
0.0099606 1e-07
0.0099662 1e-07
0.0099719 0
0.0099775 0
0.0099831 0
0.0099887 0
0.0099944 0
0.01 0
