0.001 0
0.0010056 0
0.0010113 0
0.0010169 0
0.0010225 0
0.0010281 0
0.0010338 0
0.0010394 0
0.001045 0
0.0010507 0
0.0010563 0
0.0010619 0
0.0010675 0
0.0010732 0
0.0010788 0
0.0010844 0
0.0010901 0
0.0010957 0
0.0011013 0
0.0011069 0
0.0011126 0
0.0011182 0
0.0011238 0
0.0011295 0
0.0011351 0
0.0011407 0
0.0011463 0
0.001152 0
0.0011576 0
0.0011632 0
0.0011689 0
0.0011745 0
0.0011801 0
0.0011857 0
0.0011914 0
0.001197 0
0.0012026 0
0.0012083 0
0.0012139 0
0.0012195 0
0.0012251 0
0.0012308 0
0.0012364 0
0.001242 0
0.0012477 0
0.0012533 0
0.0012589 0
0.0012645 0
0.0012702 0
0.0012758 0
0.0012814 0
0.0012871 0
0.0012927 0
0.0012983 0
0.0013039 0
0.0013096 0
0.0013152 0
0.0013208 0
0.0013265 0
0.0013321 0
0.0013377 0
0.0013433 0
0.001349 0
0.0013546 0
0.0013602 0
0.0013659 0
0.0013715 0
0.0013771 0
0.0013827 0
0.0013884 0
0.001394 0
0.0013996 0
0.0014053 0
0.0014109 0
0.0014165 0
0.0014221 0
0.0014278 0
0.0014334 0
0.001439 0
0.0014447 0
0.0014503 0
0.0014559 0
0.0014615 0
0.0014672 0
0.0014728 0
0.0014784 0
0.0014841 0
0.0014897 0
0.0014953 0
0.0015009 0
0.0015066 0
0.0015122 0
0.0015178 0
0.0015235 0
0.0015291 0
0.0015347 0
0.0015403 0
0.001546 0
0.0015516 0
0.0015572 0
0.0015629 0
0.0015685 0
0.0015741 0
0.0015797 0
0.0015854 0
0.001591 0
0.0015966 0
0.0016023 0
0.0016079 0
0.0016135 0
0.0016191 0
0.0016248 0
0.0016304 0
0.001636 0
0.0016417 0
0.0016473 0
0.0016529 0
0.0016585 0
0.0016642 0
0.0016698 0
0.0016754 0
0.0016811 0
0.0016867 0
0.0016923 0
0.0016979 0
0.0017036 0
0.0017092 0
0.0017148 0
0.0017205 0
0.0017261 0
0.0017317 0
0.0017373 0
0.001743 0
0.0017486 0
0.0017542 0
0.0017598 0
0.0017655 0
0.0017711 0
0.0017767 0
0.0017824 0
0.001788 0
0.0017936 0
0.0017992 0
0.0018049 0
0.0018105 0
0.0018161 0
0.0018218 0
0.0018274 0
0.001833 0
0.0018386 0
0.0018443 0
0.0018499 0
0.0018555 0
0.0018612 0
0.0018668 0
0.0018724 0
0.001878 0
0.0018837 0
0.0018893 0
0.0018949 0
0.0019006 0
0.0019062 0
0.0019118 0
0.0019174 0
0.0019231 0
0.0019287 0
0.0019343 0
0.00194 0
0.0019456 0
0.0019512 0
0.0019568 0
0.0019625 0
0.0019681 0
0.0019737 0
0.0019794 0
0.001985 0
0.0019906 0
0.0019962 0
0.0020019 0
0.0020075 0
0.0020131 0
0.0020188 0
0.0020244 0
0.00203 0
0.0020356 0
0.0020413 0
0.0020469 0
0.0020525 0
0.0020582 0
0.0020638 0
0.0020694 0
0.002075 0
0.0020807 0
0.0020863 0
0.0020919 0
0.0020976 0
0.0021032 0
0.0021088 0
0.0021144 0
0.0021201 0
0.0021257 0
0.0021313 0
0.002137 0
0.0021426 0
0.0021482 0
0.0021538 0
0.0021595 0
0.0021651 0
0.0021707 0
0.0021764 0
0.002182 0
0.0021876 0
0.0021932 0
0.0021989 0
0.0022045 0
0.0022101 0
0.0022158 0
0.0022214 0
0.002227 0
0.0022326 0
0.0022383 0
0.0022439 0
0.0022495 0
0.0022552 0
0.0022608 0
0.0022664 0
0.002272 0
0.0022777 0
0.0022833 0
0.0022889 0
0.0022946 0
0.0023002 0
0.0023058 0
0.0023114 0
0.0023171 0
0.0023227 0
0.0023283 1e-07
0.002334 2e-07
0.0023396 5e-07
0.0023452 1.2e-06
0.0023508 2.7e-06
0.0023565 6.3e-06
0.0023621 1.44e-05
0.0023677 3.31e-05
0.0023734 7.62e-05
0.002379 0.0001708
0.0023846 0.0003747
0.0023902 0.0008222
0.0023959 0.0018038
0.0024015 0.003804
0.0024071 0.0077496
0.0024128 0.0157878
0.0024184 0.0321633
0.002424 0.0629408
0.0024296 0.1187909
0.0024353 0.2241994
0.0024409 0.4231415
0.0024465 0.7722015
0.0024522 1.3659283
0.0024578 2.4161571
0.0024634 4.2738811
0.002469 7.3535768
0.0024747 12.3220821
0.0024803 20.6475995
0.0024859 34.598322
0.0024916 56.4209729
0.0024972 89.5781916
0.0025028 142.2210926
0.0025084 225.8009322
0.0025141 346.8900752
0.0025197 515.4016958
0.0025253 765.7725803
0.002531 1137.768171
0.0025366 1619.8507104
0.0025422 2205.5051942
0.0025478 3002.9021382
0.0025535 4088.5966967
0.0025591 5278.2435649
0.0025647 6433.9925025
0.0025704 7842.8096417
0.002576 9560.1079815
0.0025816 10930.6072246
0.0025872 11639.2819445
0.0025929 12393.9028637
0.0025985 13197.448857
0.0026041 12978.4008436
0.0026098 11651.6183401
0.0026154 10460.4728718
0.002621 9391.0982584
0.0026266 7592.5486278
0.0026323 5424.5172879
0.0026379 3875.5613232
0.0026435 2768.9054662
0.0026492 1731.3087502
0.0026548 920.4225632
0.0026604 489.3279115
0.002666 260.1433456
0.0026717 120.1023671
0.0026773 46.455637
0.0026829 17.9690564
0.0026886 6.9504372
0.0026942 2.4264399
0.0026998 0.7419007
0.0027054 0.2268413
0.0027111 0.0693583
0.0027167 0.0207187
0.0027223 0.0059999
0.002728 0.0017375
0.0027336 0.0005032
0.0027392 0.0001545
0.0027448 5.14e-05
0.0027505 1.71e-05
0.0027561 5.7e-06
0.0027617 2.1e-06
0.0027674 9e-07
0.002773 4e-07
0.0027786 2e-07
0.0027842 1e-07
0.0027899 0
0.0027955 0
0.0028011 0
0.0028068 0
0.0028124 0
0.002818 0
0.0028236 0
0.0028293 0
0.0028349 0
0.0028405 0
0.0028462 0
0.0028518 0
0.0028574 0
0.002863 0
0.0028687 0
0.0028743 0
0.0028799 0
0.0028856 0
0.0028912 0
0.0028968 0
0.0029024 0
0.0029081 0
0.0029137 0
0.0029193 0
0.002925 0
0.0029306 0
0.0029362 0
0.0029418 0
0.0029475 0
0.0029531 0
0.0029587 0
0.0029644 0
0.00297 0
0.0029756 0
0.0029812 0
0.0029869 0
0.0029925 0
0.0029981 0
0.0030038 0
0.0030094 0
0.003015 0
0.0030206 0
0.0030263 0
0.0030319 0
0.0030375 0
0.0030432 0
0.0030488 0
0.0030544 0
0.00306 0
0.0030657 0
0.0030713 0
0.0030769 0
0.0030826 0
0.0030882 0
0.0030938 0
0.0030994 0
0.0031051 0
0.0031107 0
0.0031163 0
0.003122 0
0.0031276 0
0.0031332 0
0.0031388 0
0.0031445 1e-07
0.0031501 1e-07
0.0031557 1e-07
0.0031614 1e-07
0.003167 2e-07
0.0031726 3e-07
0.0031782 4e-07
0.0031839 6e-07
0.0031895 9e-07
0.0031951 1.4e-06
0.0032008 2.2e-06
0.0032064 3.5e-06
0.003212 5.6e-06
0.0032176 9.2e-06
0.0032233 1.53e-05
0.0032289 2.54e-05
0.0032345 4.23e-05
0.0032402 7.16e-05
0.0032458 0.0001213
0.0032514 0.0002055
0.003257 0.0003471
0.0032627 0.0005814
0.0032683 0.0009738
0.0032739 0.0016311
0.0032795 0.0027099
0.0032852 0.0043877
0.0032908 0.007104
0.0032964 0.0115021
0.0033021 0.0184225
0.0033077 0.0284737
0.0033133 0.0440089
0.0033189 0.0680201
0.0033246 0.1038228
0.0033302 0.1517988
0.0033358 0.2219443
0.0033415 0.3245036
0.0033471 0.4677006
0.0033527 0.6403013
0.0033583 0.8765988
0.003364 1.2000999
0.0033696 1.6173906
0.0033752 2.055139
0.0033809 2.6113644
0.0033865 3.3181329
0.0033921 4.1504243
0.0033977 4.8807511
0.0034034 5.7395895
0.003409 6.7495529
0.0034146 7.822771
0.0034203 8.5405159
0.0034259 9.3241143
0.0034315 10.1796085
0.0034371 10.9681829
0.0034428 11.1642209
0.0034484 11.3637628
0.003454 11.5668711
0.0034597 11.6249907
0.0034653 11.0284091
0.0034709 10.4624435
0.0034765 9.9255225
0.0034822 9.2908535
0.0034878 8.1570383
0.0034934 7.1615889
0.0034991 6.2876199
0.0035047 5.4404689
0.0035103 4.3738574
0.0035159 3.5163566
0.0035216 2.82697
0.0035272 2.2388556
0.0035328 1.6365886
0.0035385 1.1963354
0.0035441 0.8745133
0.0035497 0.6304906
0.0035553 0.4204203
0.003561 0.2803424
0.0035666 0.1869364
0.0035722 0.1233046
0.0035779 0.0761988
0.0035835 0.0470887
0.0035891 0.0290995
0.0035947 0.0178613
0.0036004 0.0104992
0.003606 0.0061716
0.0036116 0.0036278
0.0036173 0.0021279
0.0036229 0.0012297
0.0036285 0.0007107
0.0036341 0.0004107
0.0036398 0.0002379
0.0036454 0.0001404
0.003651 8.28e-05
0.0036567 4.89e-05
0.0036623 2.9e-05
0.0036679 1.82e-05
0.0036735 1.14e-05
0.0036792 7.1e-06
0.0036848 4.5e-06
0.0036904 3.1e-06
0.0036961 2.1e-06
0.0037017 1.4e-06
0.0037073 1e-06
0.0037129 7e-07
0.0037186 6e-07
0.0037242 4e-07
0.0037298 3e-07
0.0037355 3e-07
0.0037411 2e-07
0.0037467 2e-07
0.0037523 2e-07
0.003758 1e-07
0.0037636 1e-07
0.0037692 1e-07
0.0037749 1e-07
0.0037805 1e-07
0.0037861 1e-07
0.0037917 1e-07
0.0037974 1e-07
0.003803 1e-07
0.0038086 1e-07
0.0038143 1e-07
0.0038199 1e-07
0.0038255 1e-07
0.0038311 1e-07
0.0038368 1e-07
0.0038424 1e-07
0.003848 1e-07
0.0038537 1e-07
0.0038593 1e-07
0.0038649 1e-07
0.0038705 1e-07
0.0038762 1e-07
0.0038818 1e-07
0.0038874 1e-07
0.0038931 1e-07
0.0038987 1e-07
0.0039043 1e-07
0.0039099 1e-07
0.0039156 1e-07
0.0039212 1e-07
0.0039268 1e-07
0.0039325 1e-07
0.0039381 1e-07
0.0039437 1e-07
0.0039493 1e-07
0.003955 1e-07
0.0039606 1e-07
0.0039662 1e-07
0.0039719 1e-07
0.0039775 1e-07
0.0039831 1e-07
0.0039887 1e-07
0.0039944 1e-07
0.004 1e-07
0.0040056 1e-07
0.0040113 1e-07
0.0040169 1e-07
0.0040225 1e-07
0.0040281 1e-07
0.0040338 1e-07
0.0040394 1e-07
0.004045 2e-07
0.0040507 2e-07
0.0040563 2e-07
0.0040619 2e-07
0.0040675 3e-07
0.0040732 4e-07
0.0040788 4e-07
0.0040844 5e-07
0.0040901 7e-07
0.0040957 9e-07
0.0041013 1.3e-06
0.0041069 1.7e-06
0.0041126 2.3e-06
0.0041182 3.4e-06
0.0041238 4.9e-06
0.0041295 7.2e-06
0.0041351 1.05e-05
0.0041407 1.6e-05
0.0041463 2.46e-05
0.004152 3.79e-05
0.0041576 5.81e-05
0.0041632 9.2e-05
0.0041689 0.0001458
0.0041745 0.000231
0.0041801 0.000366
0.0041857 0.0005874
0.0041914 0.0009435
0.004197 0.0015153
0.0042026 0.0024337
0.0042083 0.003901
0.0042139 0.0062521
0.0042195 0.0100201
0.0042251 0.0160592
0.0042308 0.0253655
0.0042364 0.0400174
0.004242 0.0631326
0.0042477 0.0996
0.0042533 0.1535007
0.0042589 0.2360725
0.0042645 0.3630619
0.0042702 0.5583621
0.0042758 0.8352239
0.0042814 1.2459341
0.0042871 1.8586055
0.0042927 2.7725498
0.0042983 4.0110013
0.0043039 5.7834022
0.0043096 8.3390002
0.0043152 12.0238783
0.0043208 16.7181797
0.0043265 23.1460138
0.0043321 32.0452325
0.0043377 44.3660378
0.0043433 58.6926302
0.004349 77.1978774
0.0043546 101.5376592
0.0043602 133.5515507
0.0043659 166.3027014
0.0043715 205.5411966
0.0043771 254.0378667
0.0043827 313.9771432
0.0043884 365.1358775
0.004394 420.8581095
0.0043996 485.0839353
0.0044053 559.1110613
0.0044109 604.3646131
0.0044165 646.749506
0.0044221 692.1069077
0.0044278 740.6452842
0.0044334 740.5174362
0.004439 732.0515096
0.0044447 723.6823693
0.0044503 715.4089087
0.0044559 655.3756745
0.0044615 592.3428182
0.0044672 535.3723489
0.0044728 483.8811971
0.0044784 399.4377399
0.0044841 324.1732005
0.0044897 263.0904731
0.0044953 213.5173324
0.0045009 155.5430625
0.0045066 110.9099678
0.0045122 79.0843434
0.0045178 56.3910845
0.0045235 35.7532627
0.0045291 22.1184252
0.0045347 13.6833591
0.0045403 8.4650835
0.004546 4.7153343
0.0045516 2.5666271
0.0045572 1.3970535
0.0045629 0.7604372
0.0045685 0.388108
0.0045741 0.1951504
0.0045797 0.0981265
0.0045854 0.0493405
0.004591 0.0246316
0.0045966 0.012275
0.0046023 0.0061172
0.0046079 0.0030484
0.0046135 0.0015898
0.0046191 0.0008387
0.0046248 0.0004425
0.0046304 0.0002334
0.004636 0.0001333
0.0046417 7.77e-05
0.0046473 4.53e-05
0.0046529 2.64e-05
0.0046585 1.69e-05
0.0046642 1.11e-05
0.0046698 7.2e-06
0.0046754 4.7e-06
0.0046811 3.4e-06
0.0046867 2.5e-06
0.0046923 1.8e-06
0.0046979 1.3e-06
0.0047036 1.1e-06
0.0047092 8e-07
0.0047148 7e-07
0.0047205 5e-07
0.0047261 5e-07
0.0047317 4e-07
0.0047373 3e-07
0.004743 3e-07
0.0047486 3e-07
0.0047542 2e-07
0.0047598 2e-07
0.0047655 2e-07
0.0047711 2e-07
0.0047767 2e-07
0.0047824 2e-07
0.004788 1e-07
0.0047936 1e-07
0.0047992 1e-07
0.0048049 1e-07
0.0048105 1e-07
0.0048161 1e-07
0.0048218 1e-07
0.0048274 1e-07
0.004833 1e-07
0.0048386 1e-07
0.0048443 1e-07
0.0048499 1e-07
0.0048555 1e-07
0.0048612 1e-07
0.0048668 1e-07
0.0048724 1e-07
0.004878 1e-07
0.0048837 1e-07
0.0048893 1e-07
0.0048949 1e-07
0.0049006 1e-07
0.0049062 1e-07
0.0049118 1e-07
0.0049174 1e-07
0.0049231 1e-07
0.0049287 1e-07
0.0049343 1e-07
0.00494 1e-07
0.0049456 1e-07
0.0049512 1e-07
0.0049568 1e-07
0.0049625 1e-07
0.0049681 1e-07
0.0049737 1e-07
0.0049794 2e-07
0.004985 2e-07
0.0049906 2e-07
0.0049962 3e-07
0.0050019 3e-07
0.0050075 4e-07
0.0050131 5e-07
0.0050188 6e-07
0.0050244 8e-07
0.00503 1e-06
0.0050356 1.3e-06
0.0050413 1.8e-06
0.0050469 2.6e-06
0.0050525 3.6e-06
0.0050582 5e-06
0.0050638 7.3e-06
0.0050694 1.1e-05
0.005075 1.63e-05
0.0050807 2.44e-05
0.0050863 3.76e-05
0.0050919 5.9e-05
0.0050976 9.26e-05
0.0051032 0.0001453
0.0051088 0.0002341
0.0051144 0.0003829
0.0051201 0.0006261
0.0051257 0.0010237
0.0051313 0.001708
0.005137 0.0028844
0.0051426 0.0048709
0.0051482 0.0082256
0.0051538 0.0140804
0.0051595 0.0243063
0.0051651 0.041959
0.0051707 0.0724321
0.0051764 0.1251591
0.005182 0.2164045
0.0051876 0.3741713
0.0051932 0.6469557
0.0051989 1.0966487
0.0052045 1.8346605
0.0052101 3.069332
0.0052158 5.1349004
0.0052214 8.2174027
0.005227 12.7571762
0.0052326 19.8049858
0.0052383 30.7464173
0.0052439 44.749841
0.0052495 62.2341363
0.0052552 86.5497537
0.0052608 120.3657722
0.0052664 155.2858785
0.005272 189.6906198
0.0052777 231.7179876
0.0052833 283.0568312
0.0052889 320.1877169
0.0052946 341.8995627
0.0053002 365.0836831
0.0053058 389.8399127
0.0053114 386.8829621
0.0053171 362.8110142
0.0053227 340.2368285
0.0053283 319.0672139
0.005334 279.9747099
0.0053396 232.9925581
0.0053452 193.8944134
0.0053508 161.3572719
0.0053565 126.7781828
0.0053621 95.0122191
0.0053677 71.2056411
0.0053734 53.3641185
0.005379 38.1643023
0.0053846 26.232753
0.0053902 18.0314401
0.0053959 12.3941559
0.0054015 8.2270901
0.0054071 5.2971181
0.0054128 3.4106178
0.0054184 2.1959702
0.005424 1.3827889
0.0054296 0.8534689
0.0054353 0.5267682
0.0054409 0.3251258
0.0054465 0.1988312
0.0054522 0.1205615
0.0054578 0.0731026
0.0054634 0.0443259
0.005469 0.0269923
0.0054747 0.0165044
0.0054803 0.0100916
0.0054859 0.0061705
0.0054916 0.0038426
0.0054972 0.0024366
0.0055028 0.001545
0.0055084 0.0009796
0.0055141 0.0006411
0.0055197 0.0004331
0.0055253 0.0002926
0.005531 0.0001977
0.0055366 0.0001391
0.0055422 0.000102
0.0055478 7.48e-05
0.0055535 5.49e-05
0.0055591 4.2e-05
0.0055647 3.35e-05
0.0055704 2.68e-05
0.005576 2.14e-05
0.0055816 1.77e-05
0.0055872 1.52e-05
0.0055929 1.3e-05
0.0055985 1.12e-05
0.0056041 9.8e-06
0.0056098 8.9e-06
0.0056154 8e-06
0.005621 7.2e-06
0.0056266 6.6e-06
0.0056323 6.2e-06
0.0056379 5.8e-06
0.0056435 5.4e-06
0.0056492 5.1e-06
0.0056548 4.8e-06
0.0056604 4.6e-06
0.005666 4.3e-06
0.0056717 4.1e-06
0.0056773 4e-06
0.0056829 3.8e-06
0.0056886 3.7e-06
0.0056942 3.5e-06
0.0056998 3.4e-06
0.0057054 3.3e-06
0.0057111 3.2e-06
0.0057167 3.1e-06
0.0057223 2.9e-06
0.005728 2.8e-06
0.0057336 2.7e-06
0.0057392 2.6e-06
0.0057448 2.5e-06
0.0057505 2.4e-06
0.0057561 2.3e-06
0.0057617 2.2e-06
0.0057674 2.1e-06
0.005773 2e-06
0.0057786 1.9e-06
0.0057842 1.8e-06
0.0057899 1.7e-06
0.0057955 1.6e-06
0.0058011 1.6e-06
0.0058068 1.5e-06
0.0058124 1.4e-06
0.005818 1.3e-06
0.0058236 1.2e-06
0.0058293 1.1e-06
0.0058349 1e-06
0.0058405 9e-07
0.0058462 8e-07
0.0058518 7e-07
0.0058574 7e-07
0.005863 6e-07
0.0058687 5e-07
0.0058743 5e-07
0.0058799 4e-07
0.0058856 3e-07
0.0058912 3e-07
0.0058968 3e-07
0.0059024 2e-07
0.0059081 2e-07
0.0059137 2e-07
0.0059193 1e-07
0.005925 1e-07
0.0059306 1e-07
0.0059362 1e-07
0.0059418 1e-07
0.0059475 1e-07
0.0059531 1e-07
0.0059587 1e-07
0.0059644 0
0.00597 0
0.0059756 0
0.0059812 0
0.0059869 0
0.0059925 0
0.0059981 0
0.0060038 0
0.0060094 0
0.006015 0
0.0060206 0
0.0060263 0
0.0060319 0
0.0060375 1e-07
0.0060432 1e-07
0.0060488 1e-07
0.0060544 1e-07
0.00606 1e-07
0.0060657 1e-07
0.0060713 1e-07
0.0060769 2e-07
0.0060826 2e-07
0.0060882 3e-07
0.0060938 4e-07
0.0060994 5e-07
0.0061051 7e-07
0.0061107 1e-06
0.0061163 1.3e-06
0.006122 1.8e-06
0.0061276 2.4e-06
0.0061332 3.3e-06
0.0061388 4.5e-06
0.0061445 6.2e-06
0.0061501 8.4e-06
0.0061557 1.14e-05
0.0061614 1.55e-05
0.006167 2.07e-05
0.0061726 2.69e-05
0.0061782 3.49e-05
0.0061839 4.53e-05
0.0061895 5.77e-05
0.0061951 6.99e-05
0.0062008 8.46e-05
0.0062064 0.0001023
0.006212 0.000121
0.0062176 0.000134
0.0062233 0.0001484
0.0062289 0.0001643
0.0062345 0.0001778
0.0062402 0.0001798
0.0062458 0.0001818
0.0062514 0.0001838
0.006257 0.0001823
0.0062627 0.0001702
0.0062683 0.000159
0.0062739 0.0001485
0.0062795 0.0001366
0.0062852 0.0001199
0.0062908 0.0001052
0.0062964 9.23e-05
0.0063021 8.02e-05
0.0063077 6.73e-05
0.0063133 5.65e-05
0.0063189 4.74e-05
0.0063246 3.95e-05
0.0063302 3.22e-05
0.0063358 2.62e-05
0.0063415 2.14e-05
0.0063471 1.73e-05
0.0063527 1.39e-05
0.0063583 1.12e-05
0.006364 9e-06
0.0063696 7.2e-06
0.0063752 5.8e-06
0.0063809 4.7e-06
0.0063865 3.8e-06
0.0063921 3.1e-06
0.0063977 2.5e-06
0.0064034 2.1e-06
0.006409 1.7e-06
0.0064146 1.4e-06
0.0064203 1.2e-06
0.0064259 1e-06
0.0064315 8e-07
0.0064371 7e-07
0.0064428 6e-07
0.0064484 6e-07
0.006454 5e-07
0.0064597 4e-07
0.0064653 4e-07
0.0064709 3e-07
0.0064765 3e-07
0.0064822 3e-07
0.0064878 3e-07
0.0064934 2e-07
0.0064991 2e-07
0.0065047 2e-07
0.0065103 2e-07
0.0065159 2e-07
0.0065216 2e-07
0.0065272 2e-07
0.0065328 2e-07
0.0065385 2e-07
0.0065441 2e-07
0.0065497 2e-07
0.0065553 2e-07
0.006561 2e-07
0.0065666 2e-07
0.0065722 2e-07
0.0065779 2e-07
0.0065835 2e-07
0.0065891 2e-07
0.0065947 2e-07
0.0066004 2e-07
0.006606 2e-07
0.0066116 2e-07
0.0066173 2e-07
0.0066229 2e-07
0.0066285 2e-07
0.0066341 3e-07
0.0066398 3e-07
0.0066454 3e-07
0.006651 3e-07
0.0066567 3e-07
0.0066623 3e-07
0.0066679 4e-07
0.0066735 4e-07
0.0066792 4e-07
0.0066848 4e-07
0.0066904 4e-07
0.0066961 4e-07
0.0067017 4e-07
0.0067073 5e-07
0.0067129 5e-07
0.0067186 5e-07
0.0067242 4e-07
0.0067298 4e-07
0.0067355 4e-07
0.0067411 4e-07
0.0067467 4e-07
0.0067523 4e-07
0.006758 3e-07
0.0067636 3e-07
0.0067692 3e-07
0.0067749 3e-07
0.0067805 2e-07
0.0067861 2e-07
0.0067917 2e-07
0.0067974 2e-07
0.006803 1e-07
0.0068086 1e-07
0.0068143 1e-07
0.0068199 1e-07
0.0068255 1e-07
0.0068311 1e-07
0.0068368 0
0.0068424 0
0.006848 0
0.0068537 0
0.0068593 0
0.0068649 0
0.0068705 0
0.0068762 0
0.0068818 0
0.0068874 0
0.0068931 0
0.0068987 0
0.0069043 0
0.0069099 0
0.0069156 0
0.0069212 0
0.0069268 0
0.0069325 0
0.0069381 0
0.0069437 0
0.0069493 0
0.006955 0
0.0069606 0
0.0069662 0
0.0069719 0
0.0069775 0
0.0069831 0
0.0069887 0
0.0069944 0
0.007 0
0.0070056 0
0.0070113 0
0.0070169 0
0.0070225 0
0.0070281 0
0.0070338 0
0.0070394 0
0.007045 0
0.0070507 0
0.0070563 0
0.0070619 0
0.0070675 0
0.0070732 0
0.0070788 0
0.0070844 0
0.0070901 0
0.0070957 0
0.0071013 0
0.0071069 0
0.0071126 0
0.0071182 0
0.0071238 0
0.0071295 0
0.0071351 0
0.0071407 0
0.0071463 0
0.007152 0
0.0071576 0
0.0071632 0
0.0071689 0
0.0071745 0
0.0071801 0
0.0071857 0
0.0071914 0
0.007197 0
0.0072026 0
0.0072083 0
0.0072139 0
0.0072195 0
0.0072251 0
0.0072308 0
0.0072364 0
0.007242 0
0.0072477 0
0.0072533 0
0.0072589 0
0.0072645 0
0.0072702 0
0.0072758 0
0.0072814 0
0.0072871 0
0.0072927 0
0.0072983 0
0.0073039 0
0.0073096 0
0.0073152 0
0.0073208 0
0.0073265 0
0.0073321 0
0.0073377 0
0.0073433 0
0.007349 0
0.0073546 0
0.0073602 0
0.0073659 0
0.0073715 0
0.0073771 0
0.0073827 0
0.0073884 0
0.007394 0
0.0073996 0
0.0074053 0
0.0074109 0
0.0074165 0
0.0074221 0
0.0074278 0
0.0074334 0
0.007439 0
0.0074447 0
0.0074503 0
0.0074559 0
0.0074615 0
0.0074672 0
0.0074728 0
0.0074784 0
0.0074841 0
0.0074897 0
0.0074953 0
0.0075009 0
0.0075066 0
0.0075122 0
0.0075178 0
0.0075235 0
0.0075291 0
0.0075347 0
0.0075403 0
0.007546 0
0.0075516 0
0.0075572 0
0.0075629 0
0.0075685 0
0.0075741 0
0.0075797 0
0.0075854 0
0.007591 0
0.0075966 0
0.0076023 0
0.0076079 0
0.0076135 0
0.0076191 0
0.0076248 0
0.0076304 0
0.007636 0
0.0076417 0
0.0076473 0
0.0076529 0
0.0076585 0
0.0076642 0
0.0076698 0
0.0076754 0
0.0076811 0
0.0076867 0
0.0076923 0
0.0076979 0
0.0077036 0
0.0077092 0
0.0077148 0
0.0077205 0
0.0077261 0
0.0077317 0
0.0077373 0
0.007743 0
0.0077486 0
0.0077542 0
0.0077598 0
0.0077655 0
0.0077711 0
0.0077767 0
0.0077824 0
0.007788 0
0.0077936 0
0.0077992 0
0.0078049 0
0.0078105 0
0.0078161 0
0.0078218 0
0.0078274 0
0.007833 0
0.0078386 0
0.0078443 0
0.0078499 0
0.0078555 0
0.0078612 0
0.0078668 0
0.0078724 0
0.007878 0
0.0078837 0
0.0078893 0
0.0078949 0
0.0079006 0
0.0079062 0
0.0079118 0
0.0079174 0
0.0079231 0
0.0079287 0
0.0079343 0
0.00794 0
0.0079456 0
0.0079512 0
0.0079568 0
0.0079625 0
0.0079681 0
0.0079737 0
0.0079794 0
0.007985 0
0.0079906 0
0.0079962 0
0.0080019 0
0.0080075 0
0.0080131 0
0.0080188 0
0.0080244 0
0.00803 0
0.0080356 0
0.0080413 0
0.0080469 0
0.0080525 0
0.0080582 0
0.0080638 0
0.0080694 0
0.008075 0
0.0080807 0
0.0080863 0
0.0080919 0
0.0080976 0
0.0081032 0
0.0081088 0
0.0081144 0
0.0081201 0
0.0081257 0
0.0081313 0
0.008137 0
0.0081426 0
0.0081482 0
0.0081538 0
0.0081595 0
0.0081651 0
0.0081707 0
0.0081764 0
0.008182 0
0.0081876 0
0.0081932 0
0.0081989 0
0.0082045 0
0.0082101 0
0.0082158 0
0.0082214 0
0.008227 0
0.0082326 0
0.0082383 0
0.0082439 0
0.0082495 0
0.0082552 0
0.0082608 0
0.0082664 0
0.008272 0
0.0082777 0
0.0082833 0
0.0082889 0
0.0082946 0
0.0083002 0
0.0083058 0
0.0083114 0
0.0083171 0
0.0083227 0
0.0083283 0
0.008334 0
0.0083396 0
0.0083452 0
0.0083508 0
0.0083565 0
0.0083621 0
0.0083677 0
0.0083734 0
0.008379 0
0.0083846 0
0.0083902 0
0.0083959 0
0.0084015 0
0.0084071 0
0.0084128 0
0.0084184 0
0.008424 0
0.0084296 0
0.0084353 0
0.0084409 0
0.0084465 0
0.0084522 0
0.0084578 0
0.0084634 0
0.008469 0
0.0084747 0
0.0084803 0
0.0084859 0
0.0084916 0
0.0084972 0
0.0085028 0
0.0085084 0
0.0085141 0
0.0085197 0
0.0085253 0
0.008531 0
0.0085366 0
0.0085422 0
0.0085478 0
0.0085535 0
0.0085591 0
0.0085647 0
0.0085704 0
0.008576 0
0.0085816 0
0.0085872 0
0.0085929 0
0.0085985 0
0.0086041 0
0.0086098 0
0.0086154 0
0.008621 0
0.0086266 0
0.0086323 0
0.0086379 0
0.0086435 0
0.0086492 0
0.0086548 0
0.0086604 0
0.008666 0
0.0086717 0
0.0086773 0
0.0086829 0
0.0086886 0
0.0086942 0
0.0086998 0
0.0087054 0
0.0087111 0
0.0087167 0
0.0087223 0
0.008728 0
0.0087336 0
0.0087392 0
0.0087448 0
0.0087505 0
0.0087561 0
0.0087617 0
0.0087674 0
0.008773 0
0.0087786 0
0.0087842 0
0.0087899 0
0.0087955 0
0.0088011 0
0.0088068 0
0.0088124 0
0.008818 0
0.0088236 0
0.0088293 0
0.0088349 0
0.0088405 0
0.0088462 0
0.0088518 0
0.0088574 0
0.008863 0
0.0088687 0
0.0088743 0
0.0088799 0
0.0088856 0
0.0088912 0
0.0088968 0
0.0089024 0
0.0089081 0
0.0089137 0
0.0089193 0
0.008925 0
0.0089306 0
0.0089362 0
0.0089418 0
0.0089475 0
0.0089531 0
0.0089587 0
0.0089644 0
0.00897 0
0.0089756 0
0.0089812 0
0.0089869 0
0.0089925 0
0.0089981 0
0.0090038 0
0.0090094 0
0.009015 0
0.0090206 0
0.0090263 0
0.0090319 0
0.0090375 0
0.0090432 0
0.0090488 0
0.0090544 0
0.00906 0
0.0090657 0
0.0090713 0
0.0090769 0
0.0090826 0
0.0090882 0
0.0090938 0
0.0090994 0
0.0091051 0
0.0091107 0
0.0091163 0
0.009122 0
0.0091276 0
0.0091332 0
0.0091388 0
0.0091445 0
0.0091501 0
0.0091557 0
0.0091614 0
0.009167 0
0.0091726 0
0.0091782 0
0.0091839 0
0.0091895 0
0.0091951 0
0.0092008 0
0.0092064 0
0.009212 0
0.0092176 0
0.0092233 0
0.0092289 0
0.0092345 0
0.0092402 0
0.0092458 0
0.0092514 0
0.009257 0
0.0092627 0
0.0092683 0
0.0092739 0
0.0092795 0
0.0092852 0
0.0092908 0
0.0092964 0
0.0093021 0
0.0093077 0
0.0093133 0
0.0093189 0
0.0093246 0
0.0093302 0
0.0093358 0
0.0093415 0
0.0093471 0
0.0093527 0
0.0093583 0
0.009364 0
0.0093696 0
0.0093752 0
0.0093809 0
0.0093865 0
0.0093921 0
0.0093977 0
0.0094034 0
0.009409 0
0.0094146 0
0.0094203 0
0.0094259 0
0.0094315 0
0.0094371 0
0.0094428 0
0.0094484 0
0.009454 0
0.0094597 0
0.0094653 0
0.0094709 0
0.0094765 0
0.0094822 0
0.0094878 0
0.0094934 0
0.0094991 0
0.0095047 0
0.0095103 0
0.0095159 0
0.0095216 0
0.0095272 0
0.0095328 0
0.0095385 0
0.0095441 0
0.0095497 0
0.0095553 0
0.009561 0
0.0095666 0
0.0095722 0
0.0095779 0
0.0095835 0
0.0095891 0
0.0095947 0
0.0096004 0
0.009606 0
0.0096116 0
0.0096173 0
0.0096229 0
0.0096285 0
0.0096341 0
0.0096398 0
0.0096454 0
0.009651 0
0.0096567 0
0.0096623 0
0.0096679 0
0.0096735 0
0.0096792 0
0.0096848 0
0.0096904 0
0.0096961 0
0.0097017 0
0.0097073 0
0.0097129 0
0.0097186 0
0.0097242 0
0.0097298 0
0.0097355 0
0.0097411 0
0.0097467 0
0.0097523 0
0.009758 0
0.0097636 0
0.0097692 0
0.0097749 0
0.0097805 0
0.0097861 0
0.0097917 0
0.0097974 0
0.009803 0
0.0098086 0
0.0098143 0
0.0098199 0
0.0098255 0
0.0098311 0
0.0098368 0
0.0098424 0
0.009848 0
0.0098537 0
0.0098593 0
0.0098649 0
0.0098705 0
0.0098762 0
0.0098818 0
0.0098874 0
0.0098931 0
0.0098987 0
0.0099043 0
0.0099099 0
0.0099156 0
0.0099212 0
0.0099268 0
0.0099325 0
0.0099381 0
0.0099437 0
0.0099493 0
0.009955 0
0.0099606 0
0.0099662 0
0.0099719 0
0.0099775 0
0.0099831 0
0.0099887 0
0.0099944 0
0.01 0
