0.001 1e-07
0.0010056 2e-07
0.0010113 2e-07
0.0010169 2e-07
0.0010225 2e-07
0.0010281 2e-07
0.0010338 2e-07
0.0010394 2e-07
0.001045 2e-07
0.0010507 2e-07
0.0010563 2e-07
0.0010619 2e-07
0.0010675 2e-07
0.0010732 3e-07
0.0010788 3e-07
0.0010844 3e-07
0.0010901 4e-07
0.0010957 4e-07
0.0011013 5e-07
0.0011069 5e-07
0.0011126 6e-07
0.0011182 6e-07
0.0011238 7e-07
0.0011295 7e-07
0.0011351 8e-07
0.0011407 8e-07
0.0011463 8e-07
0.001152 8e-07
0.0011576 8e-07
0.0011632 8e-07
0.0011689 8e-07
0.0011745 8e-07
0.0011801 8e-07
0.0011857 9e-07
0.0011914 9e-07
0.001197 1e-06
0.0012026 1.1e-06
0.0012083 1.2e-06
0.0012139 1.3e-06
0.0012195 1.4e-06
0.0012251 1.6e-06
0.0012308 1.7e-06
0.0012364 1.8e-06
0.001242 1.9e-06
0.0012477 2e-06
0.0012533 2e-06
0.0012589 2e-06
0.0012645 2e-06
0.0012702 2e-06
0.0012758 2e-06
0.0012814 2e-06
0.0012871 2.1e-06
0.0012927 2.1e-06
0.0012983 2.2e-06
0.0013039 2.3e-06
0.0013096 2.4e-06
0.0013152 2.5e-06
0.0013208 2.7e-06
0.0013265 2.9e-06
0.0013321 3.1e-06
0.0013377 3.4e-06
0.0013433 3.6e-06
0.001349 3.8e-06
0.0013546 4e-06
0.0013602 4.2e-06
0.0013659 4.3e-06
0.0013715 4.3e-06
0.0013771 4.4e-06
0.0013827 4.4e-06
0.0013884 4.5e-06
0.001394 4.5e-06
0.0013996 4.5e-06
0.0014053 4.6e-06
0.0014109 4.7e-06
0.0014165 4.9e-06
0.0014221 5.1e-06
0.0014278 5.3e-06
0.0014334 5.7e-06
0.001439 6e-06
0.0014447 6.5e-06
0.0014503 6.9e-06
0.0014559 7.3e-06
0.0014615 7.6e-06
0.0014672 8e-06
0.0014728 8.5e-06
0.0014784 8.7e-06
0.0014841 8.8e-06
0.0014897 9e-06
0.0014953 9.1e-06
0.0015009 9.3e-06
0.0015066 9.4e-06
0.0015122 9.5e-06
0.0015178 9.6e-06
0.0015235 9.9e-06
0.0015291 1.02e-05
0.0015347 1.06e-05
0.0015403 1.1e-05
0.001546 1.16e-05
0.0015516 1.23e-05
0.0015572 1.3e-05
0.0015629 1.38e-05
0.0015685 1.45e-05
0.0015741 1.53e-05
0.0015797 1.6e-05
0.0015854 1.69e-05
0.001591 1.74e-05
0.0015966 1.78e-05
0.0016023 1.83e-05
0.0016079 1.88e-05
0.0016135 1.91e-05
0.0016191 1.94e-05
0.0016248 1.98e-05
0.0016304 2.01e-05
0.001636 2.07e-05
0.0016417 2.14e-05
0.0016473 2.22e-05
0.0016529 2.29e-05
0.0016585 2.41e-05
0.0016642 2.54e-05
0.0016698 2.68e-05
0.0016754 2.83e-05
0.0016811 2.98e-05
0.0016867 3.13e-05
0.0016923 3.3e-05
0.0016979 3.47e-05
0.0017036 3.61e-05
0.0017092 3.73e-05
0.0017148 3.85e-05
0.0017205 3.98e-05
0.0017261 4.09e-05
0.0017317 4.18e-05
0.0017373 4.29e-05
0.001743 4.39e-05
0.0017486 4.53e-05
0.0017542 4.7e-05
0.0017598 4.86e-05
0.0017655 5.04e-05
0.0017711 5.29e-05
0.0017767 5.57e-05
0.0017824 5.87e-05
0.001788 6.18e-05
0.0017936 6.53e-05
0.0017992 6.9e-05
0.0018049 7.28e-05
0.0018105 7.69e-05
0.0018161 8.05e-05
0.0018218 8.4e-05
0.0018274 8.77e-05
0.001833 9.15e-05
0.0018386 9.48e-05
0.0018443 9.81e-05
0.0018499 0.0001014
0.0018555 0.0001049
0.0018612 0.000109
0.0018668 0.0001135
0.0018724 0.0001182
0.001878 0.0001231
0.0018837 0.0001295
0.0018893 0.0001368
0.0018949 0.0001446
0.0019006 0.0001528
0.0019062 0.0001622
0.0019118 0.0001725
0.0019174 0.0001834
0.0019231 0.000195
0.0019287 0.0002065
0.0019343 0.0002183
0.00194 0.0002307
0.0019456 0.0002438
0.0019512 0.0002564
0.0019568 0.000269
0.0019625 0.0002822
0.0019681 0.0002961
0.0019737 0.0003114
0.0019794 0.0003279
0.001985 0.0003452
0.0019906 0.0003634
0.0019962 0.0003858
0.0020019 0.0004111
0.0020075 0.000438
0.0020131 0.0004668
0.0020188 0.0005005
0.0020244 0.0005385
0.00203 0.0005794
0.0020356 0.0006234
0.0020413 0.0006708
0.0020469 0.000722
0.0020525 0.000777
0.0020582 0.0008362
0.0020638 0.0008977
0.0020694 0.0009624
0.002075 0.0010317
0.0020807 0.001106
0.0020863 0.0011866
0.0020919 0.0012736
0.0020976 0.001367
0.0021032 0.0014672
0.0021088 0.0015836
0.0021144 0.0017148
0.0021201 0.0018569
0.0021257 0.0020108
0.0021313 0.0021927
0.002137 0.0024013
0.0021426 0.0026297
0.0021482 0.0028798
0.0021538 0.0031674
0.0021595 0.0034931
0.0021651 0.0038522
0.0021707 0.0042483
0.0021764 0.0046894
0.002182 0.0051792
0.0021876 0.0057202
0.0021932 0.0063176
0.0021989 0.0069798
0.0022045 0.0077131
0.0022101 0.0085235
0.0022158 0.0094189
0.0022214 0.0104348
0.002227 0.0115804
0.0022326 0.0128516
0.0022383 0.0142625
0.0022439 0.0159162
0.0022495 0.0178312
0.0022552 0.0199766
0.0022608 0.0223801
0.0022664 0.0252463
0.002272 0.0286226
0.0022777 0.0324505
0.0022833 0.0367903
0.0022889 0.041911
0.0022946 0.0479164
0.0023002 0.0547823
0.0023058 0.062632
0.0023114 0.0716631
0.0023171 0.0820466
0.0023227 0.0939346
0.0023283 0.107545
0.002334 0.1229337
0.0023396 0.1403478
0.0023452 0.1602287
0.0023508 0.1829258
0.0023565 0.208978
0.0023621 0.2388719
0.0023677 0.2730422
0.0023734 0.3121004
0.002379 0.3589992
0.0023846 0.4151542
0.0023902 0.4800929
0.0023959 0.5551895
0.0024015 0.6470974
0.0024071 0.7594131
0.0024128 0.8912233
0.0024184 1.0459116
0.002424 1.2292294
0.0024296 1.4465634
0.0024353 1.7023231
0.0024409 2.0033024
0.0024465 2.3413771
0.0024522 2.7191456
0.0024578 3.1578651
0.0024634 3.6673696
0.002469 4.2277396
0.0024747 4.8394469
0.0024803 5.5396615
0.0024859 6.3411895
0.0024916 7.274939
0.0024972 8.3645891
0.0025028 9.6174484
0.0025084 11.0579627
0.0025141 12.8300629
0.0025197 15.0238256
0.0025253 17.5926914
0.002531 20.6007975
0.0025366 24.1649478
0.0025422 28.3969952
0.0025478 33.370208
0.0025535 39.2143877
0.0025591 45.5406932
0.0025647 52.2180373
0.0025704 59.8744382
0.002576 68.6534488
0.0025816 77.5427097
0.0025872 86.1291921
0.0025929 95.6664754
0.0025985 106.2598439
0.0026041 117.7402136
0.0026098 130.0989364
0.0026154 143.7549052
0.002621 158.8442868
0.0026266 177.0966836
0.0026323 199.5448934
0.0026379 224.8385666
0.0026435 253.338385
0.0026492 286.0126563
0.0026548 323.6745973
0.0026604 366.2958357
0.002666 414.5294081
0.0026717 462.6712706
0.0026773 507.5239567
0.0026829 556.7247915
0.0026886 610.6952969
0.0026942 657.9501133
0.0026998 692.5560812
0.0027054 728.9822069
0.0027111 767.3242245
0.0027167 804.0798575
0.0027223 837.5881301
0.002728 872.4927868
0.0027336 908.8520189
0.0027392 954.7349873
0.0027448 1014.6183311
0.0027505 1078.2577066
0.0027561 1145.8887014
0.0027617 1220.8721491
0.0027674 1305.4766713
0.002773 1395.944154
0.0027786 1492.6808912
0.0027842 1576.7708824
0.0027899 1636.1399176
0.0027955 1697.744333
0.0028011 1761.6682958
0.0028068 1799.0450193
0.0028124 1793.4677631
0.002818 1787.9077971
0.0028236 1782.3650676
0.0028293 1769.5430628
0.0028349 1745.5886339
0.0028405 1721.9584779
0.0028462 1698.6482049
0.0028518 1688.1797307
0.0028574 1697.9872899
0.002863 1707.8518266
0.0028687 1717.7736718
0.0028743 1733.4449788
0.0028799 1758.8356818
0.0028856 1784.5982962
0.0028912 1810.7382694
0.0028968 1821.6619789
0.0029024 1806.0582302
0.0029081 1790.5881381
0.0029137 1775.2505577
0.0029193 1739.2945602
0.002925 1668.6528292
0.0029306 1600.8802235
0.0029362 1535.8602132
0.0029418 1468.7385926
0.0029475 1396.2897784
0.0029531 1327.414664
0.0029587 1261.9369685
0.0029644 1206.8727951
0.00297 1167.3177047
0.0029756 1129.059027
0.0029812 1092.0542722
0.0029869 1060.4410756
0.0029925 1037.7246642
0.0029981 1015.4948762
0.0030038 993.7412872
0.0030094 968.0286191
0.003015 934.3220001
0.0030206 901.7890408
0.0030263 870.3888745
0.0030319 833.4798438
0.0030375 785.0637115
0.0030432 739.4600309
0.0030488 696.5054291
0.0030544 654.2883636
0.00306 611.0679134
0.0030657 570.7024847
0.0030713 533.0034828
0.0030769 499.9166147
0.0030826 473.3802363
0.0030882 448.2524515
0.0030938 424.45849
0.0030994 403.638993
0.0031051 387.6514512
0.0031107 372.2971522
0.0031163 357.5510142
0.003122 342.9215731
0.0031276 327.812807
0.0031332 313.3697173
0.0031388 299.562975
0.0031445 284.9876275
0.0031501 267.8741345
0.0031557 251.788306
0.0031614 236.6684306
0.003167 221.9129395
0.0031726 206.7608063
0.0031782 192.6432553
0.0031839 179.4896453
0.0031895 167.662953
0.0031951 157.6998825
0.0032008 148.3288496
0.0032064 139.5146736
0.003212 131.743493
0.0032176 125.7883842
0.0032233 120.10246
0.0032289 114.6735527
0.0032345 109.5600401
0.0032402 104.869515
0.0032458 100.3798025
0.0032514 96.0823051
0.003257 91.7227771
0.0032627 86.8532029
0.0032683 82.2421551
0.0032739 77.8759084
0.0032795 73.575646
0.0032852 69.0206784
0.0032908 64.7477027
0.0032964 60.739261
0.0033021 57.043353
0.0033077 53.7717496
0.0033133 50.6877823
0.0033189 47.7806895
0.0033246 45.1826619
0.0033302 43.1912563
0.0033358 41.287621
0.0033415 39.4678876
0.0033471 37.7867589
0.0033527 36.3784665
0.0033583 35.0226605
0.003364 33.7173846
0.0033696 32.4194333
0.0033752 31.0229029
0.0033809 29.6865307
0.0033865 28.4077254
0.0033921 27.1312834
0.0033977 25.7154491
0.0034034 24.3734996
0.003409 23.1015791
0.0034146 21.8988824
0.0034203 20.7699187
0.0034259 19.6991571
0.0034315 18.6835969
0.0034371 17.7593492
0.0034428 17.0417288
0.0034484 16.3531061
0.003454 15.6923092
0.0034597 15.0840961
0.0034653 14.6129879
0.0034709 14.1565933
0.0034765 13.714453
0.0034822 13.2807029
0.0034878 12.8356044
0.0034934 12.4054233
0.0034991 11.9896596
0.0035047 11.570259
0.0035103 11.080368
0.0035159 10.6112193
0.0035216 10.1619345
0.0035272 9.727639
0.0035328 9.2913375
0.0035385 8.8746049
0.0035441 8.4765635
0.0035497 8.107195
0.0035553 7.8126518
0.003561 7.5288096
0.0035666 7.2552798
0.0035722 7.0021205
0.0035779 6.8185247
0.0035835 6.6397427
0.0035891 6.4656484
0.0035947 6.296552
0.0036004 6.134573
0.003606 5.976761
0.0036116 5.8230087
0.0036173 5.6672247
0.0036229 5.4760129
0.0036285 5.2912525
0.0036341 5.112726
0.0036398 4.9372809
0.0036454 4.7471326
0.003651 4.5643074
0.0036567 4.3885233
0.0036623 4.2224146
0.0036679 4.0846515
0.0036735 3.9513832
0.0036792 3.822463
0.0036848 3.7018096
0.0036904 3.6185653
0.0036961 3.537193
0.0037017 3.4576505
0.0037073 3.3807975
0.0037129 3.3137935
0.0037186 3.2481174
0.0037242 3.183743
0.0037298 3.1186743
0.0037355 3.0355451
0.0037411 2.9546317
0.0037467 2.8758751
0.0037523 2.7977257
0.003758 2.7056531
0.0037636 2.6166105
0.0037692 2.5304983
0.0037749 2.4478787
0.0037805 2.3758074
0.0037861 2.3058581
0.0037917 2.2379683
0.0037974 2.173528
0.003803 2.130451
0.0038086 2.0882278
0.0038143 2.0468413
0.0038199 2.0068106
0.0038255 1.9757845
0.0038311 1.945238
0.0038368 1.9151638
0.0038424 1.8850051
0.003848 1.8456142
0.0038537 1.8070463
0.0038593 1.7692845
0.0038649 1.7317422
0.0038705 1.6832393
0.0038762 1.6360949
0.0038818 1.5902709
0.0038874 1.5458098
0.0038931 1.5045718
0.0038987 1.464434
0.0039043 1.4253668
0.0039099 1.3877168
0.0039156 1.3628827
0.0039212 1.3384932
0.0039268 1.31454
0.0039325 1.2911831
0.0039381 1.2753927
0.0039437 1.2597953
0.0039493 1.2443888
0.003955 1.2290974
0.0039606 1.2092675
0.0039662 1.1897576
0.0039719 1.1705624
0.0039775 1.1516109
0.0039831 1.1244286
0.0039887 1.097888
0.0039944 1.0719738
0.004 1.0466713
0.0040056 1.0214158
0.0040113 0.9967698
0.0040169 0.9727184
0.0040225 0.9492474
0.0040281 0.9336257
0.0040338 0.9183156
0.0040394 0.9032566
0.004045 0.8884445
0.0040507 0.8797085
0.0040563 0.8711468
0.0040619 0.8626685
0.0040675 0.8542727
0.0040732 0.8440592
0.0040788 0.8339246
0.0040844 0.8239117
0.0040901 0.814019
0.0040957 0.7984007
0.0041013 0.782905
0.0041069 0.76771
0.0041126 0.75281
0.0041182 0.7366672
0.0041238 0.720812
0.0041295 0.7052981
0.0041351 0.6901181
0.0041407 0.6795644
0.0041463 0.6693728
0.004152 0.6593341
0.0041576 0.6494459
0.0041632 0.644259
0.0041689 0.6393654
0.0041745 0.634509
0.0041801 0.6296894
0.0041857 0.6245819
0.0041914 0.6194953
0.004197 0.61445
0.0042026 0.6094459
0.0042083 0.6005535
0.0042139 0.5915107
0.0042195 0.5826042
0.0042251 0.5738317
0.0042308 0.5633744
0.0042364 0.552963
0.004242 0.5427439
0.0042477 0.5327136
0.0042533 0.5254045
0.0042589 0.5184218
0.0042645 0.5115319
0.0042702 0.5047335
0.0042758 0.5016428
0.0042814 0.4989289
0.0042871 0.4962297
0.0042927 0.4935451
0.0042983 0.4914479
0.0043039 0.4894215
0.0043096 0.4874035
0.0043152 0.4853938
0.0043208 0.4808062
0.0043265 0.4759616
0.0043321 0.4711657
0.0043377 0.4664182
0.0043433 0.4599018
0.004349 0.4532492
0.0043546 0.4466928
0.0043602 0.4402312
0.0043659 0.4353137
0.0043715 0.4306476
0.0043771 0.4260316
0.0043827 0.421465
0.0043884 0.419913
0.004394 0.4188014
0.0043996 0.4176928
0.0044053 0.4165871
0.0044109 0.4166474
0.0044165 0.4168901
0.0044221 0.4171328
0.0044278 0.4173758
0.0044334 0.4160378
0.004439 0.414442
0.0044447 0.4128523
0.0044503 0.4112688
0.0044559 0.4079873
0.0044615 0.4044335
0.0044672 0.4009107
0.0044728 0.3974186
0.0044784 0.394707
0.0044841 0.3921539
0.0044897 0.3896172
0.0044953 0.387097
0.0045009 0.3871449
0.0045066 0.3877006
0.0045122 0.3882571
0.0045178 0.3888144
0.0045235 0.3910511
0.0045291 0.3936546
0.0045347 0.3962754
0.0045403 0.3989136
0.004546 0.4008529
0.0045516 0.4026433
0.0045572 0.4044417
0.0045629 0.4062482
0.0045685 0.4065257
0.0045741 0.4064482
0.0045797 0.4063707
0.0045854 0.4062932
0.004591 0.4064727
0.0045966 0.4067146
0.0046023 0.4069568
0.0046079 0.4071991
0.0046135 0.4097951
0.0046191 0.4130131
0.0046248 0.4162565
0.0046304 0.4195253
0.004636 0.4251612
0.0046417 0.4315078
0.0046473 0.4379491
0.0046529 0.4444866
0.0046585 0.4513877
0.0046642 0.4584713
0.0046698 0.4656661
0.0046754 0.4729738
0.0046811 0.4791276
0.0046867 0.4849879
0.0046923 0.4909198
0.0046979 0.4969243
0.0047036 0.5028381
0.0047092 0.5087719
0.0047148 0.5147756
0.0047205 0.5208502
0.0047261 0.5293527
0.0047317 0.5387549
0.0047373 0.5483242
0.004743 0.5580634
0.0047486 0.5714729
0.0047542 0.5863912
0.0047598 0.601699
0.0047655 0.6174064
0.0047711 0.6354539
0.0047767 0.6547127
0.0047824 0.674555
0.004788 0.6949988
0.0047936 0.7154907
0.0047992 0.7363768
0.0048049 0.7578725
0.0048105 0.7799958
0.0048161 0.8020996
0.0048218 0.824576
0.0048274 0.8476822
0.004833 0.8714359
0.0048386 0.8982413
0.0048443 0.9268209
0.0048499 0.9563099
0.0048555 0.9867372
0.0048612 1.0239185
0.0048668 1.064912
0.0048724 1.1075466
0.004878 1.1518882
0.0048837 1.2039277
0.0048893 1.2608955
0.0048949 1.3205588
0.0049006 1.3830454
0.0049062 1.450556
0.0049118 1.5222955
0.0049174 1.5975831
0.0049231 1.6765941
0.0049287 1.7580301
0.0049343 1.8427292
0.00494 1.9315089
0.0049456 2.024566
0.0049512 2.1228927
0.0049568 2.2263755
0.0049625 2.3349027
0.0049681 2.4487202
0.0049737 2.5774603
0.0049794 2.7176959
0.004985 2.8655615
0.0049906 3.0214723
0.0049962 3.2030771
0.0050019 3.404654
0.0050075 3.6189166
0.0050131 3.8466632
0.0050188 4.1024142
0.0050244 4.3826441
0.00503 4.6820162
0.0050356 5.0018379
0.0050413 5.3407802
0.0050469 5.7011521
0.0050525 6.0858402
0.0050582 6.4964853
0.0050638 6.919769
0.0050694 7.3618745
0.005075 7.8322261
0.0050807 8.3326286
0.0050863 8.8661035
0.0050919 9.4343946
0.0050976 10.0391115
0.0051032 10.682589
0.0051088 11.4121203
0.0051144 12.219483
0.0051201 13.0839635
0.0051257 14.0096026
0.0051313 15.0652429
0.005137 16.2423644
0.0051426 17.5114602
0.0051482 18.8797166
0.0051538 20.354741
0.0051595 21.944911
0.0051651 23.6593097
0.0051707 25.5076419
0.0051764 27.3798556
0.005182 29.3067386
0.0051876 31.3692278
0.0051932 33.5768666
0.0051989 35.800536
0.0052045 38.0733658
0.0052101 40.4904882
0.0052158 43.061064
0.0052214 45.8496169
0.005227 48.8586622
0.0052326 52.0651868
0.0052383 55.4821511
0.0052439 59.3760603
0.0052495 63.7346379
0.0052552 68.4131626
0.0052608 73.4351206
0.0052664 78.876034
0.005272 84.7593959
0.0052777 91.0815977
0.0052833 97.8753723
0.0052889 104.590374
0.0052946 111.2990946
0.0053002 118.4381313
0.0053058 126.035086
0.0053114 133.195703
0.0053171 140.0129054
0.0053227 147.1790247
0.0053283 154.7119193
0.005334 162.3953052
0.0053396 170.2638062
0.0053452 178.5135577
0.0053508 187.1630325
0.0053565 196.9736654
0.0053621 207.9426471
0.0053677 219.5224647
0.0053734 231.747134
0.005379 244.9976548
0.0053846 259.3152826
0.0053902 274.4696305
0.0053959 290.5095963
0.0054015 305.7927196
0.0054071 320.3306085
0.0054128 335.5596525
0.0054184 351.5127103
0.005424 365.2212559
0.0054296 376.6781263
0.0054353 388.494395
0.0054409 400.6813362
0.0054465 411.9790344
0.0054522 422.3862241
0.0054578 433.0563145
0.0054634 443.995947
0.005469 456.6827687
0.0054747 471.1827974
0.0054803 486.1432132
0.0054859 501.5786337
0.0054916 518.6164939
0.0054972 537.3684935
0.0055028 556.7985229
0.0055084 576.9310982
0.0055141 595.0564766
0.0055197 610.9006814
0.0055253 627.1667602
0.005531 643.8659459
0.0055366 655.7451363
0.0055422 662.2799638
0.0055478 668.879914
0.0055535 675.5456361
0.0055591 679.7351614
0.0055647 681.2030816
0.0055704 682.6741718
0.005576 684.1484389
0.0055816 687.4692703
0.0055872 692.8702048
0.0055929 698.3135705
0.0055985 703.7997007
0.0056041 711.2422881
0.0056098 720.9842597
0.0056154 730.8596683
0.005621 740.8703416
0.0056266 748.5833689
0.0056323 753.4832176
0.0056379 758.4151383
0.0056435 763.3793408
0.0056492 763.0326293
0.0056548 756.2379425
0.0056604 749.5037612
0.005666 742.8295468
0.0056717 733.4120736
0.0056773 720.6582061
0.0056829 708.1261253
0.0056886 695.8119746
0.0056942 685.1501694
0.0056998 676.4874024
0.0057054 667.934164
0.0057111 659.4890693
0.0057167 653.1134293
0.0057223 649.4001479
0.005728 645.7079784
0.0057336 642.0368007
0.0057392 637.2308421
0.0057448 630.8871189
0.0057505 624.6065485
0.0057561 618.388502
0.0057617 608.8094085
0.0057674 594.6318134
0.005773 580.7843778
0.0057786 567.2594131
0.0057842 552.0412463
0.0057899 534.3850464
0.0057955 517.2935532
0.0058011 500.7487055
0.0058068 485.4414804
0.0058124 471.6407639
0.005818 458.2323909
0.0058236 445.2052072
0.0058293 433.8871223
0.0058349 424.8971567
0.0058405 416.0934596
0.0058462 407.4721716
0.0058518 398.8398397
0.0058574 390.0920649
0.005863 381.5361554
0.0058687 373.1679032
0.0058743 363.4724675
0.0058799 351.5997208
0.0058856 340.1147947
0.0058912 329.0050211
0.0058968 317.2042462
0.0059024 304.0926817
0.0059081 291.5230807
0.0059137 279.4730412
0.0059193 268.133477
0.005925 257.6152559
0.0059306 247.5096389
0.0059362 237.8004406
0.0059418 229.1389963
0.0059475 221.9737027
0.0059531 215.0324715
0.0059587 208.3082961
0.0059644 201.9135441
0.00597 195.933728
0.0059756 190.1310085
0.0059812 184.5001408
0.0059869 178.5398745
0.0059925 171.8370706
0.0059981 165.3859056
0.0060038 159.1769324
0.0060094 152.7551147
0.006015 145.7305509
0.0060206 139.0290171
0.0060263 132.6356586
0.0060319 126.5565397
0.0060375 120.7964696
0.0060432 115.2985622
0.0060488 110.0508855
0.0060544 105.3046719
0.00606 101.3097806
0.0060657 97.4664415
0.0060713 93.7689053
0.0060769 90.3268211
0.0060826 87.2605716
0.0060882 84.2984095
0.0060938 81.4368014
0.0060994 78.5461136
0.0061051 75.4757426
0.0061107 72.5253926
0.0061163 69.6903718
0.006122 66.8027105
0.0061276 63.6586118
0.0061332 60.6624914
0.0061388 57.8073847
0.0061445 55.0668923
0.0061501 52.4092846
0.0061557 49.8799369
0.0061614 47.4726592
0.006167 45.2684333
0.0061726 43.3822313
0.0061782 41.5746218
0.0061839 39.84233
0.0061895 38.2424837
0.0061951 36.863196
0.0062008 35.533655
0.0062064 34.2520663
0.006212 32.9936971
0.0062176 31.7195968
0.0062233 30.4946978
0.0062289 29.3171001
0.0062345 28.1307423
0.0062402 26.8414329
0.0062458 25.6112162
0.0062514 24.4373837
0.006257 23.3009533
0.0062627 22.1700584
0.0062683 21.0940506
0.0062739 20.0702662
0.0062795 19.121093
0.0062852 18.2919543
0.0062908 17.4987691
0.0062964 16.7399784
0.0063021 16.0392611
0.0063077 15.4474947
0.0063133 14.8775615
0.0063189 14.3286559
0.0063246 13.7992239
0.0063302 13.2867811
0.0063358 12.7933682
0.0063415 12.3182785
0.0063471 11.8442861
0.0063527 11.3316625
0.0063583 10.8412255
0.006364 10.3720146
0.0063696 9.9146366
0.0063752 9.4471107
0.0063809 9.001631
0.0063865 8.5771579
0.0063921 8.1788274
0.0063977 7.8219734
0.0064034 7.4806895
0.006409 7.1542962
0.0064146 6.8514688
0.0064203 6.5983388
0.0064259 6.3545607
0.0064315 6.1197891
0.0064371 5.8956899
0.0064428 5.6881225
0.0064484 5.4878628
0.006454 5.2946536
0.0064597 5.1036782
0.0064653 4.8996411
0.0064709 4.7037611
0.0064765 4.515712
0.0064822 4.3315815
0.0064878 4.1384862
0.0064934 3.9539989
0.0064991 3.7777356
0.0065047 3.6104834
0.0065103 3.4562035
0.0065159 3.308516
0.0065216 3.1671395
0.0065272 3.034988
0.0065328 2.9246772
0.0065385 2.8183758
0.0065441 2.715938
0.0065497 2.6185993
0.0065553 2.5322571
0.006561 2.4487617
0.0065666 2.3680194
0.0065722 2.2888787
0.0065779 2.2062415
0.0065835 2.1265878
0.0065891 2.0498099
0.0065947 1.9744678
0.0066004 1.8936928
0.006606 1.8162224
0.0066116 1.7419212
0.0066173 1.6707271
0.0066229 1.6028848
0.0066285 1.5377973
0.0066341 1.4753527
0.0066398 1.4164506
0.0066454 1.3669895
0.006651 1.3192555
0.0066567 1.2731883
0.0066623 1.2293966
0.0066679 1.1921896
0.0066735 1.1561087
0.0066792 1.1211197
0.0066848 1.0870396
0.0066904 1.0527591
0.0066961 1.0195598
0.0067017 0.9874074
0.0067073 0.9558386
0.0067129 0.9214432
0.0067186 0.8882856
0.0067242 0.8563211
0.0067298 0.8254314
0.0067355 0.7949234
0.0067411 0.7655429
0.0067467 0.7372484
0.0067523 0.7102856
0.006758 0.6873717
0.0067636 0.6651971
0.0067692 0.6437378
0.0067749 0.6232392
0.0067805 0.6065985
0.0067861 0.5904021
0.0067917 0.5746382
0.0067974 0.5593238
0.006803 0.5448016
0.0068086 0.5306565
0.0068143 0.5168786
0.0068199 0.5033493
0.0068255 0.4885154
0.0068311 0.4741186
0.0068368 0.4601462
0.0068424 0.4465402
0.006848 0.4325455
0.0068537 0.4189894
0.0068593 0.4058582
0.0068649 0.3932027
0.0068705 0.3822615
0.0068762 0.3716248
0.0068818 0.361284
0.0068874 0.3513128
0.0068931 0.3436597
0.0068987 0.3361734
0.0069043 0.3288501
0.0069099 0.3217137
0.0069156 0.3155985
0.0069212 0.3095995
0.0069268 0.3037145
0.0069325 0.2979278
0.0069381 0.291671
0.0069437 0.2855457
0.0069493 0.2795489
0.006955 0.2736686
0.0069606 0.2672998
0.0069662 0.2610792
0.0069719 0.2550034
0.0069775 0.2490732
0.0069831 0.243829
0.0069887 0.2386952
0.0069944 0.2336695
0.007 0.2287496
0.0070056 0.2253107
0.0070113 0.2219235
0.0070169 0.2185872
0.0070225 0.2153011
0.0070281 0.21306
0.0070338 0.2108497
0.0070394 0.2086624
0.007045 0.2064977
0.0070507 0.2043571
0.0070563 0.2022388
0.0070619 0.2001424
0.0070675 0.1980677
0.0070732 0.1956088
0.0070788 0.1931711
0.0070844 0.1907639
0.0070901 0.1883866
0.0070957 0.1862028
0.0071013 0.1840493
0.0071069 0.1819207
0.0071126 0.1798168
0.0071182 0.1786712
0.0071238 0.1775694
0.0071295 0.1764743
0.0071351 0.1753859
0.0071407 0.1753274
0.0071463 0.1753173
0.007152 0.1753073
0.0071576 0.1752972
0.0071632 0.1756683
0.0071689 0.1760614
0.0071745 0.1764554
0.0071801 0.1768503
0.0071857 0.1770268
0.0071914 0.1771895
0.007197 0.1773523
0.0072026 0.1775153
0.0072083 0.177621
0.0072139 0.1777226
0.0072195 0.1778242
0.0072251 0.1779259
0.0072308 0.1786989
0.0072364 0.1795303
0.007242 0.1803655
0.0072477 0.1812046
0.0072533 0.1831742
0.0072589 0.1852682
0.0072645 0.1873862
0.0072702 0.1895283
0.0072758 0.1924758
0.0072814 0.1955479
0.0072871 0.1986691
0.0072927 0.20184
0.0072983 0.2050603
0.0073039 0.2083318
0.0073096 0.2116556
0.0073152 0.2150323
0.0073208 0.2181943
0.0073265 0.2213707
0.0073321 0.2245934
0.0073377 0.227863
0.0073433 0.2315957
0.007349 0.2354433
0.0073546 0.2393548
0.0073602 0.2433312
0.0073659 0.2487302
0.0073715 0.2544391
0.0073771 0.260279
0.0073827 0.266253
0.0073884 0.2738187
0.007394 0.2818194
0.0073996 0.2900539
0.0074053 0.298529
0.0074109 0.3076809
0.0074165 0.3171827
0.0074221 0.326978
0.0074278 0.3370757
0.0074334 0.3468773
0.007439 0.3568597
0.0074447 0.3671293
0.0074503 0.3776946
0.0074559 0.3883959
0.0074615 0.39937
0.0074672 0.4106541
0.0074728 0.422257
0.0074784 0.4358308
0.0074841 0.4501597
0.0074897 0.4649597
0.0074953 0.4802462
0.0075009 0.4988721
0.0075066 0.5188064
0.0075122 0.5395373
0.0075178 0.5610965
0.0075235 0.5851103
0.0075291 0.6104998
0.0075347 0.636991
0.0075403 0.6646318
0.007546 0.6922165
0.0075516 0.7206586
0.0075572 0.7502693
0.0075629 0.7810967
0.0075685 0.8111067
0.0075741 0.8417695
0.0075797 0.8735914
0.0075854 0.9066163
0.007591 0.9421833
0.0075966 0.9794725
0.0076023 1.0182375
0.0076079 1.0585367
0.0076135 1.1061017
0.0076191 1.1573182
0.0076248 1.2109062
0.0076304 1.2669756
0.007636 1.3306692
0.0076417 1.3989763
0.0076473 1.4707899
0.0076529 1.5462899
0.0076585 1.6234257
0.0076642 1.7037541
0.0076698 1.7880573
0.0076754 1.8765319
0.0076811 1.9610997
0.0076867 2.0469638
0.0076923 2.1365874
0.0076979 2.230135
0.0077036 2.3248096
0.0077092 2.4225635
0.0077148 2.5244279
0.0077205 2.6305754
0.0077261 2.7516361
0.0077317 2.8817401
0.0077373 3.0179956
0.007743 3.1606936
0.0077486 3.324903
0.0077542 3.5027843
0.0077598 3.6901821
0.0077655 3.8876057
0.0077711 4.0935544
0.0077767 4.309677
0.0077824 4.53721
0.007788 4.7767559
0.0077936 5.0034416
0.0077992 5.2313758
0.0078049 5.4696936
0.0078105 5.7188682
0.0078161 5.9574519
0.0078218 6.1975272
0.0078274 6.4472771
0.007833 6.7070915
0.0078386 6.991339
0.0078443 7.2932504
0.0078499 7.6081993
0.0078555 7.9367489
0.0078612 8.3182109
0.0078668 8.7342944
0.0078724 9.1711907
0.007878 9.6299409
0.0078837 10.1185805
0.0078893 10.6350425
0.0078949 11.1778652
0.0079006 11.7483941
0.0079062 12.2855195
0.0079118 12.8191822
0.0079174 13.3760263
0.0079231 13.9570588
0.0079287 14.4840621
0.0079343 14.9944489
0.00794 15.5228205
0.0079456 16.0698109
0.0079512 16.6368364
0.0079568 17.2242329
0.0079625 17.8323685
0.0079681 18.4619757
0.0079737 19.1986432
0.0079794 20.0069909
0.007985 20.8493735
0.0079906 21.7272242
0.0079962 22.6861802
0.0080019 23.7102812
0.0080075 24.7806122
0.0080131 25.8992602
0.0080188 26.9521217
0.0080244 27.9861045
0.00803 29.0597547
0.0080356 30.174594
0.0080413 31.1304995
0.0080469 32.0072031
0.0080525 32.9085966
0.0080582 33.8353753
0.0080638 34.7259543
0.0080694 35.6050789
0.008075 36.5064595
0.0080807 37.4306594
0.0080863 38.5233892
0.0080919 39.7326188
0.0080976 40.9798055
0.0081032 42.2661407
0.0081088 43.7256736
0.0081144 45.3159543
0.0081201 46.9640727
0.0081257 48.6721323
0.0081313 50.2893727
0.008137 51.8653867
0.0081426 53.4907912
0.0081482 55.1671342
0.0081538 56.5157331
0.0081595 57.6563172
0.0081651 58.8199202
0.0081707 60.0070067
0.0081764 61.0141244
0.008182 61.9053962
0.0081876 62.8096874
0.0081932 63.7271881
0.0081989 64.8388102
0.0082045 66.0919204
0.0082101 67.3692489
0.0082158 68.6712638
0.0082214 70.2633469
0.008227 72.0782031
0.0082326 73.9399359
0.0082383 75.849756
0.0082439 77.6857385
0.0082495 79.4773312
0.0082552 81.3102418
0.0082608 83.185423
0.0082664 84.5650481
0.008272 85.5713789
0.0082777 86.5896851
0.0082833 87.6201092
0.0082889 88.2661494
0.0082946 88.6184485
0.0083002 88.9721538
0.0083058 89.3272708
0.0083114 89.8286635
0.0083171 90.4456844
0.0083227 91.0669435
0.0083283 91.6924699
0.008334 92.6983084
0.0083396 94.0193742
0.0083452 95.3592669
0.0083508 96.7182547
0.0083565 98.0751864
0.0083621 99.4333038
0.0083677 100.810228
0.0083734 102.2062194
0.008379 103.0440203
0.0083846 103.3979288
0.0083902 103.7530527
0.0083959 104.1093964
0.0084015 103.9261824
0.0084071 103.2741762
0.0084128 102.6262605
0.0084184 101.9824097
0.008424 101.3837788
0.0084296 100.8255209
0.0084353 100.2703369
0.0084409 99.7182101
0.0084465 99.5594454
0.0084522 99.7637658
0.0084578 99.9685055
0.0084634 100.1736654
0.008469 100.4682855
0.0084747 100.8492075
0.0084803 101.2315738
0.0084859 101.6153898
0.0084916 101.532058
0.0084972 100.9896673
0.0085028 100.4501741
0.0085084 99.9135629
0.0085141 98.8384425
0.0085197 97.2342101
0.0085253 95.6560159
0.008531 94.1034371
0.0085366 92.5131366
0.0085422 90.8850434
0.0085478 89.2856022
0.0085535 87.7143088
0.0085591 86.4702566
0.0085647 85.5634123
0.0085704 84.6660783
0.008576 83.7781551
0.0085816 83.0372111
0.0085872 82.4546968
0.0085929 81.876269
0.0085985 81.3018988
0.0086041 80.4458682
0.0086098 79.2763633
0.0086154 78.1238603
0.008621 76.9881122
0.0086266 75.4643009
0.0086323 73.5052915
0.0086379 71.5971368
0.0086435 69.7385168
0.0086492 67.8238661
0.0086548 65.8386016
0.0086604 63.9114476
0.008666 62.040703
0.0086717 60.3949497
0.0086773 59.0013642
0.0086829 57.6399351
0.0086886 56.3099203
0.0086942 55.1265117
0.0086998 54.1150704
0.0087054 53.1221867
0.0087111 52.14752
0.0087167 51.0624062
0.0087223 49.8328157
0.008728 48.6328339
0.0087336 47.4617478
0.0087392 46.0919311
0.0087448 44.4603874
0.0087505 42.8865964
0.0087561 41.3685139
0.0087617 39.8202022
0.0087674 38.2155094
0.008773 36.6754833
0.0087786 35.1975178
0.0087842 33.8503166
0.0087899 32.6551225
0.0087955 31.5021286
0.0088011 30.3898449
0.0088068 29.3835481
0.0088124 28.508217
0.008818 27.6589618
0.0088236 26.8350058
0.0088293 25.995059
0.0088349 25.1203578
0.0088405 24.2750892
0.0088462 23.4582628
0.0088518 22.5732591
0.0088574 21.57445
0.008863 20.6198357
0.0088687 19.7074606
0.0088743 18.7908001
0.0088799 17.8463191
0.0088856 16.9493105
0.0088912 16.0973882
0.0088968 15.3099739
0.0089024 14.5965052
0.0089081 13.9162853
0.0089137 13.2677647
0.0089193 12.6777132
0.008925 12.1618469
0.0089306 11.6669715
0.0089362 11.1922331
0.0089418 10.7291021
0.0089475 10.2716252
0.0089531 9.8336545
0.0089587 9.4143585
0.0089644 8.9826343
0.00897 8.5162837
0.0089756 8.0741445
0.0089812 7.6549598
0.0089869 7.2405245
0.0089925 6.8171659
0.0089981 6.4185614
0.0090038 6.0432636
0.0090094 5.694641
0.009015 5.3751589
0.0090206 5.0736005
0.0090263 4.7889602
0.0090319 4.5295454
0.0090375 4.3025657
0.0090432 4.0869602
0.0090488 3.8821589
0.0090544 3.6875997
0.00906 3.5027487
0.0090657 3.3271638
0.0090713 3.1603806
0.0090769 2.9947693
0.0090826 2.8226109
0.0090882 2.6603492
0.0090938 2.5074153
0.0090994 2.3584206
0.0091051 2.2077039
0.0091107 2.0666188
0.0091163 1.9345499
0.009122 1.8116379
0.0091276 1.6981543
0.0091332 1.5917795
0.0091388 1.4920682
0.0091445 1.4010913
0.0091501 1.3215215
0.0091557 1.2464705
0.0091614 1.1756818
0.009167 1.1095386
0.0091726 1.0486494
0.0091782 0.9911016
0.0091839 0.9367119
0.0091895 0.8840716
0.0091951 0.8312557
0.0092008 0.7815951
0.0092064 0.7349014
0.009212 0.6899246
0.0092176 0.6448894
0.0092233 0.6027939
0.0092289 0.5634463
0.0092345 0.5267375
0.0092402 0.4926123
0.0092458 0.4606979
0.0092514 0.4308511
0.009257 0.4035307
0.0092627 0.3796297
0.0092683 0.3571444
0.0092739 0.3359909
0.0092795 0.3163945
0.0092852 0.2988473
0.0092908 0.2822733
0.0092964 0.2666185
0.0093021 0.2517142
0.0093077 0.2372779
0.0093133 0.2236696
0.0093189 0.2108417
0.0093246 0.1985648
0.0093302 0.1864065
0.0093358 0.1749927
0.0093415 0.1642777
0.0093471 0.1542241
0.0093527 0.1448035
0.0093583 0.1359583
0.009364 0.1276534
0.0093696 0.1199933
0.0093752 0.1132791
0.0093809 0.1069405
0.0093865 0.1009567
0.0093921 0.0954176
0.0093977 0.0905917
0.0094034 0.0860098
0.009409 0.0816597
0.0094146 0.0775505
0.0094203 0.0737302
0.0094259 0.070098
0.0094315 0.0666447
0.0094371 0.0633421
0.0094428 0.060123
0.0094484 0.0570675
0.009454 0.0541673
0.0094597 0.0514171
0.0094653 0.0488176
0.0094709 0.0463496
0.0094765 0.0440063
0.0094822 0.0418157
0.0094878 0.0398903
0.0094934 0.0380535
0.0094991 0.0363013
0.0095047 0.0346683
0.0095103 0.033295
0.0095159 0.0319761
0.0095216 0.0307094
0.0095272 0.0295139
0.0095328 0.0284724
0.0095385 0.0274677
0.0095441 0.0264985
0.0095497 0.025568
0.0095553 0.0246954
0.009561 0.0238526
0.0095666 0.0230385
0.0095722 0.0222548
0.0095779 0.0215123
0.0095835 0.0207946
0.0095891 0.0201009
0.0095947 0.01944
0.0096004 0.018861
0.009606 0.0182992
0.0096116 0.0177542
0.0096173 0.0172402
0.0096229 0.0168394
0.0096285 0.0164479
0.0096341 0.0160655
0.0096398 0.0157047
0.0096454 0.0154427
0.009651 0.015185
0.0096567 0.0149317
0.0096623 0.014689
0.0096679 0.0145003
0.0096735 0.014314
0.0096792 0.0141301
0.0096848 0.0139508
0.0096904 0.0137925
0.0096961 0.0136359
0.0097017 0.0134811
0.0097073 0.013331
0.0097129 0.0132092
0.0097186 0.0130884
0.0097242 0.0129687
0.0097298 0.0128564
0.0097355 0.0128075
0.0097411 0.0127588
0.0097467 0.0127102
0.0097523 0.0126697
0.009758 0.0127159
0.0097636 0.0127624
0.0097692 0.012809
0.0097749 0.0128615
0.0097805 0.0129856
0.0097861 0.0131109
0.0097917 0.0132374
0.0097974 0.0133671
0.009803 0.0135264
0.0098086 0.0136877
0.0098143 0.0138509
0.0098199 0.0140163
0.0098255 0.0141892
0.0098311 0.0143642
0.0098368 0.0145414
0.0098424 0.0147228
0.009848 0.0149448
0.0098537 0.0151701
0.0098593 0.0153988
0.0098649 0.0156356
0.0098705 0.0159759
0.0098762 0.0163237
0.0098818 0.016679
0.0098874 0.0170465
0.0098931 0.0175412
0.0098987 0.0180503
0.0099043 0.0185742
0.0099099 0.0191149
0.0099156 0.019727
0.0099212 0.0203586
0.0099268 0.0210104
0.0099325 0.0216824
0.0099381 0.0223425
0.0099437 0.0230226
0.0099493 0.0237235
0.009955 0.0244454
0.0099606 0.0251673
0.0099662 0.0259106
0.0099719 0.0266759
0.0099775 0.0274646
0.0099831 0.0283961
0.0099887 0.0293591
0.0099944 0.0303548
0.01 0.0313843
