0.001 0
0.0010056 0
0.0010113 0
0.0010169 0
0.0010225 0
0.0010281 0
0.0010338 0
0.0010394 0
0.001045 0
0.0010507 0
0.0010563 0
0.0010619 0
0.0010675 0
0.0010732 0
0.0010788 0
0.0010844 0
0.0010901 0
0.0010957 0
0.0011013 0
0.0011069 0
0.0011126 0
0.0011182 0
0.0011238 0
0.0011295 0
0.0011351 0
0.0011407 0
0.0011463 0
0.001152 0
0.0011576 0
0.0011632 0
0.0011689 0
0.0011745 0
0.0011801 0
0.0011857 0
0.0011914 0
0.001197 0
0.0012026 0
0.0012083 0
0.0012139 0
0.0012195 0
0.0012251 0
0.0012308 0
0.0012364 0
0.001242 0
0.0012477 0
0.0012533 0
0.0012589 0
0.0012645 0
0.0012702 0
0.0012758 0
0.0012814 0
0.0012871 0
0.0012927 0
0.0012983 0
0.0013039 0
0.0013096 0
0.0013152 0
0.0013208 0
0.0013265 0
0.0013321 0
0.0013377 0
0.0013433 0
0.001349 0
0.0013546 0
0.0013602 0
0.0013659 0
0.0013715 0
0.0013771 0
0.0013827 0
0.0013884 0
0.001394 0
0.0013996 0
0.0014053 0
0.0014109 0
0.0014165 0
0.0014221 0
0.0014278 0
0.0014334 0
0.001439 0
0.0014447 0
0.0014503 0
0.0014559 0
0.0014615 0
0.0014672 0
0.0014728 0
0.0014784 0
0.0014841 0
0.0014897 0
0.0014953 0
0.0015009 0
0.0015066 0
0.0015122 0
0.0015178 0
0.0015235 0
0.0015291 0
0.0015347 0
0.0015403 0
0.001546 0
0.0015516 0
0.0015572 0
0.0015629 0
0.0015685 0
0.0015741 0
0.0015797 0
0.0015854 0
0.001591 0
0.0015966 0
0.0016023 0
0.0016079 0
0.0016135 0
0.0016191 0
0.0016248 0
0.0016304 0
0.001636 0
0.0016417 0
0.0016473 0
0.0016529 0
0.0016585 0
0.0016642 0
0.0016698 0
0.0016754 0
0.0016811 0
0.0016867 0
0.0016923 0
0.0016979 0
0.0017036 0
0.0017092 0
0.0017148 0
0.0017205 0
0.0017261 0
0.0017317 0
0.0017373 0
0.001743 0
0.0017486 0
0.0017542 0
0.0017598 0
0.0017655 0
0.0017711 0
0.0017767 0
0.0017824 0
0.001788 0
0.0017936 0
0.0017992 0
0.0018049 0
0.0018105 0
0.0018161 0
0.0018218 0
0.0018274 0
0.001833 0
0.0018386 0
0.0018443 0
0.0018499 0
0.0018555 0
0.0018612 0
0.0018668 0
0.0018724 0
0.001878 0
0.0018837 0
0.0018893 0
0.0018949 0
0.0019006 0
0.0019062 0
0.0019118 0
0.0019174 0
0.0019231 0
0.0019287 0
0.0019343 0
0.00194 0
0.0019456 0
0.0019512 0
0.0019568 0
0.0019625 0
0.0019681 0
0.0019737 0
0.0019794 0
0.001985 0
0.0019906 0
0.0019962 0
0.0020019 0
0.0020075 0
0.0020131 0
0.0020188 1e-07
0.0020244 1e-07
0.00203 1e-07
0.0020356 1e-07
0.0020413 1e-07
0.0020469 1e-07
0.0020525 1e-07
0.0020582 1e-07
0.0020638 1e-07
0.0020694 2e-07
0.002075 2e-07
0.0020807 2e-07
0.0020863 2e-07
0.0020919 2e-07
0.0020976 3e-07
0.0021032 3e-07
0.0021088 3e-07
0.0021144 4e-07
0.0021201 4e-07
0.0021257 5e-07
0.0021313 6e-07
0.002137 7e-07
0.0021426 8e-07
0.0021482 9e-07
0.0021538 1.1e-06
0.0021595 1.3e-06
0.0021651 1.6e-06
0.0021707 1.9e-06
0.0021764 2.3e-06
0.002182 2.7e-06
0.0021876 3.3e-06
0.0021932 4.1e-06
0.0021989 4.9e-06
0.0022045 6e-06
0.0022101 7.2e-06
0.0022158 8.8e-06
0.0022214 1.04e-05
0.002227 1.23e-05
0.0022326 1.45e-05
0.0022383 1.72e-05
0.0022439 1.99e-05
0.0022495 2.26e-05
0.0022552 2.58e-05
0.0022608 2.94e-05
0.0022664 3.3e-05
0.002272 3.64e-05
0.0022777 4.02e-05
0.0022833 4.45e-05
0.0022889 4.85e-05
0.0022946 5.23e-05
0.0023002 5.64e-05
0.0023058 6.09e-05
0.0023114 6.51e-05
0.0023171 6.9e-05
0.0023227 7.32e-05
0.0023283 7.77e-05
0.002334 8.18e-05
0.0023396 8.56e-05
0.0023452 8.96e-05
0.0023508 9.37e-05
0.0023565 9.73e-05
0.0023621 0.0001005
0.0023677 0.0001038
0.0023734 0.0001073
0.002379 0.00011
0.0023846 0.0001121
0.0023902 0.0001143
0.0023959 0.0001165
0.0024015 0.0001179
0.0024071 0.0001186
0.0024128 0.0001194
0.0024184 0.0001201
0.002424 0.00012
0.0024296 0.0001193
0.0024353 0.0001186
0.0024409 0.0001178
0.0024465 0.0001165
0.0024522 0.0001147
0.0024578 0.0001129
0.0024634 0.0001111
0.002469 0.000109
0.0024747 0.0001067
0.0024803 0.0001045
0.0024859 0.0001023
0.0024916 0.0001002
0.0024972 9.82e-05
0.0025028 9.62e-05
0.0025084 9.43e-05
0.0025141 9.3e-05
0.0025197 9.22e-05
0.0025253 9.15e-05
0.002531 9.07e-05
0.0025366 9.14e-05
0.0025422 9.35e-05
0.0025478 9.56e-05
0.0025535 9.78e-05
0.0025591 0.0001031
0.0025647 0.0001123
0.0025704 0.0001224
0.002576 0.0001333
0.0025816 0.0001537
0.0025872 0.0001887
0.0025929 0.0002317
0.0025985 0.0002845
0.0026041 0.0003837
0.0026098 0.0005762
0.0026154 0.0008653
0.002621 0.0012995
0.0026266 0.002209
0.0026323 0.0043468
0.0026379 0.0085534
0.0026435 0.0168308
0.0026492 0.0365495
0.0026548 0.0894827
0.0026604 0.2190772
0.002666 0.5363586
0.0026717 1.3054607
0.0026773 3.1540934
0.0026829 7.6205319
0.0026886 18.4117904
0.0026942 39.6298893
0.0026998 73.4609805
0.0027054 136.1728673
0.0027111 252.4203959
0.0027167 403.1386875
0.0027223 527.852693
0.002728 691.1479206
0.0027336 904.9597632
0.0027392 1051.1884331
0.0027448 1035.6721703
0.0027505 1020.3849381
0.0027561 1005.323356
0.0027617 918.0882364
0.0027674 752.8620896
0.002773 617.3712978
0.0027786 506.2644601
0.0027842 398.4725929
0.0027899 295.3684563
0.0027955 218.9423476
0.0028011 162.2913706
0.0028068 118.1095495
0.0028124 83.605576
0.002818 59.1814326
0.0028236 41.8924446
0.0028293 29.5047042
0.0028349 20.6171298
0.0028405 14.406721
0.0028462 10.0670467
0.0028518 7.0504523
0.0028574 4.9556916
0.002863 3.4833055
0.0028687 2.4483802
0.0028743 1.7313536
0.0028799 1.2366342
0.0028856 0.8832766
0.0028912 0.6308879
0.0028968 0.4542118
0.0029024 0.3314972
0.0029081 0.2419366
0.0029137 0.1765725
0.0029193 0.1300417
0.002925 0.097323
0.0029306 0.0728364
0.0029362 0.0545107
0.0029418 0.04121
0.0029475 0.031736
0.0029531 0.02444
0.0029587 0.0188214
0.0029644 0.0146625
0.00297 0.0116745
0.0029756 0.0092953
0.0029812 0.0074011
0.0029869 0.005974
0.0029925 0.0049527
0.0029981 0.0041061
0.0030038 0.0034041
0.0030094 0.0028698
0.003015 0.0025026
0.0030206 0.0021824
0.0030263 0.0019031
0.0030319 0.0016943
0.0030375 0.0015752
0.0030432 0.0014645
0.0030488 0.0013615
0.0030544 0.0012983
0.00306 0.0013077
0.0030657 0.0013173
0.0030713 0.0013269
0.0030769 0.0013769
0.0030826 0.0015272
0.0030882 0.0016939
0.0030938 0.0018789
0.0030994 0.0021517
0.0031051 0.0026546
0.0031107 0.003275
0.0031163 0.0040404
0.003122 0.0051342
0.0031276 0.0070058
0.0031332 0.0095597
0.0031388 0.0130446
0.0031445 0.0181636
0.0031501 0.0266028
0.0031557 0.0389632
0.0031614 0.0570664
0.003167 0.083983
0.0031726 0.1251442
0.0031782 0.1864792
0.0031839 0.2778753
0.0031895 0.4091462
0.0031951 0.5833384
0.0032008 0.8316921
0.0032064 1.1857813
0.003212 1.6505477
0.0032176 2.1482243
0.0032233 2.7959612
0.0032289 3.6390052
0.0032345 4.6043007
0.0032402 5.3655689
0.0032458 6.2527041
0.0032514 7.2865169
0.003257 8.2732979
0.0032627 8.6819019
0.0032683 9.1106861
0.0032739 9.5606473
0.0032795 9.8281946
0.0032852 9.4670031
0.0032908 9.1190855
0.0032964 8.783954
0.0033021 8.3354487
0.0033077 7.5297636
0.0033133 6.8019541
0.0033189 6.144493
0.0033246 5.4923358
0.0033302 4.73477
0.0033358 4.0816963
0.0033415 3.518702
0.0033471 3.0102971
0.0033527 2.5058108
0.0033583 2.0858697
0.003364 1.7363053
0.0033696 1.4369223
0.0033752 1.1634469
0.0033809 0.9420194
0.0033865 0.7627341
0.0033921 0.6148133
0.0033977 0.48695
0.0034034 0.3856786
0.003409 0.3054686
0.0034146 0.2412412
0.0034203 0.1882635
0.0034259 0.1469199
0.0034315 0.1146556
0.0034371 0.0894201
0.0034428 0.0695483
0.0034484 0.0540927
0.003454 0.0420717
0.0034597 0.0327982
0.0034653 0.0258399
0.0034709 0.0203579
0.0034765 0.0160389
0.0034822 0.0127057
0.0034878 0.0103328
0.0034934 0.0084031
0.0034991 0.0068337
0.0035047 0.0056024
0.0035103 0.0047833
0.0035159 0.004084
0.0035216 0.0034869
0.0035272 0.0030049
0.0035328 0.0027211
0.0035385 0.0024642
0.0035441 0.0022315
0.0035497 0.0020389
0.0035553 0.0019598
0.003561 0.0018837
0.0035666 0.0018106
0.0035722 0.0017533
0.0035779 0.0017745
0.0035835 0.0017961
0.0035891 0.0018179
0.0035947 0.0018495
0.0036004 0.0019448
0.003606 0.0020451
0.0036116 0.0021505
0.0036173 0.0022681
0.0036229 0.0024411
0.0036285 0.0026272
0.0036341 0.0028275
0.0036398 0.0030467
0.0036454 0.0033107
0.003651 0.0035977
0.0036567 0.0039095
0.0036623 0.0042478
0.0036679 0.0046108
0.0036735 0.0050048
0.0036792 0.0054325
0.0036848 0.0058913
0.0036904 0.0063387
0.0036961 0.0068201
0.0037017 0.007338
0.0037073 0.0078845
0.0037129 0.0083657
0.0037186 0.0088762
0.0037242 0.009418
0.0037298 0.0099772
0.0037355 0.010405
0.0037411 0.0108511
0.0037467 0.0113164
0.0037523 0.0117827
0.003758 0.0120525
0.0037636 0.0123284
0.0037692 0.0126107
0.0037749 0.0128794
0.0037805 0.0129051
0.0037861 0.0129309
0.0037917 0.0129567
0.0037974 0.0129639
0.003803 0.012717
0.0038086 0.0124748
0.0038143 0.0122372
0.0038199 0.0119891
0.0038255 0.0115191
0.0038311 0.0110676
0.0038368 0.0106338
0.0038424 0.010207
0.003848 0.0096266
0.0038537 0.0090792
0.0038593 0.0085629
0.0038649 0.0080709
0.0038705 0.0075069
0.0038762 0.0069822
0.0038818 0.0064943
0.0038874 0.0060389
0.0038931 0.0055794
0.0038987 0.0051548
0.0039043 0.0047626
0.0039099 0.0044005
0.0039156 0.004074
0.0039212 0.0037717
0.0039268 0.0034919
0.0039325 0.0032335
0.0039381 0.0030243
0.0039437 0.0028286
0.0039493 0.0026456
0.003955 0.002475
0.0039606 0.0023515
0.0039662 0.0022341
0.0039719 0.0021225
0.0039775 0.0020168
0.0039831 0.0019501
0.0039887 0.0018855
0.0039944 0.0018231
0.004 0.0017628
0.0040056 0.0017326
0.0040113 0.0017029
0.0040169 0.0016737
0.0040225 0.0016451
0.0040281 0.0016388
0.0040338 0.0016328
0.0040394 0.0016268
0.004045 0.0016208
0.0040507 0.0016316
0.0040563 0.0016427
0.0040619 0.001654
0.0040675 0.0016652
0.0040732 0.0016896
0.0040788 0.0017146
0.0040844 0.00174
0.0040901 0.0017658
0.0040957 0.0018024
0.0041013 0.0018401
0.0041069 0.0018786
0.0041126 0.0019179
0.0041182 0.0019669
0.0041238 0.0020174
0.0041295 0.0020693
0.0041351 0.0021225
0.0041407 0.0021846
0.0041463 0.0022488
0.004152 0.002315
0.0041576 0.0023831
0.0041632 0.002459
0.0041689 0.0025377
0.0041745 0.0026188
0.0041801 0.0027026
0.0041857 0.0027926
0.0041914 0.0028857
0.004197 0.002982
0.0042026 0.0030814
0.0042083 0.0031843
0.0042139 0.0032906
0.0042195 0.0034005
0.0042251 0.003514
0.0042308 0.003627
0.0042364 0.0037432
0.004242 0.0038632
0.0042477 0.003987
0.0042533 0.004105
0.0042589 0.0042255
0.0042645 0.0043496
0.0042702 0.0044774
0.0042758 0.0045935
0.0042814 0.004711
0.0042871 0.0048315
0.0042927 0.0049551
0.0042983 0.0050615
0.0043039 0.005168
0.0043096 0.0052767
0.0043152 0.0053878
0.0043208 0.0054774
0.0043265 0.0055658
0.0043321 0.0056555
0.0043377 0.0057468
0.0043433 0.0058126
0.004349 0.0058758
0.0043546 0.0059396
0.0043602 0.0060042
0.0043659 0.0060369
0.0043715 0.0060653
0.0043771 0.0060938
0.0043827 0.0061225
0.0043884 0.0061083
0.004394 0.0060878
0.0043996 0.0060673
0.0044053 0.006047
0.0044109 0.0059693
0.0044165 0.0058839
0.0044221 0.0057996
0.0044278 0.0057166
0.0044334 0.0055652
0.004439 0.0054067
0.0044447 0.0052526
0.0044503 0.005103
0.0044559 0.0048863
0.0044615 0.0046668
0.0044672 0.0044573
0.0044728 0.0042571
0.0044784 0.0040077
0.0044841 0.0037628
0.0044897 0.0035328
0.0044953 0.0033169
0.0045009 0.0030795
0.0045066 0.0028528
0.0045122 0.0026427
0.0045178 0.0024481
0.0045235 0.0022567
0.0045291 0.0020781
0.0045347 0.0019137
0.0045403 0.0017622
0.004546 0.0016278
0.0045516 0.0015047
0.0045572 0.0013909
0.0045629 0.0012858
0.0045685 0.0012017
0.0045741 0.001126
0.0045797 0.0010551
0.0045854 0.0009887
0.004591 0.0009427
0.0045966 0.0009027
0.0046023 0.0008644
0.0046079 0.0008277
0.0046135 0.0008101
0.0046191 0.0007974
0.0046248 0.0007849
0.0046304 0.0007725
0.004636 0.0007798
0.0046417 0.0007925
0.0046473 0.0008053
0.0046529 0.0008184
0.0046585 0.0008553
0.0046642 0.000901
0.0046698 0.0009491
0.0046754 0.0009997
0.0046811 0.0010864
0.0046867 0.0011913
0.0046923 0.0013063
0.0046979 0.0014324
0.0047036 0.0016253
0.0047092 0.0018635
0.0047148 0.0021366
0.0047205 0.0024498
0.0047261 0.0029132
0.0047317 0.0035046
0.0047373 0.0042161
0.004743 0.005072
0.0047486 0.0063289
0.0047542 0.0079932
0.0047598 0.0100951
0.0047655 0.0127498
0.0047711 0.0166326
0.0047767 0.0219405
0.0047824 0.0289424
0.004788 0.0381788
0.0047936 0.0514669
0.0047992 0.0699193
0.0048049 0.0949876
0.0048105 0.1290436
0.0048161 0.1758236
0.0048218 0.2398224
0.0048274 0.3271163
0.004833 0.4461847
0.0048386 0.5949552
0.0048443 0.7864304
0.0048499 1.0395284
0.0048555 1.3740812
0.0048612 1.7293845
0.0048668 2.1342828
0.0048724 2.6339795
0.004878 3.2506694
0.0048837 3.7543346
0.0048893 4.2183644
0.0048949 4.7397477
0.0049006 5.3255731
0.0049062 5.5978385
0.0049118 5.7176782
0.0049174 5.8400834
0.0049231 5.9651091
0.0049287 5.790349
0.0049343 5.4946037
0.00494 5.2139638
0.0049456 4.9476577
0.0049512 4.5634406
0.0049568 4.1542277
0.0049625 3.7817098
0.0049681 3.4425962
0.0049737 3.1014526
0.0049794 2.7802587
0.004985 2.4923285
0.0049906 2.234217
0.0049962 1.9954514
0.0050019 1.7789505
0.0050075 1.5859393
0.0050131 1.4138693
0.0050188 1.2494596
0.0050244 1.0992261
0.00503 0.9670565
0.0050356 0.8507788
0.0050413 0.7329879
0.0050469 0.6245591
0.0050525 0.5321699
0.0050582 0.4534475
0.0050638 0.3740835
0.0050694 0.3032074
0.005075 0.2457599
0.0050807 0.1991967
0.0050863 0.1558659
0.0050919 0.119558
0.0050976 0.0917077
0.0051032 0.070345
0.0051088 0.0525889
0.0051144 0.0387295
0.0051201 0.0285226
0.0051257 0.0210056
0.0051313 0.0153882
0.005137 0.0112373
0.0051426 0.008206
0.0051482 0.0059925
0.0051538 0.0044682
0.0051595 0.0033752
0.0051651 0.0025496
0.0051707 0.0019259
0.0051764 0.0015252
0.005182 0.001245
0.0051876 0.0010164
0.0051932 0.0008297
0.0051989 0.0007264
0.0052045 0.0006661
0.0052101 0.0006108
0.0052158 0.0005601
0.0052214 0.0005598
0.005227 0.0005934
0.0052326 0.0006289
0.0052383 0.0006667
0.0052439 0.000775
0.0052495 0.0009616
0.0052552 0.0011932
0.0052608 0.0014805
0.0052664 0.0020018
0.005272 0.0028812
0.0052777 0.004147
0.0052833 0.0059688
0.0052889 0.0091799
0.0052946 0.0148383
0.0053002 0.0239844
0.0053058 0.0387683
0.0053114 0.0650971
0.0053171 0.1125738
0.0053227 0.1946761
0.0053283 0.3366574
0.005334 0.5877309
0.0053396 1.0338312
0.0053452 1.818531
0.0053508 3.1988346
0.0053565 5.554867
0.0053621 9.544687
0.0053677 16.4002216
0.0053734 28.1797892
0.005379 47.086221
0.0053846 76.8371938
0.0053902 125.3860306
0.0053959 204.6099799
0.0054015 321.0164156
0.0054071 486.6482418
0.0054128 737.7395664
0.0054184 1118.3841244
0.005424 1611.2753331
0.0054296 2217.431876
0.0054353 3051.6225399
0.0054409 4199.6330201
0.0054465 5424.5473118
0.0054522 6606.6622058
0.0054578 8046.3830423
0.0054634 9799.8471916
0.005469 11084.8455266
0.0054747 11682.8356838
0.0054803 12313.0854
0.0054859 12977.3349699
0.0054916 12644.0280966
0.0054972 11401.8661442
0.0055028 10281.7354229
0.0055084 9271.6474628
0.0055141 7756.3106116
0.0055197 6012.6711359
0.0055253 4661.0065015
0.005531 3613.1997104
0.0055366 2626.8957131
0.0055422 1785.8558196
0.0055478 1214.0874084
0.0055535 825.379193
0.0055591 534.4839704
0.0055647 328.4303424
0.0055704 201.8142653
0.005576 124.0110685
0.0055816 73.8530052
0.0055872 42.4779767
0.0055929 24.4320255
0.0055985 14.0525495
0.0056041 7.9714162
0.0056098 4.4506902
0.0056154 2.4849592
0.005621 1.3874302
0.0056266 0.7772035
0.0056323 0.4370673
0.0056379 0.2457887
0.0056435 0.1382214
0.0056492 0.079308
0.0056548 0.0466313
0.0056604 0.0274181
0.005666 0.0161212
0.0056717 0.0098279
0.0056773 0.0062693
0.0056829 0.0039992
0.0056886 0.0025511
0.0056942 0.0017114
0.0056998 0.0012253
0.0057054 0.0008773
0.0057111 0.0006281
0.0057167 0.000478
0.0057223 0.0003946
0.005728 0.0003258
0.0057336 0.000269
0.0057392 0.0002373
0.0057448 0.0002294
0.0057505 0.0002218
0.0057561 0.0002145
0.0057617 0.0002214
0.0057674 0.0002509
0.005773 0.0002843
0.0057786 0.0003221
0.0057842 0.0003868
0.0057899 0.0005056
0.0057955 0.0006608
0.0058011 0.0008637
0.0058068 0.0011799
0.0058124 0.0017235
0.005818 0.0025176
0.0058236 0.0036774
0.0058293 0.0055154
0.0058349 0.00862
0.0058405 0.0134719
0.0058462 0.021055
0.0058518 0.0331377
0.0058574 0.052745
0.005863 0.0839539
0.0058687 0.1336288
0.0058743 0.2103298
0.0058799 0.3249643
0.0058856 0.5020774
0.0058912 0.7757211
0.0058968 1.1678819
0.0059024 1.68198
0.0059081 2.4223828
0.0059137 3.4887086
0.0059193 4.8475602
0.005925 6.3215199
0.0059306 8.2436551
0.0059362 10.750239
0.0059418 13.457495
0.0059475 15.6324696
0.0059531 18.1589595
0.0059587 21.0937759
0.0059644 23.5026104
0.00597 24.201498
0.0059756 24.9211681
0.0059812 25.6622388
0.0059869 25.4049229
0.0059925 23.286045
0.0059981 21.3438905
0.0060038 19.5637198
0.0060094 17.3125493
0.006015 14.268788
0.0060206 11.7601577
0.0060263 9.6925758
0.0060319 7.7533219
0.0060375 5.8260515
0.0060432 4.3778495
0.0060488 3.2896321
0.0060544 2.4135496
0.00606 1.6814359
0.0060657 1.1713977
0.0060713 0.816072
0.0060769 0.5589543
0.0060826 0.3685299
0.0060882 0.2429792
0.0060938 0.1602011
0.0060994 0.1047165
0.0061051 0.0670894
0.0061107 0.0429826
0.0061163 0.027538
0.006122 0.0176698
0.0061276 0.0113795
0.0061332 0.0073285
0.0061388 0.0047196
0.0061445 0.0030792
0.0061501 0.0020754
0.0061557 0.0013988
0.0061614 0.0009428
0.006167 0.000651
0.0061726 0.0004785
0.0061782 0.0003518
0.0061839 0.0002586
0.0061895 0.0001963
0.0061951 0.0001626
0.0062008 0.0001346
0.0062064 0.0001115
0.006212 9.56e-05
0.0062176 9.03e-05
0.0062233 8.54e-05
0.0062289 8.07e-05
0.0062345 7.87e-05
0.0062402 8.4e-05
0.0062458 8.96e-05
0.0062514 9.57e-05
0.006257 0.0001044
0.0062627 0.000122
0.0062683 0.0001425
0.0062739 0.0001664
0.0062795 0.0001967
0.0062852 0.0002415
0.0062908 0.0002964
0.0062964 0.0003639
0.0063021 0.0004477
0.0063077 0.0005548
0.0063133 0.0006875
0.0063189 0.000852
0.0063246 0.0010504
0.0063302 0.0012726
0.0063358 0.0015417
0.0063415 0.0018677
0.0063471 0.0022408
0.0063527 0.002596
0.0063583 0.0030075
0.006364 0.0034842
0.0063696 0.0039881
0.0063752 0.004363
0.0063809 0.0047731
0.0063865 0.0052217
0.0063921 0.0056407
0.0063977 0.0057983
0.0064034 0.0059602
0.006409 0.0061267
0.0064146 0.0062226
0.0064203 0.006015
0.0064259 0.0058142
0.0064315 0.0056202
0.0064371 0.0053753
0.0064428 0.0049108
0.0064484 0.0044865
0.006454 0.0040988
0.0064597 0.0037123
0.0064653 0.0032323
0.0064709 0.0028143
0.0064765 0.0024504
0.0064822 0.0021198
0.0064878 0.0017784
0.0064934 0.0014919
0.0064991 0.0012516
0.0065047 0.0010458
0.0065103 0.0008566
0.0065159 0.0007016
0.0065216 0.0005746
0.0065272 0.00047
0.0065328 0.0003814
0.0065385 0.0003096
0.0065441 0.0002513
0.0065497 0.0002041
0.0065553 0.0001668
0.006561 0.0001362
0.0065666 0.0001113
0.0065722 9.12e-05
0.0065779 7.61e-05
0.0065835 6.35e-05
0.0065891 5.29e-05
0.0065947 4.44e-05
0.0066004 3.83e-05
0.006606 3.3e-05
0.0066116 2.85e-05
0.0066173 2.47e-05
0.0066229 2.22e-05
0.0066285 1.99e-05
0.0066341 1.79e-05
0.0066398 1.62e-05
0.0066454 1.52e-05
0.006651 1.43e-05
0.0066567 1.35e-05
0.0066623 1.27e-05
0.0066679 1.26e-05
0.0066735 1.24e-05
0.0066792 1.22e-05
0.0066848 1.21e-05
0.0066904 1.25e-05
0.0066961 1.29e-05
0.0067017 1.33e-05
0.0067073 1.37e-05
0.0067129 1.47e-05
0.0067186 1.58e-05
0.0067242 1.7e-05
0.0067298 1.83e-05
0.0067355 2.03e-05
0.0067411 2.25e-05
0.0067467 2.5e-05
0.0067523 2.78e-05
0.006758 3.16e-05
0.0067636 3.59e-05
0.0067692 4.09e-05
0.0067749 4.65e-05
0.0067805 5.35e-05
0.0067861 6.15e-05
0.0067917 7.07e-05
0.0067974 8.14e-05
0.006803 9.36e-05
0.0068086 0.0001076
0.0068143 0.0001237
0.0068199 0.0001421
0.0068255 0.0001616
0.0068311 0.0001838
0.0068368 0.0002091
0.0068424 0.0002375
0.006848 0.0002654
0.0068537 0.0002966
0.0068593 0.0003315
0.0068649 0.0003701
0.0068705 0.000406
0.0068762 0.0004453
0.0068818 0.0004884
0.0068874 0.0005354
0.0068931 0.0005787
0.0068987 0.0006254
0.0069043 0.000676
0.0069099 0.0007305
0.0069156 0.0007838
0.0069212 0.000841
0.0069268 0.0009024
0.0069325 0.0009683
0.0069381 0.0010387
0.0069437 0.0011144
0.0069493 0.0011955
0.006955 0.0012826
0.0069606 0.0013798
0.0069662 0.0014844
0.0069719 0.001597
0.0069775 0.001718
0.0069831 0.0018459
0.0069887 0.0019832
0.0069944 0.0021308
0.007 0.0022894
0.0070056 0.0024288
0.0070113 0.0025768
0.0070169 0.0027337
0.0070225 0.0029002
0.0070281 0.0029912
0.0070338 0.0030843
0.0070394 0.0031803
0.007045 0.0032793
0.0070507 0.0032371
0.0070563 0.0031933
0.0070619 0.0031502
0.0070675 0.0031075
0.0070732 0.0029033
0.0070788 0.002709
0.0070844 0.0025277
0.0070901 0.0023586
0.0070957 0.0020773
0.0071013 0.0018262
0.0071069 0.0016055
0.0071126 0.0014115
0.0071182 0.0011772
0.0071238 0.0009798
0.0071295 0.0008155
0.0071351 0.0006787
0.0071407 0.0005428
0.0071463 0.0004332
0.007152 0.0003458
0.0071576 0.000276
0.0071632 0.0002156
0.0071689 0.0001682
0.0071745 0.0001313
0.0071801 0.0001024
0.0071857 7.99e-05
0.0071914 6.23e-05
0.007197 4.86e-05
0.0072026 3.79e-05
0.0072083 3.02e-05
0.0072139 2.41e-05
0.0072195 1.92e-05
0.0072251 1.53e-05
0.0072308 1.27e-05
0.0072364 1.05e-05
0.007242 8.8e-06
0.0072477 7.3e-06
0.0072533 6.4e-06
0.0072589 5.6e-06
0.0072645 4.9e-06
0.0072702 4.3e-06
0.0072758 4e-06
0.0072814 3.8e-06
0.0072871 3.6e-06
0.0072927 3.3e-06
0.0072983 3.4e-06
0.0073039 3.4e-06
0.0073096 3.4e-06
0.0073152 3.4e-06
0.0073208 3.7e-06
0.0073265 4e-06
0.0073321 4.4e-06
0.0073377 4.7e-06
0.0073433 5.5e-06
0.007349 6.4e-06
0.0073546 7.5e-06
0.0073602 8.7e-06
0.0073659 1.07e-05
0.0073715 1.34e-05
0.0073771 1.67e-05
0.0073827 2.08e-05
0.0073884 2.72e-05
0.007394 3.59e-05
0.0073996 4.75e-05
0.0074053 6.27e-05
0.0074109 8.59e-05
0.0074165 0.0001186
0.0074221 0.0001637
0.0074278 0.0002259
0.0074334 0.0003186
0.007439 0.000451
0.0074447 0.0006385
0.0074503 0.0009038
0.0074559 0.0012806
0.0074615 0.0018148
0.0074672 0.0025718
0.0074728 0.0036447
0.0074784 0.0050515
0.0074841 0.0069723
0.0074897 0.0096233
0.0074953 0.0132824
0.0075009 0.0175293
0.0075066 0.0229293
0.0075122 0.0299929
0.0075178 0.0392324
0.0075235 0.048185
0.0075291 0.0584062
0.0075347 0.0707955
0.0075403 0.0858128
0.007546 0.096653
0.0075516 0.1071169
0.0075572 0.1187136
0.0075629 0.1315659
0.0075685 0.1353468
0.0075741 0.1368571
0.0075797 0.1383842
0.0075854 0.1399283
0.007591 0.1323283
0.0075966 0.123122
0.0076023 0.1145562
0.0076079 0.1065864
0.0076135 0.0939789
0.0076191 0.0817355
0.0076248 0.0710871
0.0076304 0.061826
0.007636 0.0517215
0.0076417 0.0428222
0.0076473 0.0354542
0.0076529 0.0293539
0.0076585 0.0236868
0.0076642 0.0189773
0.0076698 0.0152042
0.0076754 0.0121812
0.0076811 0.0096028
0.0076867 0.0075346
0.0076923 0.0059119
0.0076979 0.0046386
0.0077036 0.0036027
0.0077092 0.0027895
0.0077148 0.0021599
0.0077205 0.0016723
0.0077261 0.0012872
0.0077317 0.0009889
0.0077373 0.0007597
0.007743 0.0005836
0.0077486 0.000448
0.0077542 0.0003438
0.0077598 0.0002638
0.0077655 0.0002024
0.0077711 0.0001565
0.0077767 0.0001213
0.0077824 9.4e-05
0.007788 7.28e-05
0.0077936 5.75e-05
0.0077992 4.58e-05
0.0078049 3.64e-05
0.0078105 2.89e-05
0.0078161 2.38e-05
0.0078218 1.98e-05
0.0078274 1.65e-05
0.007833 1.37e-05
0.0078386 1.2e-05
0.0078443 1.06e-05
0.0078499 9.5e-06
0.0078555 8.4e-06
0.0078612 7.9e-06
0.0078668 7.6e-06
0.0078724 7.3e-06
0.007878 7e-06
0.0078837 7.1e-06
0.0078893 7.4e-06
0.0078949 7.7e-06
0.0079006 8.1e-06
0.0079062 8.8e-06
0.0079118 9.9e-06
0.0079174 1.12e-05
0.0079231 1.25e-05
0.0079287 1.47e-05
0.0079343 1.75e-05
0.00794 2.09e-05
0.0079456 2.5e-05
0.0079512 3.07e-05
0.0079568 3.82e-05
0.0079625 4.76e-05
0.0079681 5.93e-05
0.0079737 7.52e-05
0.0079794 9.59e-05
0.007985 0.0001225
0.0079906 0.0001564
0.0079962 0.0002009
0.0080019 0.0002589
0.0080075 0.0003335
0.0080131 0.0004298
0.0080188 0.0005528
0.0080244 0.0007105
0.00803 0.0009132
0.0080356 0.0011737
0.0080413 0.0014972
0.0080469 0.0019023
0.0080525 0.002417
0.0080582 0.003071
0.0080638 0.0038544
0.0080694 0.0048052
0.008075 0.0059907
0.0080807 0.0074686
0.0080863 0.0091528
0.0080919 0.0111087
0.0080976 0.0134825
0.0081032 0.0163636
0.0081088 0.0194074
0.0081144 0.0227097
0.0081201 0.0265739
0.0081257 0.0310956
0.0081313 0.0353005
0.008137 0.039349
0.0081426 0.0438618
0.0081482 0.0488922
0.0081538 0.0524485
0.0081595 0.0549371
0.0081651 0.0575437
0.0081707 0.060274
0.0081764 0.0602967
0.008182 0.0585648
0.0081876 0.0568827
0.0081932 0.0552489
0.0081989 0.0509758
0.0082045 0.0454599
0.0082101 0.0405408
0.0082158 0.036154
0.0082214 0.0305958
0.008227 0.024981
0.0082326 0.0203966
0.0082383 0.0166535
0.0082439 0.0129693
0.0082495 0.0097688
0.0082552 0.0073581
0.0082608 0.0055423
0.0082664 0.0040303
0.008272 0.0028567
0.0082777 0.0020249
0.0082833 0.0014353
0.0082889 0.0010002
0.0082946 0.0006882
0.0083002 0.0004735
0.0083058 0.0003258
0.0083114 0.0002252
0.0083171 0.0001562
0.0083227 0.0001084
0.0083283 7.52e-05
0.008334 5.35e-05
0.0083396 3.88e-05
0.0083452 2.82e-05
0.0083508 2.05e-05
0.0083565 1.55e-05
0.0083621 1.21e-05
0.0083677 9.5e-06
0.0083734 7.4e-06
0.008379 6.1e-06
0.0083846 5.3e-06
0.0083902 4.6e-06
0.0083959 3.9e-06
0.0084015 3.6e-06
0.0084071 3.4e-06
0.0084128 3.2e-06
0.0084184 3.1e-06
0.008424 3.1e-06
0.0084296 3.2e-06
0.0084353 3.4e-06
0.0084409 3.5e-06
0.0084465 3.8e-06
0.0084522 4.4e-06
0.0084578 4.9e-06
0.0084634 5.6e-06
0.008469 6.5e-06
0.0084747 7.8e-06
0.0084803 9.4e-06
0.0084859 1.13e-05
0.0084916 1.38e-05
0.0084972 1.71e-05
0.0085028 2.13e-05
0.0085084 2.64e-05
0.0085141 3.29e-05
0.0085197 4.13e-05
0.0085253 5.17e-05
0.008531 6.47e-05
0.0085366 8.04e-05
0.0085422 9.9e-05
0.0085478 0.0001219
0.0085535 0.00015
0.0085591 0.0001811
0.0085647 0.000214
0.0085704 0.0002529
0.008576 0.0002988
0.0085816 0.000343
0.0085872 0.0003811
0.0085929 0.0004235
0.0085985 0.0004707
0.0086041 0.0005048
0.0086098 0.0005199
0.0086154 0.0005354
0.008621 0.0005513
0.0086266 0.0005465
0.0086323 0.000518
0.0086379 0.0004909
0.0086435 0.0004653
0.0086492 0.0004252
0.0086548 0.0003717
0.0086604 0.000325
0.008666 0.0002841
0.0086717 0.0002409
0.0086773 0.0001965
0.0086829 0.0001603
0.0086886 0.0001308
0.0086942 0.0001044
0.0086998 8.11e-05
0.0087054 6.3e-05
0.0087111 4.89e-05
0.0087167 3.76e-05
0.0087223 2.85e-05
0.008728 2.16e-05
0.0087336 1.63e-05
0.0087392 1.24e-05
0.0087448 9.4e-06
0.0087505 7.2e-06
0.0087561 5.4e-06
0.0087617 4.2e-06
0.0087674 3.3e-06
0.008773 2.6e-06
0.0087786 2e-06
0.0087842 1.6e-06
0.0087899 1.3e-06
0.0087955 1.1e-06
0.0088011 9e-07
0.0088068 8e-07
0.0088124 7e-07
0.008818 6e-07
0.0088236 5e-07
0.0088293 5e-07
0.0088349 4e-07
0.0088405 4e-07
0.0088462 4e-07
0.0088518 4e-07
0.0088574 4e-07
0.008863 4e-07
0.0088687 4e-07
0.0088743 4e-07
0.0088799 5e-07
0.0088856 5e-07
0.0088912 5e-07
0.0088968 6e-07
0.0089024 7e-07
0.0089081 8e-07
0.0089137 9e-07
0.0089193 1e-06
0.008925 1.2e-06
0.0089306 1.4e-06
0.0089362 1.6e-06
0.0089418 1.9e-06
0.0089475 2.3e-06
0.0089531 2.7e-06
0.0089587 3.2e-06
0.0089644 3.8e-06
0.00897 4.4e-06
0.0089756 5.2e-06
0.0089812 6.1e-06
0.0089869 7e-06
0.0089925 8e-06
0.0089981 9e-06
0.0090038 1.02e-05
0.0090094 1.14e-05
0.009015 1.24e-05
0.0090206 1.34e-05
0.0090263 1.44e-05
0.0090319 1.53e-05
0.0090375 1.56e-05
0.0090432 1.59e-05
0.0090488 1.62e-05
0.0090544 1.61e-05
0.00906 1.55e-05
0.0090657 1.48e-05
0.0090713 1.42e-05
0.0090769 1.33e-05
0.0090826 1.21e-05
0.0090882 1.09e-05
0.0090938 9.9e-06
0.0090994 8.8e-06
0.0091051 7.7e-06
0.0091107 6.7e-06
0.0091163 5.8e-06
0.009122 5e-06
0.0091276 4.2e-06
0.0091332 3.6e-06
0.0091388 3.1e-06
0.0091445 2.6e-06
0.0091501 2.2e-06
0.0091557 1.9e-06
0.0091614 1.6e-06
0.009167 1.3e-06
0.0091726 1.2e-06
0.0091782 1e-06
0.0091839 9e-07
0.0091895 7e-07
0.0091951 7e-07
0.0092008 6e-07
0.0092064 5e-07
0.009212 4e-07
0.0092176 4e-07
0.0092233 4e-07
0.0092289 3e-07
0.0092345 3e-07
0.0092402 3e-07
0.0092458 3e-07
0.0092514 3e-07
0.009257 2e-07
0.0092627 2e-07
0.0092683 2e-07
0.0092739 2e-07
0.0092795 2e-07
0.0092852 2e-07
0.0092908 2e-07
0.0092964 2e-07
0.0093021 2e-07
0.0093077 3e-07
0.0093133 3e-07
0.0093189 3e-07
0.0093246 3e-07
0.0093302 3e-07
0.0093358 4e-07
0.0093415 4e-07
0.0093471 4e-07
0.0093527 5e-07
0.0093583 5e-07
0.009364 6e-07
0.0093696 7e-07
0.0093752 7e-07
0.0093809 8e-07
0.0093865 9e-07
0.0093921 1e-06
0.0093977 1.1e-06
0.0094034 1.2e-06
0.009409 1.4e-06
0.0094146 1.5e-06
0.0094203 1.6e-06
0.0094259 1.7e-06
0.0094315 1.8e-06
0.0094371 1.9e-06
0.0094428 1.9e-06
0.0094484 2e-06
0.009454 2e-06
0.0094597 2e-06
0.0094653 2e-06
0.0094709 1.9e-06
0.0094765 1.9e-06
0.0094822 1.8e-06
0.0094878 1.7e-06
0.0094934 1.6e-06
0.0094991 1.5e-06
0.0095047 1.5e-06
0.0095103 1.4e-06
0.0095159 1.3e-06
0.0095216 1.2e-06
0.0095272 1.2e-06
0.0095328 1.1e-06
0.0095385 1.1e-06
0.0095441 1.1e-06
0.0095497 1.1e-06
0.0095553 1.1e-06
0.009561 1.1e-06
0.0095666 1.1e-06
0.0095722 1.1e-06
0.0095779 1.2e-06
0.0095835 1.3e-06
0.0095891 1.4e-06
0.0095947 1.6e-06
0.0096004 1.8e-06
0.009606 2e-06
0.0096116 2.3e-06
0.0096173 2.7e-06
0.0096229 3.1e-06
0.0096285 3.7e-06
0.0096341 4.3e-06
0.0096398 5.1e-06
0.0096454 5.9e-06
0.009651 6.9e-06
0.0096567 8.1e-06
0.0096623 9.4e-06
0.0096679 1.05e-05
0.0096735 1.17e-05
0.0096792 1.31e-05
0.0096848 1.46e-05
0.0096904 1.52e-05
0.0096961 1.59e-05
0.0097017 1.65e-05
0.0097073 1.71e-05
0.0097129 1.66e-05
0.0097186 1.6e-05
0.0097242 1.55e-05
0.0097298 1.49e-05
0.0097355 1.37e-05
0.0097411 1.25e-05
0.0097467 1.14e-05
0.0097523 1.04e-05
0.009758 9.3e-06
0.0097636 8.3e-06
0.0097692 7.4e-06
0.0097749 6.6e-06
0.0097805 5.8e-06
0.0097861 5.1e-06
0.0097917 4.6e-06
0.0097974 4e-06
0.009803 3.6e-06
0.0098086 3.2e-06
0.0098143 2.9e-06
0.0098199 2.6e-06
0.0098255 2.3e-06
0.0098311 2.1e-06
0.0098368 1.8e-06
0.0098424 1.7e-06
0.009848 1.5e-06
0.0098537 1.3e-06
0.0098593 1.2e-06
0.0098649 1e-06
0.0098705 9e-07
0.0098762 8e-07
0.0098818 7e-07
0.0098874 6e-07
0.0098931 5e-07
0.0098987 4e-07
0.0099043 4e-07
0.0099099 3e-07
0.0099156 3e-07
0.0099212 2e-07
0.0099268 2e-07
0.0099325 2e-07
0.0099381 1e-07
0.0099437 1e-07
0.0099493 1e-07
0.009955 1e-07
0.0099606 1e-07
0.0099662 1e-07
0.0099719 1e-07
0.0099775 1e-07
0.0099831 1e-07
0.0099887 1e-07
0.0099944 0
0.01 0
