0.001 0.0186455
0.0010056 0.0176635
0.0010113 0.0167332
0.0010169 0.0158519
0.0010225 0.015017
0.0010281 0.0147761
0.0010338 0.0145433
0.0010394 0.0143141
0.001045 0.0140886
0.0010507 0.0143852
0.0010563 0.0146963
0.0010619 0.0150142
0.0010675 0.0153389
0.0010732 0.0161792
0.0010788 0.0170781
0.0010844 0.0180269
0.0010901 0.0190285
0.0010957 0.0206134
0.0011013 0.0223482
0.0011069 0.0242291
0.0011126 0.0262683
0.0011182 0.0290679
0.0011238 0.0321917
0.0011295 0.0356511
0.0011351 0.0394823
0.0011407 0.04445
0.0011463 0.0500816
0.001152 0.0564267
0.0011576 0.0635757
0.0011632 0.0726289
0.0011689 0.0830351
0.0011745 0.0949323
0.0011801 0.108534
0.0011857 0.1255583
0.0011914 0.1453628
0.001197 0.1682911
0.0012026 0.1948358
0.0012083 0.2275612
0.0012139 0.2659531
0.0012195 0.3108221
0.0012251 0.363261
0.0012308 0.4258769
0.0012364 0.4994131
0.001242 0.5856467
0.0012477 0.6867703
0.0012533 0.8004159
0.0012589 0.93235
0.0012645 1.0860312
0.0012702 1.2650439
0.0012758 1.4473572
0.0012814 1.6530004
0.0012871 1.8878619
0.0012927 2.1560929
0.0012983 2.3939894
0.0013039 2.6500296
0.0013096 2.9334536
0.0013152 3.2471902
0.0013208 3.4843519
0.0013265 3.7251725
0.0013321 3.9826374
0.0013377 4.2578969
0.0013433 4.44621
0.001349 4.6289706
0.0013546 4.8192437
0.0013602 5.0173378
0.0013659 5.1789112
0.0013715 5.3394139
0.0013771 5.5048908
0.0013827 5.6754962
0.0013884 5.8895643
0.001394 6.117534
0.0013996 6.3543278
0.0014053 6.6002873
0.0014109 6.9671211
0.0014165 7.3729128
0.0014221 7.8023394
0.0014278 8.2567774
0.0014334 8.9084941
0.001439 9.6427153
0.0014447 10.4374496
0.0014503 11.2976845
0.0014559 12.4589326
0.0014615 13.7849505
0.0014672 15.2520981
0.0014728 16.8753957
0.0014784 18.9879635
0.0014841 21.4324377
0.0014897 24.1916088
0.0014953 27.3059904
0.0015009 31.2974417
0.0015066 35.9815025
0.0015122 41.3665926
0.0015178 47.55763
0.0015235 55.4360237
0.0015291 64.8065318
0.0015347 75.7609634
0.0015403 88.5670536
0.001546 104.6390899
0.0015516 123.9160221
0.0015572 146.7442097
0.0015629 173.7778755
0.0015685 206.5651334
0.0015741 245.7517623
0.0015797 292.3723267
0.0015854 347.8370883
0.001591 410.7776404
0.0015966 484.2370524
0.0016023 570.8332194
0.0016079 672.9153887
0.0016135 776.5207323
0.0016191 891.2249197
0.0016248 1022.8726992
0.0016304 1173.9669029
0.001636 1302.1855257
0.0016417 1431.3261507
0.0016473 1573.2739377
0.0016529 1729.2990014
0.0016585 1824.3025899
0.0016642 1902.6080668
0.0016698 1984.2746898
0.0016754 2069.4467313
0.0016811 2074.2606958
0.0016867 2055.1810313
0.0016923 2036.2768671
0.0016979 2017.5465891
0.0017036 1936.6625843
0.0017092 1841.2107391
0.0017148 1750.463407
0.0017205 1664.188718
0.0017261 1548.46873
0.0017317 1431.0013178
0.0017373 1322.445027
0.001743 1222.1238567
0.0017486 1114.4807105
0.0017542 1011.8646047
0.0017598 918.696904
0.0017655 834.107644
0.0017711 751.0939916
0.0017767 674.431401
0.0017824 605.5936005
0.001788 543.7819301
0.0017936 485.870657
0.0017992 433.360749
0.0018049 386.5257885
0.0018105 344.7524621
0.0018161 307.0389311
0.0018218 273.3008218
0.0018274 243.2699297
0.001833 216.5388977
0.0018386 193.2636961
0.0018443 172.6689986
0.0018499 154.2689273
0.0018555 137.8296169
0.0018612 123.8990766
0.0018668 111.6498549
0.0018724 100.6116464
0.001878 90.6647251
0.0018837 82.2455904
0.0018893 74.8141118
0.0018949 68.0541206
0.0019006 61.904943
0.0019062 56.4885619
0.0019118 51.6157806
0.0019174 47.1633321
0.0019231 43.094958
0.0019287 39.257866
0.0019343 35.7139489
0.00194 32.4899511
0.0019456 29.5569925
0.0019512 26.6624718
0.0019568 23.9577628
0.0019625 21.5274264
0.0019681 19.3436295
0.0019737 17.214562
0.0019794 15.2494134
0.001985 13.5085985
0.0019906 11.9665085
0.0019962 10.5390951
0.0020019 9.2553471
0.0020075 8.1279701
0.0020131 7.1379169
0.0020188 6.2732534
0.0020244 5.5154877
0.00203 4.8492549
0.0020356 4.2634985
0.0020413 3.7741793
0.0020469 3.3531023
0.0020525 2.979004
0.0020582 2.6466431
0.0020638 2.3761241
0.0020694 2.1455033
0.002075 1.937266
0.0020807 1.7492397
0.0020863 1.5979161
0.0020919 1.4692894
0.0020976 1.3510167
0.0021032 1.2422645
0.0021088 1.1551015
0.0021144 1.0810779
0.0021201 1.011798
0.0021257 0.9469579
0.0021313 0.8953473
0.002137 0.8517604
0.0021426 0.8102953
0.0021482 0.7708489
0.0021538 0.7401836
0.0021595 0.7148667
0.0021651 0.6904157
0.0021707 0.666801
0.0021764 0.6496459
0.002182 0.6364926
0.0021876 0.6236056
0.0021932 0.6109796
0.0021989 0.6036072
0.0022045 0.5996177
0.0022101 0.5956546
0.0022158 0.5917177
0.0022214 0.592389
0.002227 0.5962172
0.0022326 0.6000703
0.0022383 0.6039482
0.0022439 0.6120389
0.0022495 0.6232481
0.0022552 0.6346626
0.0022608 0.6462862
0.0022664 0.6617957
0.002272 0.6804261
0.0022777 0.699581
0.0022833 0.719275
0.0022889 0.7425035
0.0022946 0.7687974
0.0023002 0.7960224
0.0023058 0.8242115
0.0023114 0.8555618
0.0023171 0.8898449
0.0023227 0.9255017
0.0023283 0.9625873
0.002334 1.0025356
0.0023396 1.0452865
0.0023452 1.0898604
0.0023508 1.136335
0.0023565 1.1855458
0.0023621 1.237535
0.0023677 1.2918041
0.0023734 1.3484529
0.002379 1.4077861
0.0023846 1.4699071
0.0023902 1.5347693
0.0023959 1.6024936
0.0024015 1.6724409
0.0024071 1.744744
0.0024128 1.8201729
0.0024184 1.8988627
0.002424 1.9780469
0.0024296 2.0578109
0.0024353 2.1407913
0.0024409 2.227118
0.0024465 2.3101925
0.0024522 2.3899059
0.0024578 2.4723698
0.0024634 2.5576791
0.002469 2.6343392
0.0024747 2.7019324
0.0024803 2.77126
0.0024859 2.8423664
0.0024916 2.8999391
0.0024972 2.9433231
0.0025028 2.9873561
0.0025084 3.0320478
0.0025141 3.0615493
0.0025197 3.0751662
0.0025253 3.0888438
0.002531 3.1025822
0.0025366 3.1033239
0.0025422 3.0904607
0.0025478 3.0776507
0.0025535 3.0648939
0.0025591 3.0430687
0.0025647 3.0116653
0.0025704 2.9805859
0.002576 2.9498273
0.0025816 2.9131071
0.0025872 2.8699698
0.0025929 2.8274713
0.0025985 2.7856021
0.0026041 2.7391686
0.0026098 2.6876831
0.0026154 2.6371652
0.002621 2.587597
0.0026266 2.5338781
0.0026323 2.4754132
0.0026379 2.4182973
0.0026435 2.3624992
0.0026492 2.3030217
0.0026548 2.2391647
0.0026604 2.1770783
0.002666 2.1167134
0.0026717 2.0536045
0.0026773 1.9870143
0.0026829 1.9225834
0.0026886 1.8602417
0.0026942 1.7964043
0.0026998 1.7303755
0.0027054 1.6667736
0.0027111 1.6055095
0.0027167 1.5440771
0.0027223 1.4818976
0.002728 1.422222
0.0027336 1.3649496
0.0027392 1.3087449
0.0027448 1.2532236
0.0027505 1.2000577
0.0027561 1.1491473
0.0027617 1.1002703
0.0027674 1.0533005
0.002773 1.0083359
0.0027786 0.9652908
0.0027842 0.924819
0.0027899 0.8870763
0.0027955 0.8508739
0.0028011 0.816149
0.0028068 0.7840884
0.0028124 0.7550997
0.002818 0.7271826
0.0028236 0.7002977
0.0028293 0.675843
0.0028349 0.6544074
0.0028405 0.6336516
0.0028462 0.6135541
0.0028518 0.5955119
0.0028574 0.5802198
0.002863 0.5653203
0.0028687 0.5508035
0.0028743 0.5379846
0.0028799 0.5276195
0.0028856 0.5174541
0.0028912 0.5074845
0.0028968 0.4989708
0.0029024 0.4927375
0.0029081 0.486582
0.0029137 0.4805034
0.0029193 0.4757975
0.002925 0.4734201
0.0029306 0.4710546
0.0029362 0.4687009
0.0029418 0.4678059
0.0029475 0.4695667
0.0029531 0.4713342
0.0029587 0.4731083
0.0029644 0.4766002
0.00297 0.4833952
0.0029756 0.490287
0.0029812 0.4972771
0.0029869 0.5064456
0.0029925 0.5199482
0.0029981 0.5338109
0.0030038 0.5480431
0.0030094 0.5652047
0.003015 0.5882591
0.0030206 0.612254
0.0030263 0.6372276
0.0030319 0.6663744
0.0030375 0.7038096
0.0030432 0.7433479
0.0030488 0.7851074
0.0030544 0.833191
0.00306 0.8934368
0.0030657 0.9580387
0.0030713 1.0273118
0.0030769 1.1068058
0.0030826 1.205148
0.0030882 1.3122282
0.0030938 1.4288226
0.0030994 1.563021
0.0031051 1.728391
0.0031107 1.9112575
0.0031163 2.1134716
0.003122 2.347882
0.0031276 2.6374423
0.0031332 2.9627137
0.0031388 3.3281002
0.0031445 3.7556123
0.0031501 4.2865632
0.0031557 4.8925774
0.0031614 5.5842671
0.003167 6.4011233
0.0031726 7.4195252
0.0031782 8.5999523
0.0031839 9.9681821
0.0031895 11.5953724
0.0031951 13.6184171
0.0032008 15.9944223
0.0032064 18.7849691
0.003212 22.1113802
0.0032176 26.1889959
0.0032233 31.018575
0.0032289 36.7387891
0.0032345 43.524775
0.0032402 51.6017874
0.0032458 61.1776733
0.0032514 72.5305828
0.003257 85.808763
0.0032627 100.8697854
0.0032683 118.5742953
0.0032739 139.3862737
0.0032795 163.1164759
0.0032852 188.1983493
0.0032908 217.1369782
0.0032964 250.5254029
0.0033021 287.1810796
0.0033077 322.2561071
0.0033133 361.6150434
0.0033189 405.7811062
0.0033246 451.8281098
0.0033302 489.8975346
0.0033358 531.1745533
0.0033415 575.9294264
0.0033471 619.3824958
0.0033527 646.9116788
0.0033583 675.6644287
0.003364 705.6951284
0.0033696 731.3331647
0.0033752 736.0524058
0.0033809 740.8020998
0.0033865 745.5824432
0.0033921 745.2262081
0.0033977 724.9345186
0.0034034 705.1953494
0.003409 685.9936561
0.0034146 663.5327391
0.0034203 626.9691668
0.0034259 592.4204082
0.0034315 559.7754381
0.0034371 526.713838
0.0034428 486.6990832
0.0034484 449.7242725
0.003454 415.5584595
0.0034597 383.027865
0.0034653 349.0513223
0.0034709 318.0886738
0.0034765 289.8725715
0.0034822 263.9489222
0.0034878 239.4292316
0.0034934 217.1873121
0.0034991 197.0115689
0.0035047 178.8157205
0.0035103 162.7851466
0.0035159 148.1916908
0.0035216 134.9065174
0.0035272 122.9819401
0.0035328 112.9395826
0.0035385 103.7172557
0.0035441 95.2479978
0.0035497 87.6038867
0.0035553 81.2708947
0.003561 75.3957224
0.0035666 69.9452735
0.0035722 64.9681877
0.0035779 60.7893374
0.0035835 56.8792769
0.0035891 53.2207174
0.0035947 49.8351487
0.0036004 46.89092
0.003606 44.1206344
0.0036116 41.5140155
0.0036173 39.0756648
0.0036229 36.872321
0.0036285 34.7932162
0.0036341 32.8313451
0.0036398 30.9852931
0.0036454 29.2789258
0.003651 27.6665285
0.0036567 26.1429263
0.0036623 24.7072889
0.0036679 23.3806931
0.0036735 22.1253255
0.0036792 20.9373618
0.0036848 19.8187247
0.0036904 18.8045031
0.0036961 17.8421843
0.0037017 16.929112
0.0037073 16.069515
0.0037129 15.3128267
0.0037186 14.5917697
0.0037242 13.9046662
0.0037298 13.2569151
0.0037355 12.7068118
0.0037411 12.1795354
0.0037467 11.6741386
0.0037523 11.1965223
0.003758 10.8111406
0.0037636 10.4390235
0.0037692 10.0797147
0.0037749 9.7397011
0.0037805 9.4938873
0.0037861 9.2542773
0.0037917 9.0207147
0.0037974 8.8008249
0.003803 8.6915323
0.0038086 8.5835969
0.0038143 8.477002
0.0038199 8.3810783
0.0038255 8.4319892
0.0038311 8.4832094
0.0038368 8.5347408
0.0038424 8.5979557
0.003848 8.8704395
0.0038537 9.1515587
0.0038593 9.4415871
0.0038649 9.7543708
0.0038705 10.3787486
0.0038762 11.0430929
0.0038818 11.749962
0.0038874 12.5177554
0.0038931 13.7705002
0.0038987 15.1486166
0.0039043 16.6646512
0.0039099 18.3496768
0.0039156 20.8280602
0.0039212 23.6411842
0.0039268 26.8342605
0.0039325 30.4759086
0.0039381 35.4740635
0.0039437 41.2919332
0.0039493 48.0639536
0.003955 55.9605678
0.0039606 66.2279445
0.0039662 78.3791303
0.0039719 92.7597574
0.0039775 109.7848986
0.0039831 130.87964
0.0039887 156.0276539
0.0039944 186.0077609
0.004 221.7484288
0.0040056 263.8990808
0.0040113 314.0618638
0.0040169 373.7597494
0.0040225 444.8052003
0.0040281 523.8591676
0.0040338 616.9143931
0.0040394 726.4993952
0.004045 855.5504251
0.0040507 988.2785615
0.0040563 1141.2617201
0.0040619 1317.9263059
0.0040675 1521.9381472
0.0040732 1708.1029727
0.0040788 1915.778073
0.0040844 2148.702791
0.0040901 2409.9470336
0.0040957 2603.7983717
0.0041013 2809.9843976
0.0041069 3032.4976006
0.0041126 3272.6308749
0.0041182 3380.4122274
0.0041238 3485.7736515
0.0041295 3594.4190034
0.0041351 3706.4506373
0.0041407 3653.072561
0.0041463 3592.7831207
0.004152 3533.4886829
0.0041576 3475.1728264
0.0041632 3284.2978925
0.0041689 3097.0427451
0.0041745 2920.4640015
0.0041801 2753.9529435
0.0041857 2524.0722022
0.0041914 2309.1706617
0.004197 2112.5660115
0.0042026 1932.7004396
0.0042083 1743.0832474
0.0042139 1570.4411394
0.0042195 1414.8982134
0.0042251 1274.7608961
0.0042308 1146.8317658
0.0042364 1031.618847
0.004242 927.9804389
0.0042477 834.7537441
0.0042533 756.2924766
0.0042589 685.6488649
0.0042645 621.6039171
0.0042702 563.5412665
0.0042758 516.6034492
0.0042814 474.0966164
0.0042871 435.0873035
0.0042927 399.2877298
0.0042983 370.7184371
0.0043039 344.6270365
0.0043096 320.3719653
0.0043152 297.8239816
0.0043208 279.7796662
0.0043265 263.1528511
0.0043321 247.5141385
0.0043377 232.8048072
0.0043433 220.8971168
0.004349 209.8321286
0.0043546 199.3213982
0.0043602 189.3371623
0.0043659 181.0398578
0.0043715 173.2619325
0.0043771 165.8181663
0.0043827 158.694203
0.0043884 152.3790806
0.004394 146.3861489
0.0043996 140.6289138
0.0044053 135.0981055
0.0044109 129.5619292
0.0044165 124.2191954
0.0044221 119.0967793
0.0044278 114.1855959
0.0044334 108.5472217
0.004439 103.0406957
0.0044447 97.8135119
0.0044503 92.8514996
0.0044559 86.7329971
0.0044615 80.7870586
0.0044672 75.248741
0.0044728 70.0901001
0.0044784 63.837499
0.0044841 57.8987416
0.0044897 52.5124626
0.0044953 47.6272653
0.0045009 42.1273407
0.0045066 37.0778962
0.0045122 32.6336855
0.0045178 28.7221644
0.0045235 24.7219517
0.0045291 21.1798659
0.0045347 18.1452792
0.0045403 15.5454789
0.004546 13.1313359
0.0045516 11.0576476
0.0045572 9.3114342
0.0045629 7.8409812
0.0045685 6.5866509
0.0045741 5.5298532
0.0045797 4.6426138
0.0045854 3.8977279
0.004591 3.3048481
0.0045966 2.8088864
0.0046023 2.3873542
0.0046079 2.0290817
0.0046135 1.7600086
0.0046191 1.5345458
0.0046248 1.3379655
0.0046304 1.1665678
0.004636 1.0455976
0.0046417 0.9440964
0.0046473 0.8524485
0.0046529 0.7696973
0.0046585 0.7171211
0.0046642 0.674005
0.0046698 0.6334813
0.0046754 0.595394
0.0046811 0.5776001
0.0046867 0.5655299
0.0046923 0.5537119
0.0046979 0.5421409
0.0047036 0.5462033
0.0047092 0.5550975
0.0047148 0.5641366
0.0047205 0.5733228
0.0047261 0.5958004
0.0047317 0.6235501
0.0047373 0.6525923
0.004743 0.6829872
0.0047486 0.7245008
0.0047542 0.7719649
0.0047598 0.8225384
0.0047655 0.8764253
0.0047711 0.9370828
0.0047767 1.0031312
0.0047824 1.0738348
0.004788 1.1495219
0.0047936 1.2232947
0.0047992 1.2990579
0.0048049 1.3795135
0.0048105 1.4649519
0.0048161 1.53579
0.0048218 1.602382
0.0048274 1.6718614
0.004833 1.7443534
0.0048386 1.7903478
0.0048443 1.8259623
0.0048499 1.8622854
0.0048555 1.899331
0.0048612 1.9050748
0.0048668 1.8981311
0.0048724 1.8912127
0.004878 1.8843195
0.0048837 1.8501676
0.0048893 1.8056346
0.0048949 1.7621734
0.0049006 1.7197583
0.0049062 1.6590646
0.0049118 1.5925708
0.0049174 1.5287421
0.0049231 1.4674716
0.0049287 1.3968561
0.0049343 1.324663
0.00494 1.2562011
0.0049456 1.1912774
0.0049512 1.1233896
0.0049568 1.0566313
0.0049625 0.9938401
0.0049681 0.9347803
0.0049737 0.8764322
0.0049794 0.8204756
0.004985 0.7680917
0.0049906 0.7190522
0.0049962 0.6724427
0.0050019 0.6285305
0.0050075 0.5874859
0.0050131 0.5491216
0.0050188 0.5137031
0.0050244 0.4807799
0.00503 0.4499667
0.0050356 0.4211284
0.0050413 0.3950895
0.0050469 0.3711334
0.0050525 0.3486298
0.0050582 0.3274907
0.0050638 0.3086954
0.0050694 0.2915272
0.005075 0.2753139
0.0050807 0.2600022
0.0050863 0.2464857
0.0050919 0.2341784
0.0050976 0.2224857
0.0051032 0.2113768
0.0051088 0.2015419
0.0051144 0.1925658
0.0051201 0.1839896
0.0051257 0.1757952
0.0051313 0.1684391
0.005137 0.1616647
0.0051426 0.1551627
0.0051482 0.1489222
0.0051538 0.1431903
0.0051595 0.1378333
0.0051651 0.1326768
0.0051707 0.1277131
0.0051764 0.1230341
0.005182 0.1185878
0.0051876 0.1143021
0.0051932 0.1101713
0.0051989 0.1061917
0.0052045 0.1023569
0.0052101 0.0986607
0.0052158 0.0950979
0.0052214 0.0916185
0.005227 0.0882366
0.0052326 0.0849795
0.0052383 0.0818427
0.0052439 0.0787599
0.0052495 0.0757513
0.0052552 0.0728577
0.0052608 0.0700746
0.0052664 0.0673326
0.005272 0.0646523
0.0052777 0.0620787
0.0052833 0.0596075
0.0052889 0.0571689
0.0052946 0.0547827
0.0053002 0.0524962
0.0053058 0.050305
0.0053114 0.04814
0.0053171 0.0460197
0.0053227 0.0439929
0.0053283 0.0420553
0.005334 0.0401424
0.0053396 0.0382704
0.0053452 0.0364857
0.0053508 0.0347843
0.0053565 0.0331138
0.0053621 0.0314858
0.0053677 0.0299378
0.0053734 0.0284659
0.005379 0.0270376
0.0053846 0.0256577
0.0053902 0.0243483
0.0053959 0.0231057
0.0054015 0.0219198
0.0054071 0.0207892
0.0054128 0.0197169
0.0054184 0.0186999
0.005424 0.0177473
0.0054296 0.0168534
0.0054353 0.0160045
0.0054409 0.0151983
0.0054465 0.0144562
0.0054522 0.0137711
0.0054578 0.0131184
0.0054634 0.0124967
0.005469 0.0119322
0.0054747 0.0114186
0.0054803 0.0109272
0.0054859 0.0104569
0.0054916 0.0100341
0.0054972 0.0096543
0.0055028 0.0092888
0.0055084 0.0089372
0.0055141 0.0086233
0.0055197 0.0083445
0.0055253 0.0080747
0.005531 0.0078137
0.0055366 0.0075824
0.0055422 0.0073797
0.0055478 0.0071824
0.0055535 0.0069904
0.0055591 0.0068224
0.0055647 0.0066784
0.0055704 0.0065375
0.005576 0.0063995
0.0055816 0.006282
0.0055872 0.006186
0.0055929 0.0060914
0.0055985 0.0059983
0.0056041 0.0059241
0.0056098 0.0058706
0.0056154 0.0058176
0.005621 0.0057651
0.0056266 0.0057317
0.0056323 0.0057202
0.0056379 0.0057087
0.0056435 0.0056973
0.0056492 0.0057065
0.0056548 0.005741
0.0056604 0.0057757
0.005666 0.0058106
0.0056717 0.0058694
0.0056773 0.0059589
0.0056829 0.0060497
0.0056886 0.0061419
0.0056942 0.0062629
0.0056998 0.0064226
0.0057054 0.0065864
0.0057111 0.0067543
0.0057167 0.0069578
0.0057223 0.0072106
0.005728 0.0074727
0.0057336 0.0077442
0.0057392 0.00806
0.0057448 0.0084381
0.0057505 0.0088339
0.0057561 0.0092483
0.0057617 0.0097172
0.0057674 0.0102623
0.005773 0.010838
0.0057786 0.0114459
0.0057842 0.0121188
0.0057899 0.0128792
0.0057955 0.0136873
0.0058011 0.0145461
0.0058068 0.0154775
0.0058124 0.0164985
0.005818 0.0175869
0.0058236 0.0187471
0.0058293 0.0199792
0.0058349 0.0212848
0.0058405 0.0226757
0.0058462 0.0241575
0.0058518 0.0256957
0.0058574 0.0272629
0.005863 0.0289257
0.0058687 0.0306899
0.0058743 0.0324756
0.0058799 0.0342145
0.0058856 0.0360465
0.0058912 0.0379766
0.0058968 0.0398777
0.0059024 0.0416369
0.0059081 0.0434738
0.0059137 0.0453916
0.0059193 0.0472289
0.005925 0.0488376
0.0059306 0.0505011
0.0059362 0.0522213
0.0059418 0.0538266
0.0059475 0.0551554
0.0059531 0.0565171
0.0059587 0.0579124
0.0059644 0.0591866
0.00597 0.0601893
0.0059756 0.061209
0.0059812 0.0622459
0.0059869 0.0631808
0.0059925 0.0638927
0.0059981 0.0646126
0.0060038 0.0653407
0.0060094 0.0659981
0.006015 0.0665014
0.0060206 0.0670085
0.0060263 0.0675195
0.0060319 0.0679902
0.0060375 0.0683713
0.0060432 0.0687545
0.0060488 0.0691399
0.0060544 0.0695052
0.00606 0.0698239
0.0060657 0.070144
0.0060713 0.0704657
0.0060769 0.0707735
0.0060826 0.0710483
0.0060882 0.0713242
0.0060938 0.0716012
0.0060994 0.0718578
0.0061051 0.0720654
0.0061107 0.0722735
0.0061163 0.0724822
0.006122 0.0726549
0.0061276 0.0727395
0.0061332 0.0728241
0.0061388 0.0729089
0.0061445 0.0729377
0.0061501 0.0728264
0.0061557 0.0727153
0.0061614 0.0726044
0.006167 0.0724182
0.0061726 0.0720374
0.0061782 0.0716586
0.0061839 0.0712818
0.0061895 0.070815
0.0061951 0.0701057
0.0062008 0.0694036
0.0062064 0.0687084
0.006212 0.0679176
0.0062176 0.0668523
0.0062233 0.0658038
0.0062289 0.0647718
0.0062345 0.0636506
0.0062402 0.0622488
0.0062458 0.0608779
0.0062514 0.0595371
0.006257 0.0581274
0.0062627 0.0564609
0.0062683 0.0548422
0.0062739 0.0532698
0.0062795 0.0516586
0.0062852 0.0498402
0.0062908 0.0480857
0.0062964 0.046393
0.0063021 0.0446947
0.0063077 0.0428524
0.0063133 0.041086
0.0063189 0.0393925
0.0063246 0.0377229
0.0063302 0.0359736
0.0063358 0.0343054
0.0063415 0.0327145
0.0063471 0.0311692
0.0063527 0.0296006
0.0063583 0.028111
0.006364 0.0266963
0.0063696 0.0253395
0.0063752 0.0240043
0.0063809 0.0227395
0.0063865 0.0215413
0.0063921 0.020405
0.0063977 0.0193239
0.0064034 0.0183
0.006409 0.0173304
0.0064146 0.0164204
0.0064203 0.01559
0.0064259 0.0148017
0.0064315 0.0140532
0.0064371 0.0133582
0.0064428 0.0127621
0.0064484 0.0121927
0.006454 0.0116486
0.0064597 0.0111507
0.0064653 0.01077
0.0064709 0.0104022
0.0064765 0.0100471
0.0064822 0.0097317
0.0064878 0.0095557
0.0064934 0.0093829
0.0064991 0.0092132
0.0065047 0.0090802
0.0065103 0.0091179
0.0065159 0.0091558
0.0065216 0.0091939
0.0065272 0.0092718
0.0065328 0.0095666
0.0065385 0.0098709
0.0065441 0.0101848
0.0065497 0.0105537
0.0065553 0.0112038
0.006561 0.0118939
0.0065666 0.0126265
0.0065722 0.0134508
0.0065779 0.0146306
0.0065835 0.0159139
0.0065891 0.0173097
0.0065947 0.0188652
0.0066004 0.0208219
0.006606 0.0229815
0.0066116 0.0253651
0.0066173 0.0280033
0.0066229 0.0309714
0.0066285 0.034254
0.0066341 0.0378847
0.0066398 0.0418528
0.0066454 0.0458567
0.006651 0.0502436
0.0066567 0.0550502
0.0066623 0.0602018
0.0066679 0.0648563
0.0066735 0.0698706
0.0066792 0.0752727
0.0066848 0.0809219
0.0066904 0.0854531
0.0066961 0.090238
0.0067017 0.0952908
0.0067073 0.1004316
0.0067129 0.1039714
0.0067186 0.107636
0.0067242 0.1114298
0.0067298 0.1151704
0.0067355 0.1171066
0.0067411 0.1190753
0.0067467 0.1210771
0.0067523 0.1229558
0.006758 0.1231117
0.0067636 0.1232678
0.0067692 0.1234241
0.0067749 0.1234639
0.0067805 0.1220759
0.0067861 0.1207035
0.0067917 0.1193466
0.0067974 0.1179289
0.006803 0.1154987
0.0068086 0.1131186
0.0068143 0.1107875
0.0068199 0.1084638
0.0068255 0.105569
0.0068311 0.1027515
0.0068368 0.1000092
0.0068424 0.0973253
0.006848 0.0944552
0.0068537 0.0916697
0.0068593 0.0889664
0.0068649 0.0863432
0.0068705 0.0838051
0.0068762 0.0813415
0.0068818 0.0789504
0.0068874 0.0766356
0.0068931 0.0745395
0.0068987 0.0725006
0.0069043 0.0705176
0.0069099 0.0685941
0.0069156 0.06689
0.0069212 0.0652282
0.0069268 0.0636077
0.0069325 0.0620293
0.0069381 0.0605656
0.0069437 0.0591365
0.0069493 0.0577412
0.006955 0.0563775
0.0069606 0.0549657
0.0069662 0.0535893
0.0069719 0.0522474
0.0069775 0.0509372
0.0069831 0.0494205
0.0069887 0.0479489
0.0069944 0.0465211
0.007 0.0451359
0.0070056 0.0434488
0.0070113 0.0418247
0.0070169 0.0402614
0.0070225 0.0387565
0.0070281 0.03695
0.0070338 0.0352251
0.0070394 0.0335807
0.007045 0.0320131
0.0070507 0.0302147
0.0070563 0.0285129
0.0070619 0.0269069
0.0070675 0.0253915
0.0070732 0.0237421
0.0070788 0.0221952
0.0070844 0.0207491
0.0070901 0.0193972
0.0070957 0.0179977
0.0071013 0.0166952
0.0071069 0.015487
0.0071126 0.0143663
0.0071182 0.0132567
0.0071238 0.0122303
0.0071295 0.0112834
0.0071351 0.0104097
0.0071407 0.0095787
0.0071463 0.0088129
0.007152 0.0081083
0.0071576 0.0074601
0.0071632 0.0068654
0.0071689 0.0063182
0.0071745 0.0058146
0.0071801 0.0053511
0.0071857 0.00494
0.0071914 0.0045613
0.007197 0.0042117
0.0072026 0.0038889
0.0072083 0.0036115
0.0072139 0.0033553
0.0072195 0.0031173
0.0072251 0.0028961
0.0072308 0.002712
0.0072364 0.0025413
0.007242 0.0023813
0.0072477 0.0022313
0.0072533 0.0021107
0.0072589 0.0019983
0.0072645 0.001892
0.0072702 0.0017912
0.0072758 0.0017135
0.0072814 0.0016408
0.0072871 0.0015713
0.0072927 0.0015046
0.0072983 0.0014561
0.0073039 0.0014108
0.0073096 0.0013669
0.0073152 0.0013244
0.0073208 0.0012962
0.0073265 0.0012702
0.0073321 0.0012447
0.0073377 0.0012196
0.0073433 0.001206
0.007349 0.001194
0.0073546 0.001182
0.0073602 0.0011702
0.0073659 0.0011672
0.0073715 0.0011654
0.0073771 0.0011635
0.0073827 0.0011617
0.0073884 0.0011662
0.007394 0.0011715
0.0073996 0.0011769
0.0074053 0.0011823
0.0074109 0.0011911
0.0074165 0.0012005
0.0074221 0.00121
0.0074278 0.0012196
0.0074334 0.0012295
0.007439 0.0012395
0.0074447 0.0012496
0.0074503 0.0012598
0.0074559 0.0012674
0.0074615 0.0012746
0.0074672 0.0012818
0.0074728 0.0012891
0.0074784 0.0012917
0.0074841 0.0012934
0.0074897 0.0012951
0.0074953 0.0012969
0.0075009 0.0012932
0.0075066 0.0012884
0.0075122 0.0012837
0.0075178 0.001279
0.0075235 0.0012695
0.0075291 0.001259
0.0075347 0.0012486
0.0075403 0.0012382
0.007546 0.0012244
0.0075516 0.0012099
0.0075572 0.0011955
0.0075629 0.0011814
0.0075685 0.0011651
0.0075741 0.0011484
0.0075797 0.0011321
0.0075854 0.0011159
0.007591 0.0010987
0.0075966 0.0010815
0.0076023 0.0010645
0.0076079 0.0010479
0.0076135 0.0010309
0.0076191 0.001014
0.0076248 0.0009975
0.0076304 0.0009812
0.007636 0.0009651
0.0076417 0.0009493
0.0076473 0.0009337
0.0076529 0.0009184
0.0076585 0.0009038
0.0076642 0.0008895
0.0076698 0.0008754
0.0076754 0.0008615
0.0076811 0.0008487
0.0076867 0.0008363
0.0076923 0.0008242
0.0076979 0.0008121
0.0077036 0.0008017
0.0077092 0.0007917
0.0077148 0.0007819
0.0077205 0.0007722
0.0077261 0.0007645
0.0077317 0.0007575
0.0077373 0.0007505
0.007743 0.0007436
0.0077486 0.0007392
0.0077542 0.0007356
0.0077598 0.0007321
0.0077655 0.0007285
0.0077711 0.000728
0.0077767 0.0007285
0.0077824 0.0007289
0.007788 0.0007294
0.0077936 0.0007333
0.0077992 0.0007386
0.0078049 0.0007438
0.0078105 0.0007491
0.0078161 0.0007583
0.0078218 0.000769
0.0078274 0.0007799
0.007833 0.000791
0.0078386 0.0008063
0.0078443 0.0008235
0.0078499 0.0008411
0.0078555 0.0008591
0.0078612 0.0008816
0.0078668 0.0009065
0.0078724 0.0009321
0.007878 0.0009584
0.0078837 0.0009895
0.0078893 0.0010234
0.0078949 0.0010584
0.0079006 0.0010946
0.0079062 0.001136
0.0079118 0.0011806
0.0079174 0.0012269
0.0079231 0.0012751
0.0079287 0.0013287
0.0079343 0.0013861
0.00794 0.001446
0.0079456 0.0015084
0.0079512 0.0015766
0.0079568 0.0016492
0.0079625 0.0017252
0.0079681 0.0018047
0.0079737 0.0018902
0.0079794 0.001981
0.007985 0.0020761
0.0079906 0.0021758
0.0079962 0.0022822
0.0080019 0.0023948
0.0080075 0.002513
0.0080131 0.002637
0.0080188 0.0027691
0.0080244 0.0029088
0.00803 0.0030555
0.0080356 0.0032097
0.0080413 0.0033745
0.0080469 0.0035493
0.0080525 0.0037332
0.0080582 0.0039267
0.0080638 0.0041348
0.0080694 0.0043566
0.008075 0.0045903
0.0080807 0.0048365
0.0080863 0.0051023
0.0080919 0.0053865
0.0080976 0.0056865
0.0081032 0.0060031
0.0081088 0.0063425
0.0081144 0.0067042
0.0081201 0.0070864
0.0081257 0.0074905
0.0081313 0.0079136
0.008137 0.008358
0.0081426 0.0088274
0.0081482 0.0093232
0.0081538 0.0098199
0.0081595 0.0103257
0.0081651 0.0108575
0.0081707 0.0114166
0.0081764 0.0119383
0.008182 0.0124394
0.0081876 0.0129616
0.0081932 0.0135057
0.0081989 0.0139561
0.0082045 0.0143421
0.0082101 0.0147388
0.0082158 0.0151465
0.0082214 0.0154052
0.008227 0.0155578
0.0082326 0.0157119
0.0082383 0.0158675
0.0082439 0.015847
0.0082495 0.0157027
0.0082552 0.0155596
0.0082608 0.0154178
0.0082664 0.015116
0.008272 0.0147059
0.0082777 0.0143071
0.0082833 0.013919
0.0082889 0.0134202
0.0082946 0.0128522
0.0083002 0.0123082
0.0083058 0.0117873
0.0083114 0.0112145
0.0083171 0.0106156
0.0083227 0.0100486
0.0083283 0.0095119
0.008334 0.0089721
0.0083396 0.0084392
0.0083452 0.007938
0.0083508 0.0074665
0.0083565 0.0070229
0.0083621 0.0066055
0.0083677 0.0062129
0.0083734 0.0058437
0.008379 0.0055168
0.0083846 0.0052247
0.0083902 0.004948
0.0083959 0.0046859
0.0084015 0.0044701
0.0084071 0.0042914
0.0084128 0.0041199
0.0084184 0.0039552
0.008424 0.0038358
0.0084296 0.0037542
0.0084353 0.0036743
0.0084409 0.0035961
0.0084465 0.0035619
0.0084522 0.0035673
0.0084578 0.0035728
0.0084634 0.0035782
0.008469 0.0036288
0.0084747 0.0037242
0.0084803 0.0038221
0.0084859 0.0039226
0.0084916 0.0040737
0.0084972 0.0042801
0.0085028 0.004497
0.0085084 0.0047249
0.0085141 0.0050154
0.0085197 0.0053794
0.0085253 0.0057698
0.008531 0.0061886
0.0085366 0.0066918
0.0085422 0.0072976
0.0085478 0.0079582
0.0085535 0.0086786
0.0085591 0.0095192
0.0085647 0.0105065
0.0085704 0.0115962
0.008576 0.012799
0.0085816 0.0141755
0.0085872 0.0157607
0.0085929 0.0175232
0.0085985 0.0194828
0.0086041 0.0216877
0.0086098 0.0241756
0.0086154 0.0269489
0.008621 0.0300404
0.0086266 0.033454
0.0086323 0.0372128
0.0086379 0.041394
0.0086435 0.0460451
0.0086492 0.05107
0.0086548 0.0564435
0.0086604 0.0623823
0.008666 0.0689459
0.0086717 0.0758795
0.0086773 0.0830699
0.0086829 0.0909417
0.0086886 0.0995594
0.0086942 0.1085105
0.0086998 0.117589
0.0087054 0.1274271
0.0087111 0.1380882
0.0087167 0.1491409
0.0087223 0.1603605
0.008728 0.1724241
0.0087336 0.1853952
0.0087392 0.1991062
0.0087448 0.2134833
0.0087505 0.2288986
0.0087561 0.245427
0.0087617 0.2635018
0.0087674 0.283446
0.008773 0.3048997
0.0087786 0.3279771
0.0087842 0.3539797
0.0087899 0.3839122
0.0087955 0.4163757
0.0088011 0.4515843
0.0088068 0.4917904
0.0088124 0.5389141
0.008818 0.5905532
0.0088236 0.6471405
0.0088293 0.7116022
0.0088349 0.7867037
0.0088405 0.8697314
0.0088462 0.9615218
0.0088518 1.0646684
0.0088574 1.1818572
0.008863 1.3119452
0.0088687 1.4563519
0.0088743 1.6149862
0.0088799 1.7878343
0.0088856 1.9791819
0.0088912 2.1910091
0.0088968 2.4162109
0.0089024 2.6470761
0.0089081 2.9000002
0.0089137 3.1770908
0.0089193 3.4579677
0.008925 3.7203392
0.0089306 4.0026181
0.0089362 4.3063147
0.0089418 4.5913964
0.0089475 4.815111
0.0089531 5.049726
0.0089587 5.2957725
0.0089644 5.4915813
0.00897 5.5745599
0.0089756 5.6587924
0.0089812 5.7442976
0.0089869 5.7556262
0.0089925 5.6219198
0.0089981 5.4913195
0.0090038 5.3637531
0.0090094 5.1671094
0.009015 4.8402018
0.0090206 4.5339768
0.0090263 4.2471256
0.0090319 3.9262755
0.0090375 3.5307996
0.0090432 3.1751583
0.0090488 2.855339
0.0090544 2.5401099
0.00906 2.2073411
0.0090657 1.9181669
0.0090713 1.6668761
0.0090769 1.4384215
0.0090826 1.2219706
0.0090882 1.0380908
0.0090938 0.8818809
0.0090994 0.7473292
0.0091051 0.6296805
0.0091107 0.5305527
0.0091163 0.4470302
0.009122 0.377332
0.0091276 0.3198797
0.0091332 0.271175
0.0091388 0.2298861
0.0091445 0.1958736
0.0091501 0.1690207
0.0091557 0.1458491
0.0091614 0.1258541
0.009167 0.1093684
0.0091726 0.0967958
0.0091782 0.0856686
0.0091839 0.0758205
0.0091895 0.0676326
0.0091951 0.0616168
0.0092008 0.0561361
0.0092064 0.0511429
0.009212 0.0469569
0.0092176 0.0440612
0.0092233 0.0413439
0.0092289 0.0387943
0.0092345 0.0366627
0.0092402 0.0353758
0.0092458 0.0341341
0.0092514 0.032936
0.009257 0.0319757
0.0092627 0.0316267
0.0092683 0.0312814
0.0092739 0.0309399
0.0092795 0.0307504
0.0092852 0.0310315
0.0092908 0.0313153
0.0092964 0.0316016
0.0093021 0.0319938
0.0093077 0.0327375
0.0093133 0.0334985
0.0093189 0.0342772
0.0093246 0.0351258
0.0093302 0.0361782
0.0093358 0.0372621
0.0093415 0.0383785
0.0093471 0.0395205
0.0093527 0.0406672
0.0093583 0.0418471
0.009364 0.0430613
0.0093696 0.0442448
0.0093752 0.0452078
0.0093809 0.0461917
0.0093865 0.0471971
0.0093921 0.0481206
0.0093977 0.0486495
0.0094034 0.0491842
0.009409 0.0497248
0.0094146 0.0501647
0.0094203 0.0501684
0.0094259 0.050172
0.0094315 0.0501757
0.0094371 0.0501027
0.0094428 0.0497006
0.0094484 0.0493018
0.009454 0.0489061
0.0094597 0.0484831
0.0094653 0.0479264
0.0094709 0.047376
0.0094765 0.046832
0.0094822 0.0463077
0.0094878 0.0458527
0.0094934 0.0454023
0.0094991 0.0449562
0.0095047 0.0445605
0.0095103 0.0443983
0.0095159 0.0442367
0.0095216 0.0440757
0.0095272 0.0439816
0.0095328 0.0442424
0.0095385 0.0445047
0.0095441 0.0447685
0.0095497 0.0451122
0.0095553 0.0459065
0.009561 0.0467149
0.0095666 0.0475375
0.0095722 0.0484589
0.0095779 0.049917
0.0095835 0.0514189
0.0095891 0.0529661
0.0095947 0.0546433
0.0096004 0.0569273
0.009606 0.0593067
0.0096116 0.0617856
0.0096173 0.064438
0.0096229 0.0677045
0.0096285 0.0711364
0.0096341 0.0747424
0.0096398 0.0785648
0.0096454 0.0828417
0.009651 0.0873514
0.0096567 0.0921067
0.0096623 0.0970859
0.0096679 0.1020454
0.0096735 0.1072582
0.0096792 0.1127373
0.0096848 0.1183622
0.0096904 0.1230777
0.0096961 0.127981
0.0097017 0.1330796
0.0097073 0.1381408
0.0097129 0.1411095
0.0097186 0.144142
0.0097242 0.1472396
0.0097298 0.1500906
0.0097355 0.1498144
0.0097411 0.1495386
0.0097467 0.1492634
0.0097523 0.1486695
0.009758 0.1445978
0.0097636 0.1406376
0.0097692 0.1367858
0.0097749 0.1327782
0.0097805 0.1258082
0.0097861 0.119204
0.0097917 0.1129466
0.0097974 0.1068427
0.009803 0.0988169
0.0098086 0.091394
0.0098143 0.0845286
0.0098199 0.0780821
0.0098255 0.0707429
0.0098311 0.0640935
0.0098368 0.0580691
0.0098424 0.0525664
0.009848 0.0468636
0.0098537 0.0417795
0.0098593 0.0372469
0.0098649 0.0331895
0.0098705 0.0292631
0.0098762 0.0258012
0.0098818 0.0227488
0.0098874 0.0200533
0.0098931 0.0175824
0.0098987 0.015416
0.0099043 0.0135165
0.0099099 0.0118511
0.0099156 0.0103935
0.0099212 0.0091152
0.0099268 0.0079941
0.0099325 0.0070119
0.0099381 0.0061879
0.0099437 0.0054607
0.0099493 0.0048189
0.009955 0.0042533
0.0099606 0.0037978
0.0099662 0.003391
0.0099719 0.0030278
0.0099775 0.0027038
0.0099831 0.0024532
0.0099887 0.0022258
0.0099944 0.0020195
0.01 0.0018324
