0.001 0
0.0010056 0
0.0010113 0
0.0010169 0
0.0010225 0
0.0010281 0
0.0010338 0
0.0010394 0
0.001045 0
0.0010507 0
0.0010563 0
0.0010619 1e-07
0.0010675 2e-07
0.0010732 3e-07
0.0010788 6e-07
0.0010844 1.1e-06
0.0010901 2e-06
0.0010957 3e-06
0.0011013 4.6e-06
0.0011069 6.9e-06
0.0011126 1.03e-05
0.0011182 1.23e-05
0.0011238 1.44e-05
0.0011295 1.7e-05
0.0011351 1.99e-05
0.0011407 1.97e-05
0.0011463 1.94e-05
0.001152 1.91e-05
0.0011576 1.87e-05
0.0011632 1.68e-05
0.0011689 1.5e-05
0.0011745 1.33e-05
0.0011801 1.19e-05
0.0011857 1.02e-05
0.0011914 8.8e-06
0.001197 7.5e-06
0.0012026 6.5e-06
0.0012083 5.5e-06
0.0012139 4.7e-06
0.0012195 4e-06
0.0012251 3.4e-06
0.0012308 3e-06
0.0012364 2.6e-06
0.001242 2.2e-06
0.0012477 1.9e-06
0.0012533 1.7e-06
0.0012589 1.5e-06
0.0012645 1.3e-06
0.0012702 1.2e-06
0.0012758 1.1e-06
0.0012814 1e-06
0.0012871 9e-07
0.0012927 8e-07
0.0012983 7e-07
0.0013039 7e-07
0.0013096 6e-07
0.0013152 6e-07
0.0013208 5e-07
0.0013265 5e-07
0.0013321 5e-07
0.0013377 4e-07
0.0013433 4e-07
0.001349 4e-07
0.0013546 4e-07
0.0013602 4e-07
0.0013659 4e-07
0.0013715 4e-07
0.0013771 4e-07
0.0013827 4e-07
0.0013884 4e-07
0.001394 5e-07
0.0013996 5e-07
0.0014053 6e-07
0.0014109 6e-07
0.0014165 7e-07
0.0014221 8e-07
0.0014278 9e-07
0.0014334 1.1e-06
0.001439 1.3e-06
0.0014447 1.5e-06
0.0014503 1.8e-06
0.0014559 2.1e-06
0.0014615 2.4e-06
0.0014672 2.9e-06
0.0014728 3.4e-06
0.0014784 4e-06
0.0014841 4.7e-06
0.0014897 5.5e-06
0.0014953 6.5e-06
0.0015009 7.5e-06
0.0015066 8.6e-06
0.0015122 9.9e-06
0.0015178 1.13e-05
0.0015235 1.24e-05
0.0015291 1.34e-05
0.0015347 1.44e-05
0.0015403 1.56e-05
0.001546 1.57e-05
0.0015516 1.55e-05
0.0015572 1.54e-05
0.0015629 1.52e-05
0.0015685 1.43e-05
0.0015741 1.33e-05
0.0015797 1.23e-05
0.0015854 1.14e-05
0.001591 1.05e-05
0.0015966 9.6e-06
0.0016023 8.8e-06
0.0016079 8.1e-06
0.0016135 7.6e-06
0.0016191 7.1e-06
0.0016248 6.7e-06
0.0016304 6.3e-06
0.001636 6e-06
0.0016417 5.9e-06
0.0016473 5.7e-06
0.0016529 5.5e-06
0.0016585 5.5e-06
0.0016642 5.5e-06
0.0016698 5.5e-06
0.0016754 5.4e-06
0.0016811 5.5e-06
0.0016867 5.6e-06
0.0016923 5.7e-06
0.0016979 5.8e-06
0.0017036 6e-06
0.0017092 6.2e-06
0.0017148 6.4e-06
0.0017205 6.6e-06
0.0017261 6.9e-06
0.0017317 7.2e-06
0.0017373 7.4e-06
0.001743 7.7e-06
0.0017486 8e-06
0.0017542 8.3e-06
0.0017598 8.6e-06
0.0017655 8.9e-06
0.0017711 9.2e-06
0.0017767 9.6e-06
0.0017824 9.9e-06
0.001788 1.03e-05
0.0017936 1.07e-05
0.0017992 1.12e-05
0.0018049 1.17e-05
0.0018105 1.22e-05
0.0018161 1.29e-05
0.0018218 1.37e-05
0.0018274 1.45e-05
0.001833 1.54e-05
0.0018386 1.67e-05
0.0018443 1.81e-05
0.0018499 1.97e-05
0.0018555 2.14e-05
0.0018612 2.36e-05
0.0018668 2.61e-05
0.0018724 2.89e-05
0.001878 3.21e-05
0.0018837 3.56e-05
0.0018893 3.96e-05
0.0018949 4.41e-05
0.0019006 4.9e-05
0.0019062 5.42e-05
0.0019118 5.96e-05
0.0019174 6.56e-05
0.0019231 7.22e-05
0.0019287 7.85e-05
0.0019343 8.48e-05
0.00194 9.17e-05
0.0019456 9.91e-05
0.0019512 0.0001059
0.0019568 0.0001126
0.0019625 0.0001197
0.0019681 0.0001272
0.0019737 0.0001343
0.0019794 0.0001412
0.001985 0.0001485
0.0019906 0.0001562
0.0019962 0.0001636
0.0020019 0.0001712
0.0020075 0.000179
0.0020131 0.0001873
0.0020188 0.0001955
0.0020244 0.0002039
0.00203 0.0002126
0.0020356 0.0002217
0.0020413 0.0002305
0.0020469 0.0002392
0.0020525 0.0002482
0.0020582 0.0002576
0.0020638 0.0002655
0.0020694 0.0002726
0.002075 0.0002799
0.0020807 0.0002874
0.0020863 0.0002912
0.0020919 0.0002928
0.0020976 0.0002944
0.0021032 0.000296
0.0021088 0.0002911
0.0021144 0.0002827
0.0021201 0.0002745
0.0021257 0.0002666
0.0021313 0.0002518
0.002137 0.0002338
0.0021426 0.0002171
0.0021482 0.0002016
0.0021538 0.0001843
0.0021595 0.0001669
0.0021651 0.0001511
0.0021707 0.0001368
0.0021764 0.0001273
0.002182 0.0001204
0.0021876 0.0001139
0.0021932 0.0001078
0.0021989 0.0001088
0.0022045 0.0001145
0.0022101 0.0001205
0.0022158 0.0001268
0.0022214 0.0001415
0.002227 0.0001643
0.0022326 0.0001909
0.0022383 0.0002217
0.0022439 0.0002666
0.0022495 0.0003285
0.0022552 0.0004049
0.0022608 0.0004991
0.0022664 0.0006276
0.002272 0.000801
0.0022777 0.0010222
0.0022833 0.0013045
0.0022889 0.0016856
0.0022946 0.0021983
0.0023002 0.002867
0.0023058 0.0037392
0.0023114 0.0048929
0.0023171 0.0064191
0.0023227 0.0084214
0.0023283 0.0110482
0.002334 0.0143561
0.0023396 0.0185124
0.0023452 0.0238721
0.0023508 0.0307834
0.0023565 0.0387458
0.0023621 0.0478065
0.0023677 0.058986
0.0023734 0.0727799
0.002379 0.0864688
0.0023846 0.0994949
0.0023902 0.1144834
0.0023959 0.1317298
0.0024015 0.1444169
0.0024071 0.1517776
0.0024128 0.1595134
0.0024184 0.1676435
0.002424 0.166945
0.0024296 0.158379
0.0024353 0.1502525
0.0024409 0.142543
0.0024465 0.1284176
0.0024522 0.1102767
0.0024578 0.0946986
0.0024634 0.081321
0.002469 0.0671045
0.0024747 0.0533033
0.0024803 0.0423406
0.0024859 0.0336325
0.0024916 0.0261851
0.0024972 0.0199882
0.0025028 0.0152578
0.0025084 0.0116469
0.0025141 0.0088974
0.0025197 0.0068023
0.0025253 0.0052005
0.002531 0.0039759
0.0025366 0.0030823
0.0025422 0.0024245
0.0025478 0.0019071
0.0025535 0.0015001
0.0025591 0.0011995
0.0025647 0.0009762
0.0025704 0.0007945
0.002576 0.0006466
0.0025816 0.0005334
0.0025872 0.0004468
0.0025929 0.0003742
0.0025985 0.0003134
0.0026041 0.0002666
0.0026098 0.0002307
0.0026154 0.0001997
0.002621 0.0001728
0.0026266 0.0001539
0.0026323 0.0001417
0.0026379 0.0001305
0.0026435 0.0001202
0.0026492 0.0001162
0.0026548 0.0001193
0.0026604 0.0001225
0.002666 0.0001258
0.0026717 0.0001371
0.0026773 0.0001609
0.0026829 0.0001888
0.0026886 0.0002216
0.0026942 0.0002717
0.0026998 0.0003527
0.0027054 0.0004577
0.0027111 0.0005941
0.0027167 0.0007811
0.0027223 0.0010451
0.002728 0.0013983
0.0027336 0.0018709
0.0027392 0.0024887
0.0027448 0.0032845
0.0027505 0.0043346
0.0027561 0.0057206
0.0027617 0.007555
0.0027674 0.0099876
0.002773 0.0132035
0.0027786 0.017455
0.0027842 0.0235036
0.0027899 0.0325112
0.0027955 0.0449709
0.0028011 0.0622058
0.0028068 0.0884907
0.0028124 0.1313203
0.002818 0.1948794
0.0028236 0.2892012
0.0028293 0.4402432
0.0028349 0.6972854
0.0028405 1.1044052
0.0028462 1.7492278
0.0028518 2.816486
0.0028574 4.6564415
0.002863 7.6984041
0.0028687 12.7276217
0.0028743 21.140619
0.0028799 35.3873302
0.0028856 59.2349326
0.0028912 99.1534884
0.0028968 164.1920559
0.0029024 266.9089982
0.0029081 433.8846537
0.0029137 705.3186441
0.0029193 1110.7551026
0.002925 1653.6839585
0.0029306 2461.9924124
0.0029362 3665.3960434
0.0029418 5154.7077013
0.0029475 6531.275558
0.0029531 8275.4567061
0.0029587 10485.4225007
0.0029644 12253.8697908
0.00297 12290.3217451
0.0029756 12326.8821341
0.0029812 12363.5512805
0.0029869 11280.4471942
0.0029925 8553.0804191
0.0029981 6485.1316084
0.0030038 4917.167841
0.0030094 3404.0171277
0.003015 1960.339091
0.0030206 1128.9394875
0.0030263 650.1448512
0.0030319 350.2242423
0.0030375 164.0504849
0.0030432 76.8437999
0.0030488 35.9948316
0.0030544 16.4492416
0.00306 7.1254592
0.0030657 3.0865963
0.0030713 1.3370474
0.0030769 0.5941259
0.0030826 0.2795363
0.0030882 0.1315219
0.0030938 0.061881
0.0030994 0.0311523
0.0031051 0.0183534
0.0031107 0.0108129
0.0031163 0.0063704
0.003122 0.0040955
0.0031276 0.0032495
0.0031332 0.0025783
0.0031388 0.0020457
0.0031445 0.0017621
0.0031501 0.0018641
0.0031557 0.001972
0.0031614 0.0020861
0.003167 0.0023479
0.0031726 0.0031034
0.0031782 0.004102
0.0031839 0.0054219
0.0031895 0.0074442
0.0031951 0.0113234
0.0032008 0.017224
0.0032064 0.0261993
0.003212 0.0405567
0.0032176 0.0659416
0.0032233 0.1072153
0.0032289 0.1743227
0.0032345 0.2845054
0.0032402 0.4694619
0.0032458 0.7746583
0.0032514 1.2782625
0.003257 2.1024641
0.0032627 3.4244493
0.0032683 5.577671
0.0032739 9.0847931
0.0032795 14.7052845
0.0032852 23.3398512
0.0032908 37.0444145
0.0032964 58.7959466
0.0033021 92.4542287
0.0033077 140.9924843
0.0033133 215.0132116
0.0033189 327.894649
0.0033246 491.9946217
0.0033302 698.2402405
0.0033358 990.9446405
0.0033415 1406.3516014
0.0033471 1939.2440062
0.0033527 2411.6928521
0.0033583 2999.2421759
0.003364 3729.9333628
0.0033696 4434.5449641
0.0033752 4453.6516549
0.0033809 4472.8406688
0.0033865 4492.1123606
0.0033921 4261.6878392
0.0033977 3232.9600333
0.0034034 2452.5565858
0.003409 1860.5345394
0.0034146 1337.2951817
0.0034203 769.8335404
0.0034259 443.1659427
0.0034315 255.1149599
0.0034371 142.1234367
0.0034428 68.7194458
0.0034484 33.2271886
0.003454 16.0659919
0.0034597 7.7355232
0.0034653 3.6538644
0.0034709 1.7258981
0.0034765 0.8152258
0.0034822 0.3917399
0.0034878 0.2043538
0.0034934 0.1066026
0.0034991 0.05561
0.0035047 0.0297741
0.0035103 0.0181777
0.0035159 0.0110979
0.0035216 0.0067755
0.0035272 0.0042449
0.0035328 0.0030524
0.0035385 0.002195
0.0035441 0.0015784
0.0035497 0.0011601
0.0035553 0.0009652
0.003561 0.0008029
0.0035666 0.000668
0.0035722 0.0005656
0.0035779 0.0005324
0.0035835 0.0005011
0.0035891 0.0004716
0.0035947 0.0004503
0.0036004 0.0004711
0.003606 0.0004929
0.0036116 0.0005157
0.0036173 0.0005459
0.0036229 0.0006264
0.0036285 0.0007186
0.0036341 0.0008244
0.0036398 0.0009545
0.0036454 0.0011811
0.003651 0.0014615
0.0036567 0.0018085
0.0036623 0.0022496
0.0036679 0.0029161
0.0036735 0.0037802
0.0036792 0.0049003
0.0036848 0.0063526
0.0036904 0.0082382
0.0036961 0.0106834
0.0037017 0.0138543
0.0037073 0.0178761
0.0037129 0.0220165
0.0037186 0.0271159
0.0037242 0.0333964
0.0037298 0.0408276
0.0037355 0.0463154
0.0037411 0.0525409
0.0037467 0.0596031
0.0037523 0.0672172
0.003758 0.0710053
0.0037636 0.075007
0.0037692 0.0792341
0.0037749 0.0835126
0.0037805 0.0856341
0.0037861 0.0878095
0.0037917 0.0900401
0.0037974 0.0923917
0.003803 0.0957165
0.0038086 0.099161
0.0038143 0.1027295
0.0038199 0.1065693
0.0038255 0.1128948
0.0038311 0.1195959
0.0038368 0.1266946
0.0038424 0.1342084
0.003848 0.1420471
0.0038537 0.1503436
0.0038593 0.1591246
0.0038649 0.1680833
0.0038705 0.170215
0.0038762 0.1723736
0.0038818 0.1745597
0.0038874 0.1762645
0.0038931 0.1653207
0.0038987 0.1550563
0.0039043 0.1454293
0.0039099 0.1360825
0.0039156 0.1181179
0.0039212 0.102525
0.0039268 0.0889904
0.0039325 0.0771509
0.0039381 0.0635307
0.0039437 0.052315
0.0039493 0.0430793
0.003955 0.0354626
0.0039606 0.0285767
0.0039662 0.0230279
0.0039719 0.0185566
0.0039775 0.0149537
0.0039831 0.0120836
0.0039887 0.0097643
0.0039944 0.0078902
0.004 0.0063758
0.0040056 0.0052452
0.0040113 0.0043151
0.0040169 0.0035499
0.0040225 0.0029204
0.0040281 0.0024659
0.0040338 0.0020825
0.0040394 0.0017587
0.004045 0.0014853
0.0040507 0.0012936
0.0040563 0.0011273
0.0040619 0.0009823
0.0040675 0.000856
0.0040732 0.0007728
0.0040788 0.0006983
0.0040844 0.0006309
0.0040901 0.0005701
0.0040957 0.0005368
0.0041013 0.0005061
0.0041069 0.0004772
0.0041126 0.0004499
0.0041182 0.0004447
0.0041238 0.0004403
0.0041295 0.000436
0.0041351 0.0004317
0.0041407 0.0004489
0.0041463 0.0004679
0.004152 0.0004876
0.0041576 0.0005082
0.0041632 0.0005523
0.0041689 0.0006017
0.0041745 0.0006554
0.0041801 0.0007139
0.0041857 0.0007972
0.0041914 0.0008916
0.004197 0.0009972
0.0042026 0.0011152
0.0042083 0.0012522
0.0042139 0.0014064
0.0042195 0.0015795
0.0042251 0.001774
0.0042308 0.0019681
0.0042364 0.0021811
0.004242 0.0024172
0.0042477 0.0026789
0.0042533 0.0029092
0.0042589 0.0031535
0.0042645 0.0034184
0.0042702 0.0037054
0.0042758 0.003928
0.0042814 0.0041547
0.0042871 0.0043945
0.0042927 0.0046481
0.0042983 0.0048076
0.0043039 0.0049605
0.0043096 0.0051184
0.0043152 0.0052812
0.0043208 0.0053271
0.0043265 0.0053591
0.0043321 0.0053913
0.0043377 0.0054237
0.0043433 0.0053355
0.004349 0.0052338
0.0043546 0.0051341
0.0043602 0.0050363
0.0043659 0.0048438
0.0043715 0.0046461
0.0043771 0.0044564
0.0043827 0.0042745
0.0043884 0.0040386
0.004394 0.0038073
0.0043996 0.0035892
0.0044053 0.0033836
0.0044109 0.0031553
0.0044165 0.0029373
0.0044221 0.0027344
0.0044278 0.0025454
0.0044334 0.0023489
0.004439 0.0021643
0.0044447 0.0019943
0.0044503 0.0018376
0.0044559 0.0016806
0.0044615 0.0015349
0.0044672 0.0014019
0.0044728 0.0012805
0.0044784 0.0011646
0.0044841 0.0010584
0.0044897 0.0009619
0.0044953 0.0008742
0.0045009 0.0007963
0.0045066 0.0007257
0.0045122 0.0006613
0.0045178 0.0006027
0.0045235 0.0005546
0.0045291 0.0005113
0.0045347 0.0004714
0.0045403 0.0004347
0.004546 0.0004064
0.0045516 0.0003813
0.0045572 0.0003576
0.0045629 0.0003355
0.0045685 0.0003193
0.0045741 0.0003049
0.0045797 0.0002911
0.0045854 0.000278
0.004591 0.0002687
0.0045966 0.0002605
0.0046023 0.0002526
0.0046079 0.0002448
0.0046135 0.0002394
0.0046191 0.0002347
0.0046248 0.00023
0.0046304 0.0002254
0.004636 0.0002221
0.0046417 0.0002191
0.0046473 0.0002162
0.0046529 0.0002134
0.0046585 0.0002111
0.0046642 0.0002089
0.0046698 0.0002068
0.0046754 0.0002047
0.0046811 0.0002028
0.0046867 0.000201
0.0046923 0.0001991
0.0046979 0.0001973
0.0047036 0.0001955
0.0047092 0.0001937
0.0047148 0.0001919
0.0047205 0.0001902
0.0047261 0.0001885
0.0047317 0.0001869
0.0047373 0.0001852
0.004743 0.0001836
0.0047486 0.0001821
0.0047542 0.0001807
0.0047598 0.0001793
0.0047655 0.0001779
0.0047711 0.0001767
0.0047767 0.0001755
0.0047824 0.0001743
0.004788 0.0001732
0.0047936 0.0001722
0.0047992 0.0001713
0.0048049 0.0001703
0.0048105 0.0001694
0.0048161 0.0001689
0.0048218 0.0001684
0.0048274 0.000168
0.004833 0.0001675
0.0048386 0.000168
0.0048443 0.0001687
0.0048499 0.0001695
0.0048555 0.0001703
0.0048612 0.000173
0.0048668 0.0001766
0.0048724 0.0001802
0.004878 0.0001839
0.0048837 0.0001913
0.0048893 0.0002007
0.0048949 0.0002105
0.0049006 0.0002207
0.0049062 0.0002376
0.0049118 0.0002588
0.0049174 0.0002817
0.0049231 0.0003068
0.0049287 0.000343
0.0049343 0.0003882
0.00494 0.0004393
0.0049456 0.0004971
0.0049512 0.0005723
0.0049568 0.0006639
0.0049625 0.0007703
0.0049681 0.0008937
0.0049737 0.0010374
0.0049794 0.0012045
0.004985 0.0013985
0.0049906 0.0016237
0.0049962 0.0018583
0.0050019 0.0021116
0.0050075 0.0023995
0.0050131 0.0027266
0.0050188 0.0030325
0.0050244 0.0033357
0.00503 0.0036694
0.0050356 0.0040364
0.0050413 0.0043455
0.0050469 0.0046253
0.0050525 0.0049232
0.0050582 0.0052402
0.0050638 0.005475
0.0050694 0.0056626
0.005075 0.0058566
0.0050807 0.0060572
0.0050863 0.006167
0.0050919 0.0062233
0.0050976 0.00628
0.0051032 0.0063374
0.0051088 0.0063051
0.0051144 0.0062213
0.0051201 0.0061386
0.0051257 0.0060569
0.0051313 0.0058922
0.005137 0.0056832
0.0051426 0.0054816
0.0051482 0.0052872
0.0051538 0.0050202
0.0051595 0.0047205
0.0051651 0.0044386
0.0051707 0.0041736
0.0051764 0.0038526
0.005182 0.0035143
0.0051876 0.0032057
0.0051932 0.0029243
0.0051989 0.0026106
0.0052045 0.0022975
0.0052101 0.0020219
0.0052158 0.0017794
0.0052214 0.0015314
0.005227 0.001298
0.0052326 0.0011001
0.0052383 0.0009324
0.0052439 0.0007776
0.0052495 0.0006411
0.0052552 0.0005285
0.0052608 0.0004357
0.0052664 0.0003595
0.005272 0.0002967
0.0052777 0.0002449
0.0052833 0.0002022
0.0052889 0.000171
0.0052946 0.0001474
0.0053002 0.0001271
0.0053058 0.0001095
0.0053114 9.86e-05
0.0053171 9.18e-05
0.0053227 8.54e-05
0.0053283 7.95e-05
0.005334 7.77e-05
0.0053396 7.88e-05
0.0053452 7.99e-05
0.0053508 8.1e-05
0.0053565 8.56e-05
0.0053621 9.35e-05
0.0053677 0.0001021
0.0053734 0.0001116
0.005379 0.0001257
0.0053846 0.0001455
0.0053902 0.0001684
0.0053959 0.0001948
0.0054015 0.0002307
0.0054071 0.0002786
0.0054128 0.0003366
0.0054184 0.0004065
0.005424 0.0004981
0.0054296 0.000618
0.0054353 0.0007668
0.0054409 0.0009515
0.0054465 0.0011826
0.0054522 0.0014722
0.0054578 0.0018328
0.0054634 0.0022817
0.005469 0.0027995
0.0054747 0.0033872
0.0054803 0.0040985
0.0054859 0.004959
0.0054916 0.0058222
0.0054972 0.0066357
0.0055028 0.007563
0.0055084 0.0086198
0.0055141 0.0094483
0.0055197 0.0099541
0.0055253 0.0104871
0.005531 0.0110486
0.0055366 0.0111956
0.0055422 0.0108915
0.0055478 0.0105957
0.0055535 0.010308
0.0055591 0.0097127
0.0055647 0.0088418
0.0055704 0.008049
0.005576 0.0073273
0.0055816 0.0065296
0.0055872 0.0056825
0.0055929 0.0049453
0.0055985 0.0043038
0.0056041 0.0037093
0.0056098 0.0031616
0.0056154 0.0026948
0.005621 0.002297
0.0056266 0.0019582
0.0056323 0.0016699
0.0056379 0.001424
0.0056435 0.0012143
0.0056492 0.0010414
0.0056548 0.0008994
0.0056604 0.0007767
0.005666 0.0006707
0.0056717 0.0005827
0.0056773 0.0005102
0.0056829 0.0004466
0.0056886 0.000391
0.0056942 0.0003435
0.0056998 0.0003032
0.0057054 0.0002675
0.0057111 0.0002361
0.0057167 0.0002086
0.0057223 0.0001847
0.005728 0.0001635
0.0057336 0.0001447
0.0057392 0.0001282
0.0057448 0.0001138
0.0057505 0.000101
0.0057561 8.97e-05
0.0057617 7.99e-05
0.0057674 7.15e-05
0.005773 6.4e-05
0.0057786 5.73e-05
0.0057842 5.17e-05
0.0057899 4.7e-05
0.0057955 4.28e-05
0.0058011 3.9e-05
0.0058068 3.59e-05
0.0058124 3.35e-05
0.005818 3.13e-05
0.0058236 2.93e-05
0.0058293 2.77e-05
0.0058349 2.69e-05
0.0058405 2.61e-05
0.0058462 2.53e-05
0.0058518 2.5e-05
0.0058574 2.55e-05
0.005863 2.59e-05
0.0058687 2.65e-05
0.0058743 2.77e-05
0.0058799 3.02e-05
0.0058856 3.3e-05
0.0058912 3.6e-05
0.0058968 4.06e-05
0.0059024 4.83e-05
0.0059081 5.75e-05
0.0059137 6.84e-05
0.0059193 8.4e-05
0.005925 0.0001093
0.0059306 0.0001422
0.0059362 0.0001851
0.0059418 0.0002464
0.0059475 0.0003424
0.0059531 0.0004757
0.0059587 0.0006609
0.0059644 0.0009215
0.00597 0.001294
0.0059756 0.0018169
0.0059812 0.0025513
0.0059869 0.0035089
0.0059925 0.0046339
0.0059981 0.0061198
0.0060038 0.008082
0.0060094 0.0102577
0.006015 0.012014
0.0060206 0.014071
0.0060263 0.0164802
0.0060319 0.0184492
0.0060375 0.0187899
0.0060432 0.0191369
0.0060488 0.0194903
0.0060544 0.0191203
0.00606 0.017295
0.0060657 0.0156439
0.0060713 0.0141505
0.0060769 0.0125011
0.0060826 0.0104742
0.0060882 0.008776
0.0060938 0.0073532
0.0060994 0.0060946
0.0061051 0.0049258
0.0061107 0.0039812
0.0061163 0.0032177
0.006122 0.0025931
0.0061276 0.0020752
0.0061332 0.0016607
0.0061388 0.001329
0.0061445 0.0010634
0.0061501 0.0008506
0.0061557 0.0006803
0.0061614 0.0005441
0.006167 0.0004351
0.0061726 0.0003476
0.0061782 0.0002777
0.0061839 0.0002218
0.0061895 0.0001772
0.0061951 0.0001417
0.0062008 0.0001133
0.0062064 9.06e-05
0.006212 7.27e-05
0.0062176 5.9e-05
0.0062233 4.79e-05
0.0062289 3.89e-05
0.0062345 3.19e-05
0.0062402 2.69e-05
0.0062458 2.27e-05
0.0062514 1.92e-05
0.006257 1.64e-05
0.0062627 1.48e-05
0.0062683 1.33e-05
0.0062739 1.19e-05
0.0062795 1.09e-05
0.0062852 1.06e-05
0.0062908 1.03e-05
0.0062964 1e-05
0.0063021 9.9e-06
0.0063077 1.04e-05
0.0063133 1.09e-05
0.0063189 1.14e-05
0.0063246 1.22e-05
0.0063302 1.36e-05
0.0063358 1.53e-05
0.0063415 1.71e-05
0.0063471 1.94e-05
0.0063527 2.27e-05
0.0063583 2.66e-05
0.006364 3.11e-05
0.0063696 3.65e-05
0.0063752 4.34e-05
0.0063809 5.15e-05
0.0063865 6.12e-05
0.0063921 7.26e-05
0.0063977 8.55e-05
0.0064034 0.0001006
0.006409 0.0001184
0.0064146 0.0001386
0.0064203 0.0001584
0.0064259 0.0001811
0.0064315 0.0002071
0.0064371 0.0002348
0.0064428 0.0002565
0.0064484 0.0002803
0.006454 0.0003063
0.0064597 0.0003309
0.0064653 0.0003398
0.0064709 0.000349
0.0064765 0.0003584
0.0064822 0.0003632
0.0064878 0.0003459
0.0064934 0.0003293
0.0064991 0.0003136
0.0065047 0.0002949
0.0065103 0.0002604
0.0065159 0.0002299
0.0065216 0.000203
0.0065272 0.0001778
0.0065328 0.0001489
0.0065385 0.0001247
0.0065441 0.0001044
0.0065497 8.72e-05
0.0065553 7.21e-05
0.006561 5.95e-05
0.0065666 4.92e-05
0.0065722 4.08e-05
0.0065779 3.45e-05
0.0065835 2.92e-05
0.0065891 2.48e-05
0.0065947 2.11e-05
0.0066004 1.88e-05
0.006606 1.67e-05
0.0066116 1.49e-05
0.0066173 1.33e-05
0.0066229 1.25e-05
0.0066285 1.18e-05
0.0066341 1.11e-05
0.0066398 1.05e-05
0.0066454 1.03e-05
0.006651 1.02e-05
0.0066567 1e-05
0.0066623 9.9e-06
0.0066679 1.01e-05
0.0066735 1.02e-05
0.0066792 1.04e-05
0.0066848 1.05e-05
0.0066904 1.08e-05
0.0066961 1.11e-05
0.0067017 1.15e-05
0.0067073 1.18e-05
0.0067129 1.21e-05
0.0067186 1.24e-05
0.0067242 1.27e-05
0.0067298 1.3e-05
0.0067355 1.32e-05
0.0067411 1.34e-05
0.0067467 1.36e-05
0.0067523 1.38e-05
0.006758 1.38e-05
0.0067636 1.38e-05
0.0067692 1.38e-05
0.0067749 1.38e-05
0.0067805 1.35e-05
0.0067861 1.32e-05
0.0067917 1.3e-05
0.0067974 1.27e-05
0.006803 1.22e-05
0.0068086 1.17e-05
0.0068143 1.13e-05
0.0068199 1.08e-05
0.0068255 1.02e-05
0.0068311 9.6e-06
0.0068368 9.1e-06
0.0068424 8.5e-06
0.006848 7.9e-06
0.0068537 7.4e-06
0.0068593 6.9e-06
0.0068649 6.4e-06
0.0068705 6e-06
0.0068762 5.5e-06
0.0068818 5.2e-06
0.0068874 4.8e-06
0.0068931 4.6e-06
0.0068987 4.3e-06
0.0069043 4.1e-06
0.0069099 3.9e-06
0.0069156 3.7e-06
0.0069212 3.6e-06
0.0069268 3.5e-06
0.0069325 3.4e-06
0.0069381 3.4e-06
0.0069437 3.4e-06
0.0069493 3.4e-06
0.006955 3.4e-06
0.0069606 3.4e-06
0.0069662 3.5e-06
0.0069719 3.5e-06
0.0069775 3.6e-06
0.0069831 3.7e-06
0.0069887 3.8e-06
0.0069944 3.9e-06
0.007 4e-06
0.0070056 4.1e-06
0.0070113 4.2e-06
0.0070169 4.3e-06
0.0070225 4.4e-06
0.0070281 4.5e-06
0.0070338 4.6e-06
0.0070394 4.7e-06
0.007045 4.8e-06
0.0070507 4.9e-06
0.0070563 5e-06
0.0070619 5.1e-06
0.0070675 5.1e-06
0.0070732 5.2e-06
0.0070788 5.2e-06
0.0070844 5.2e-06
0.0070901 5.3e-06
0.0070957 5.3e-06
0.0071013 5.3e-06
0.0071069 5.3e-06
0.0071126 5.3e-06
0.0071182 5.2e-06
0.0071238 5.2e-06
0.0071295 5.1e-06
0.0071351 5.1e-06
0.0071407 4.9e-06
0.0071463 4.8e-06
0.007152 4.7e-06
0.0071576 4.6e-06
0.0071632 4.4e-06
0.0071689 4.3e-06
0.0071745 4.1e-06
0.0071801 4e-06
0.0071857 3.8e-06
0.0071914 3.6e-06
0.007197 3.4e-06
0.0072026 3.3e-06
0.0072083 3.1e-06
0.0072139 3e-06
0.0072195 2.8e-06
0.0072251 2.7e-06
0.0072308 2.6e-06
0.0072364 2.4e-06
0.007242 2.3e-06
0.0072477 2.2e-06
0.0072533 2.1e-06
0.0072589 2.1e-06
0.0072645 2e-06
0.0072702 1.9e-06
0.0072758 1.9e-06
0.0072814 1.8e-06
0.0072871 1.8e-06
0.0072927 1.7e-06
0.0072983 1.7e-06
0.0073039 1.6e-06
0.0073096 1.6e-06
0.0073152 1.6e-06
0.0073208 1.6e-06
0.0073265 1.5e-06
0.0073321 1.5e-06
0.0073377 1.5e-06
0.0073433 1.5e-06
0.007349 1.5e-06
0.0073546 1.5e-06
0.0073602 1.5e-06
0.0073659 1.4e-06
0.0073715 1.4e-06
0.0073771 1.4e-06
0.0073827 1.4e-06
0.0073884 1.4e-06
0.007394 1.4e-06
0.0073996 1.4e-06
0.0074053 1.4e-06
0.0074109 1.3e-06
0.0074165 1.3e-06
0.0074221 1.3e-06
0.0074278 1.3e-06
0.0074334 1.3e-06
0.007439 1.3e-06
0.0074447 1.3e-06
0.0074503 1.3e-06
0.0074559 1.3e-06
0.0074615 1.3e-06
0.0074672 1.3e-06
0.0074728 1.3e-06
0.0074784 1.3e-06
0.0074841 1.3e-06
0.0074897 1.3e-06
0.0074953 1.3e-06
0.0075009 1.3e-06
0.0075066 1.3e-06
0.0075122 1.4e-06
0.0075178 1.4e-06
0.0075235 1.4e-06
0.0075291 1.4e-06
0.0075347 1.5e-06
0.0075403 1.5e-06
0.007546 1.5e-06
0.0075516 1.5e-06
0.0075572 1.6e-06
0.0075629 1.6e-06
0.0075685 1.7e-06
0.0075741 1.7e-06
0.0075797 1.7e-06
0.0075854 1.8e-06
0.007591 1.8e-06
0.0075966 1.8e-06
0.0076023 1.8e-06
0.0076079 1.8e-06
0.0076135 1.8e-06
0.0076191 1.8e-06
0.0076248 1.8e-06
0.0076304 1.8e-06
0.007636 1.8e-06
0.0076417 1.8e-06
0.0076473 1.8e-06
0.0076529 1.7e-06
0.0076585 1.7e-06
0.0076642 1.7e-06
0.0076698 1.6e-06
0.0076754 1.6e-06
0.0076811 1.5e-06
0.0076867 1.5e-06
0.0076923 1.5e-06
0.0076979 1.4e-06
0.0077036 1.4e-06
0.0077092 1.3e-06
0.0077148 1.3e-06
0.0077205 1.3e-06
0.0077261 1.3e-06
0.0077317 1.2e-06
0.0077373 1.2e-06
0.007743 1.2e-06
0.0077486 1.2e-06
0.0077542 1.2e-06
0.0077598 1.2e-06
0.0077655 1.2e-06
0.0077711 1.2e-06
0.0077767 1.3e-06
0.0077824 1.3e-06
0.007788 1.3e-06
0.0077936 1.4e-06
0.0077992 1.4e-06
0.0078049 1.5e-06
0.0078105 1.5e-06
0.0078161 1.6e-06
0.0078218 1.7e-06
0.0078274 1.8e-06
0.007833 1.9e-06
0.0078386 2e-06
0.0078443 2.2e-06
0.0078499 2.3e-06
0.0078555 2.5e-06
0.0078612 2.6e-06
0.0078668 2.8e-06
0.0078724 3e-06
0.007878 3.2e-06
0.0078837 3.5e-06
0.0078893 3.7e-06
0.0078949 4e-06
0.0079006 4.2e-06
0.0079062 4.5e-06
0.0079118 4.8e-06
0.0079174 5.1e-06
0.0079231 5.4e-06
0.0079287 5.7e-06
0.0079343 5.9e-06
0.00794 6.2e-06
0.0079456 6.4e-06
0.0079512 6.6e-06
0.0079568 6.8e-06
0.0079625 6.9e-06
0.0079681 7.1e-06
0.0079737 7.1e-06
0.0079794 7e-06
0.007985 7e-06
0.0079906 6.9e-06
0.0079962 6.7e-06
0.0080019 6.5e-06
0.0080075 6.2e-06
0.0080131 5.9e-06
0.0080188 5.6e-06
0.0080244 5.2e-06
0.00803 4.8e-06
0.0080356 4.4e-06
0.0080413 4e-06
0.0080469 3.6e-06
0.0080525 3.2e-06
0.0080582 2.9e-06
0.0080638 2.5e-06
0.0080694 2.2e-06
0.008075 1.9e-06
0.0080807 1.7e-06
0.0080863 1.5e-06
0.0080919 1.3e-06
0.0080976 1.2e-06
0.0081032 1e-06
0.0081088 9e-07
0.0081144 8e-07
0.0081201 7e-07
0.0081257 7e-07
0.0081313 6e-07
0.008137 6e-07
0.0081426 5e-07
0.0081482 5e-07
0.0081538 5e-07
0.0081595 5e-07
0.0081651 4e-07
0.0081707 4e-07
0.0081764 4e-07
0.008182 4e-07
0.0081876 4e-07
0.0081932 4e-07
0.0081989 5e-07
0.0082045 5e-07
0.0082101 5e-07
0.0082158 5e-07
0.0082214 5e-07
0.008227 6e-07
0.0082326 6e-07
0.0082383 6e-07
0.0082439 7e-07
0.0082495 7e-07
0.0082552 8e-07
0.0082608 8e-07
0.0082664 9e-07
0.008272 9e-07
0.0082777 1e-06
0.0082833 1.1e-06
0.0082889 1.1e-06
0.0082946 1.2e-06
0.0083002 1.3e-06
0.0083058 1.4e-06
0.0083114 1.4e-06
0.0083171 1.5e-06
0.0083227 1.6e-06
0.0083283 1.7e-06
0.008334 1.7e-06
0.0083396 1.8e-06
0.0083452 1.8e-06
0.0083508 1.8e-06
0.0083565 1.9e-06
0.0083621 1.9e-06
0.0083677 1.9e-06
0.0083734 1.9e-06
0.008379 1.9e-06
0.0083846 1.8e-06
0.0083902 1.8e-06
0.0083959 1.7e-06
0.0084015 1.7e-06
0.0084071 1.6e-06
0.0084128 1.6e-06
0.0084184 1.5e-06
0.008424 1.5e-06
0.0084296 1.4e-06
0.0084353 1.4e-06
0.0084409 1.3e-06
0.0084465 1.3e-06
0.0084522 1.2e-06
0.0084578 1.2e-06
0.0084634 1.1e-06
0.008469 1.1e-06
0.0084747 1.1e-06
0.0084803 1e-06
0.0084859 1e-06
0.0084916 9e-07
0.0084972 9e-07
0.0085028 9e-07
0.0085084 8e-07
0.0085141 8e-07
0.0085197 8e-07
0.0085253 8e-07
0.008531 7e-07
0.0085366 7e-07
0.0085422 7e-07
0.0085478 6e-07
0.0085535 6e-07
0.0085591 6e-07
0.0085647 5e-07
0.0085704 5e-07
0.008576 5e-07
0.0085816 4e-07
0.0085872 4e-07
0.0085929 4e-07
0.0085985 4e-07
0.0086041 4e-07
0.0086098 3e-07
0.0086154 3e-07
0.008621 3e-07
0.0086266 3e-07
0.0086323 3e-07
0.0086379 2e-07
0.0086435 2e-07
0.0086492 2e-07
0.0086548 2e-07
0.0086604 2e-07
0.008666 2e-07
0.0086717 2e-07
0.0086773 2e-07
0.0086829 2e-07
0.0086886 2e-07
0.0086942 2e-07
0.0086998 2e-07
0.0087054 2e-07
0.0087111 2e-07
0.0087167 2e-07
0.0087223 2e-07
0.008728 2e-07
0.0087336 2e-07
0.0087392 2e-07
0.0087448 3e-07
0.0087505 3e-07
0.0087561 3e-07
0.0087617 4e-07
0.0087674 4e-07
0.008773 5e-07
0.0087786 6e-07
0.0087842 6e-07
0.0087899 8e-07
0.0087955 9e-07
0.0088011 1e-06
0.0088068 1.2e-06
0.0088124 1.3e-06
0.008818 1.5e-06
0.0088236 1.8e-06
0.0088293 2e-06
0.0088349 2.2e-06
0.0088405 2.5e-06
0.0088462 2.7e-06
0.0088518 3e-06
0.0088574 3.2e-06
0.008863 3.3e-06
0.0088687 3.5e-06
0.0088743 3.7e-06
0.0088799 3.7e-06
0.0088856 3.7e-06
0.0088912 3.8e-06
0.0088968 3.8e-06
0.0089024 3.6e-06
0.0089081 3.5e-06
0.0089137 3.4e-06
0.0089193 3.3e-06
0.008925 3e-06
0.0089306 2.8e-06
0.0089362 2.6e-06
0.0089418 2.4e-06
0.0089475 2.2e-06
0.0089531 2e-06
0.0089587 1.8e-06
0.0089644 1.6e-06
0.00897 1.4e-06
0.0089756 1.3e-06
0.0089812 1.1e-06
0.0089869 1e-06
0.0089925 9e-07
0.0089981 7e-07
0.0090038 6e-07
0.0090094 6e-07
0.009015 5e-07
0.0090206 4e-07
0.0090263 4e-07
0.0090319 3e-07
0.0090375 3e-07
0.0090432 2e-07
0.0090488 2e-07
0.0090544 2e-07
0.00906 2e-07
0.0090657 1e-07
0.0090713 1e-07
0.0090769 1e-07
0.0090826 1e-07
0.0090882 1e-07
0.0090938 1e-07
0.0090994 1e-07
0.0091051 1e-07
0.0091107 1e-07
0.0091163 1e-07
0.009122 1e-07
0.0091276 1e-07
0.0091332 1e-07
0.0091388 1e-07
0.0091445 1e-07
0.0091501 1e-07
0.0091557 1e-07
0.0091614 1e-07
0.009167 1e-07
0.0091726 1e-07
0.0091782 1e-07
0.0091839 1e-07
0.0091895 2e-07
0.0091951 2e-07
0.0092008 2e-07
0.0092064 2e-07
0.009212 2e-07
0.0092176 2e-07
0.0092233 2e-07
0.0092289 2e-07
0.0092345 2e-07
0.0092402 2e-07
0.0092458 3e-07
0.0092514 3e-07
0.009257 3e-07
0.0092627 3e-07
0.0092683 3e-07
0.0092739 3e-07
0.0092795 3e-07
0.0092852 3e-07
0.0092908 3e-07
0.0092964 3e-07
0.0093021 3e-07
0.0093077 3e-07
0.0093133 3e-07
0.0093189 3e-07
0.0093246 2e-07
0.0093302 2e-07
0.0093358 2e-07
0.0093415 2e-07
0.0093471 2e-07
0.0093527 2e-07
0.0093583 2e-07
0.009364 2e-07
0.0093696 2e-07
0.0093752 2e-07
0.0093809 1e-07
0.0093865 1e-07
0.0093921 1e-07
0.0093977 1e-07
0.0094034 1e-07
0.009409 1e-07
0.0094146 1e-07
0.0094203 1e-07
0.0094259 1e-07
0.0094315 1e-07
0.0094371 1e-07
0.0094428 1e-07
0.0094484 1e-07
0.009454 1e-07
0.0094597 1e-07
0.0094653 1e-07
0.0094709 1e-07
0.0094765 1e-07
0.0094822 1e-07
0.0094878 1e-07
0.0094934 1e-07
0.0094991 1e-07
0.0095047 1e-07
0.0095103 1e-07
0.0095159 1e-07
0.0095216 1e-07
0.0095272 1e-07
0.0095328 1e-07
0.0095385 1e-07
0.0095441 1e-07
0.0095497 1e-07
0.0095553 1e-07
0.009561 1e-07
0.0095666 1e-07
0.0095722 1e-07
0.0095779 1e-07
0.0095835 1e-07
0.0095891 1e-07
0.0095947 1e-07
0.0096004 0
0.009606 0
0.0096116 0
0.0096173 0
0.0096229 0
0.0096285 0
0.0096341 0
0.0096398 0
0.0096454 0
0.009651 0
0.0096567 0
0.0096623 0
0.0096679 0
0.0096735 0
0.0096792 1e-07
0.0096848 1e-07
0.0096904 1e-07
0.0096961 1e-07
0.0097017 1e-07
0.0097073 1e-07
0.0097129 1e-07
0.0097186 1e-07
0.0097242 1e-07
0.0097298 1e-07
0.0097355 1e-07
0.0097411 1e-07
0.0097467 2e-07
0.0097523 2e-07
0.009758 2e-07
0.0097636 2e-07
0.0097692 2e-07
0.0097749 2e-07
0.0097805 2e-07
0.0097861 2e-07
0.0097917 2e-07
0.0097974 3e-07
0.009803 3e-07
0.0098086 3e-07
0.0098143 3e-07
0.0098199 3e-07
0.0098255 3e-07
0.0098311 3e-07
0.0098368 3e-07
0.0098424 2e-07
0.009848 2e-07
0.0098537 2e-07
0.0098593 2e-07
0.0098649 2e-07
0.0098705 2e-07
0.0098762 2e-07
0.0098818 2e-07
0.0098874 2e-07
0.0098931 2e-07
0.0098987 1e-07
0.0099043 1e-07
0.0099099 1e-07
0.0099156 1e-07
0.0099212 1e-07
0.0099268 1e-07
0.0099325 1e-07
0.0099381 1e-07
0.0099437 1e-07
0.0099493 1e-07
0.009955 1e-07
0.0099606 1e-07
0.0099662 1e-07
0.0099719 0
0.0099775 0
0.0099831 0
0.0099887 0
0.0099944 0
0.01 0
