0.001 0.0010662
0.0010056 0.0011163
0.0010113 0.0011688
0.0010169 0.0012238
0.0010225 0.0012813
0.0010281 0.0013416
0.0010338 0.0014048
0.0010394 0.0014709
0.001045 0.0015402
0.0010507 0.0016128
0.0010563 0.0016888
0.0010619 0.0017683
0.0010675 0.0018517
0.0010732 0.0019389
0.0010788 0.0020302
0.0010844 0.0021258
0.0010901 0.002226
0.0010957 0.0023305
0.0011013 0.0024399
0.0011069 0.0025545
0.0011126 0.0026744
0.0011182 0.002799
0.0011238 0.0029295
0.0011295 0.0030659
0.0011351 0.0032088
0.0011407 0.0033565
0.0011463 0.0035109
0.001152 0.0036724
0.0011576 0.0038413
0.0011632 0.0040152
0.0011689 0.0041967
0.0011745 0.0043865
0.0011801 0.0045849
0.0011857 0.0047888
0.0011914 0.0050015
0.001197 0.0052236
0.0012026 0.0054556
0.0012083 0.0056947
0.0012139 0.005944
0.0012195 0.0062042
0.0012251 0.0064758
0.0012308 0.0067573
0.0012364 0.0070508
0.001242 0.0073571
0.0012477 0.0076766
0.0012533 0.0080099
0.0012589 0.0083577
0.0012645 0.0087206
0.0012702 0.0090992
0.0012758 0.0094959
0.0012814 0.00991
0.0012871 0.0103421
0.0012927 0.0107931
0.0012983 0.0112656
0.0013039 0.0117589
0.0013096 0.0122739
0.0013152 0.0128114
0.0013208 0.0133719
0.0013265 0.0139568
0.0013321 0.0145674
0.0013377 0.0152046
0.0013433 0.0158638
0.001349 0.0165507
0.0013546 0.0172673
0.0013602 0.018015
0.0013659 0.0187815
0.0013715 0.0195787
0.0013771 0.0204098
0.0013827 0.0212761
0.0013884 0.0221589
0.001394 0.0230752
0.0013996 0.0240294
0.0014053 0.025023
0.0014109 0.0260349
0.0014165 0.0270841
0.0014221 0.0281755
0.0014278 0.0293108
0.0014334 0.0304736
0.001439 0.0316792
0.0014447 0.0329325
0.0014503 0.0342354
0.0014559 0.0355824
0.0014615 0.036981
0.0014672 0.0384345
0.0014728 0.0399452
0.0014784 0.0415215
0.0014841 0.0431612
0.0014897 0.0448657
0.0014953 0.0466375
0.0015009 0.0484963
0.0015066 0.0504326
0.0015122 0.0524462
0.0015178 0.0545402
0.0015235 0.0567358
0.0015291 0.0590237
0.0015347 0.0614038
0.0015403 0.0638799
0.001546 0.0664604
0.0015516 0.0691462
0.0015572 0.0719405
0.0015629 0.0748477
0.0015685 0.0778494
0.0015741 0.0809659
0.0015797 0.0842072
0.0015854 0.0875782
0.001591 0.0910278
0.0015966 0.0945989
0.0016023 0.0983102
0.0016079 0.1021671
0.0016135 0.1060952
0.0016191 0.1101531
0.0016248 0.1143662
0.0016304 0.1187405
0.001636 0.1232049
0.0016417 0.1278159
0.0016473 0.1325994
0.0016529 0.1375619
0.0016585 0.142671
0.0016642 0.1479585
0.0016698 0.1534419
0.0016754 0.1591286
0.0016811 0.1650531
0.0016867 0.1712063
0.0016923 0.177589
0.0016979 0.1842096
0.0017036 0.1911772
0.0017092 0.1984401
0.0017148 0.2059789
0.0017205 0.2138041
0.0017261 0.2220778
0.0017317 0.2307215
0.0017373 0.2397017
0.001743 0.2490313
0.0017486 0.2588757
0.0017542 0.2691613
0.0017598 0.2798556
0.0017655 0.2909748
0.0017711 0.3026212
0.0017767 0.3147644
0.0017824 0.3273948
0.001788 0.340532
0.0017936 0.3541596
0.0017992 0.3683188
0.0018049 0.3830442
0.0018105 0.3983582
0.0018161 0.4141171
0.0018218 0.4304348
0.0018274 0.4473955
0.001833 0.4650245
0.0018386 0.4831205
0.0018443 0.5018296
0.0018499 0.5212632
0.0018555 0.5414494
0.0018612 0.5622756
0.0018668 0.5838439
0.0018724 0.6062397
0.001878 0.6294945
0.0018837 0.6537574
0.0018893 0.6790057
0.0018949 0.705229
0.0019006 0.732465
0.0019062 0.7612472
0.0019118 0.7913815
0.0019174 0.8227086
0.0019231 0.8552758
0.0019287 0.8900053
0.0019343 0.9265501
0.00194 0.9645955
0.0019456 1.0042031
0.0019512 1.0465359
0.0019568 1.0911823
0.0019625 1.1377334
0.0019681 1.1862704
0.0019737 1.2379078
0.0019794 1.2923066
0.001985 1.3490959
0.0019906 1.4083808
0.0019962 1.4708665
0.0020019 1.5364321
0.0020075 1.6049203
0.0020131 1.6764615
0.0020188 1.7510757
0.0020244 1.8289488
0.00203 1.910285
0.0020356 1.9952384
0.0020413 2.0831792
0.0020469 2.1745596
0.0020525 2.2699486
0.0020582 2.3695218
0.0020638 2.4725279
0.0020694 2.5794786
0.002075 2.6910556
0.0020807 2.8074589
0.0020863 2.928784
0.0020919 3.0552855
0.0020976 3.1872509
0.0021032 3.3249163
0.0021088 3.470264
0.0021144 3.6230232
0.0021201 3.7825067
0.0021257 3.9490106
0.0021313 4.1269755
0.002137 4.3155636
0.0021426 4.5127695
0.0021482 4.718987
0.0021538 4.9407593
0.0021595 5.1769507
0.0021651 5.424433
0.0021707 5.6837462
0.0021764 5.9620324
0.002182 6.2583767
0.0021876 6.5694509
0.0021932 6.8959871
0.0021989 7.2431724
0.0022045 7.6109133
0.0022101 7.9973247
0.0022158 8.4033544
0.0022214 8.8292522
0.002227 9.2761993
0.0022326 9.7457714
0.0022383 10.2391138
0.0022439 10.7495568
0.0022495 11.279622
0.0022552 11.8358249
0.0022608 12.4194544
0.0022664 13.0179565
0.002272 13.6347093
0.0022777 14.2806821
0.0022833 14.9572592
0.0022889 15.651283
0.0022946 16.3660552
0.0023002 17.11347
0.0023058 17.8950182
0.0023114 18.7049917
0.0023171 19.5457545
0.0023227 20.4243084
0.0023283 21.3423521
0.002334 22.3080176
0.0023396 23.3226752
0.0023452 24.3834834
0.0023508 25.4925415
0.0023565 26.671537
0.0023621 27.9218334
0.0023677 29.2307406
0.0023734 30.6010061
0.002379 32.0582108
0.0023846 33.6049718
0.0023902 35.2263616
0.0023959 36.9259812
0.0024015 38.7151985
0.0024071 40.5980645
0.0024128 42.5725015
0.0024184 44.6429627
0.002424 46.7852063
0.0024296 49.0029946
0.0024353 51.325914
0.0024409 53.7589482
0.0024465 56.2276861
0.0024522 58.732647
0.0024578 61.3492047
0.0024634 64.0823309
0.002469 66.8130444
0.0024747 69.5365912
0.0024803 72.3711599
0.0024859 75.321276
0.0024916 78.2569108
0.0024972 81.1692956
0.0025028 84.1900668
0.0025084 87.3232582
0.0025141 90.4789645
0.0025197 93.6498499
0.0025253 96.9318607
0.002531 100.3288915
0.0025366 103.8302945
0.0025422 107.4380042
0.0025478 111.1710682
0.0025535 115.0338421
0.0025591 119.0913648
0.0025647 123.359605
0.0025704 127.7808191
0.002576 132.3604898
0.0025816 137.1846389
0.0025872 142.2771946
0.0025929 147.5587957
0.0025985 153.0364599
0.0026041 158.7329932
0.0026098 164.660016
0.0026154 170.8083515
0.002621 177.1862631
0.0026266 183.6826965
0.0026323 190.271046
0.0026379 197.0957071
0.0026435 204.1651558
0.0026492 211.2243706
0.0026548 218.1960677
0.0026604 225.3978734
0.002666 232.8373829
0.0026717 240.1926431
0.0026773 247.3542004
0.0026829 254.729286
0.0026886 262.3242663
0.0026942 269.8960005
0.0026998 277.3544336
0.0027054 285.0189764
0.0027111 292.8953249
0.0027167 300.9648294
0.0027223 309.2230882
0.002728 317.7079477
0.0027336 326.4256256
0.0027392 335.6363597
0.0027448 345.4662069
0.0027505 355.5839427
0.0027561 365.9979987
0.0027617 377.1447384
0.0027674 389.2568266
0.002773 401.7578971
0.0027786 414.6604424
0.0027842 428.3191573
0.0027899 442.9448059
0.0027955 458.0698708
0.0028011 473.7114055
0.0028068 489.8240806
0.0028124 506.3865492
0.002818 523.5090462
0.0028236 541.2105077
0.0028293 558.8398061
0.0028349 575.9662289
0.0028405 593.6175148
0.0028462 611.8097488
0.0028518 629.3560873
0.0028574 645.4201897
0.002863 661.8943229
0.0028687 678.7889528
0.0028743 694.7435558
0.0028799 708.7494761
0.0028856 723.0377535
0.0028912 737.6140803
0.0028968 751.4182856
0.0029024 763.6228198
0.0029081 776.02558
0.0029137 788.6297858
0.0029193 801.0037848
0.002925 812.7902632
0.0029306 824.7501752
0.0029362 836.8860731
0.0029418 849.4026764
0.0029475 862.4819936
0.0029531 875.7627094
0.0029587 889.247925
0.0029644 903.4360134
0.00297 918.8027927
0.0029756 934.4309495
0.0029812 950.3249298
0.0029869 966.6836849
0.0029925 983.710916
0.0029981 1001.0380659
0.0030038 1018.6704174
0.0030094 1035.8939903
0.003015 1051.930666
0.0030206 1068.2156055
0.0030263 1084.7526522
0.0030319 1099.616858
0.0030375 1110.6033712
0.0030432 1121.699653
0.0030488 1132.9068002
0.0030544 1141.3670913
0.00306 1143.6748379
0.0030657 1145.9872507
0.0030713 1148.3043389
0.0030769 1147.596017
0.0030826 1140.1220803
0.0030882 1132.6968191
0.0030938 1125.3199163
0.0030994 1115.578028
0.0031051 1100.3786894
0.0031107 1085.3864361
0.0031163 1070.5984467
0.003122 1054.6126208
0.0031276 1035.5506386
0.0031332 1016.8331992
0.0031388 998.454075
0.0031445 979.9429461
0.0031501 960.6369564
0.0031557 941.7113166
0.0031614 923.1585335
0.003167 905.073122
0.0031726 887.60118
0.0031782 870.4665244
0.0031839 853.6626439
0.0031895 837.4203948
0.0031951 822.1145802
0.0032008 807.088515
0.0032064 792.3370863
0.003212 777.8939697
0.0032176 763.8205113
0.0032233 750.0016663
0.0032289 736.4328282
0.0032345 722.7977926
0.0032402 708.5252196
0.0032458 694.534477
0.0032514 680.8199997
0.003257 666.7641565
0.0032627 651.1850795
0.0032683 635.9700108
0.0032739 621.1104451
0.0032795 605.8774362
0.0032852 588.80476
0.0032908 572.213165
0.0032964 556.0890951
0.0033021 539.8028763
0.0033077 522.0293721
0.0033133 504.8410768
0.0033189 488.2187219
0.0033246 471.7559131
0.0033302 454.5641555
0.0033358 437.9989009
0.0033415 422.0373184
0.0033471 406.5056983
0.0033527 391.0220714
0.0033583 376.1282091
0.003364 361.8016476
0.0033696 348.0362848
0.0033752 334.8505905
0.0033809 322.1644491
0.0033865 309.9589345
0.0033921 298.3107202
0.0033977 287.4590279
0.0034034 277.0020892
0.003409 266.9255441
0.0034146 257.3194246
0.0034203 248.4715162
0.0034259 239.9278426
0.0034315 231.6779424
0.0034371 223.7840271
0.0034428 216.4610858
0.0034484 209.3777749
0.003454 202.526253
0.0034597 195.9274171
0.0034653 189.6687796
0.0034709 183.6100659
0.0034765 177.7448896
0.0034822 172.0599488
0.0034878 166.5238761
0.0034934 161.165928
0.0034991 155.9803732
0.0035047 150.9371924
0.0035103 145.937644
0.0035159 141.1036975
0.0035216 136.4298676
0.0035272 131.8869184
0.0035328 127.3719261
0.0035385 123.0114992
0.0035441 118.8003464
0.0035497 114.7207091
0.0035553 110.7121849
0.003561 106.8437248
0.0035666 103.1104349
0.0035722 99.5084749
0.0035779 96.0374544
0.0035835 92.6875089
0.0035891 89.454415
0.0035947 86.3449857
0.0036004 83.4108211
0.003606 80.576365
0.0036116 77.838229
0.0036173 75.2085197
0.0036229 72.7691327
0.0036285 70.4088672
0.0036341 68.1251568
0.0036398 65.9305963
0.0036454 63.9135362
0.003651 61.9581853
0.0036567 60.0626559
0.0036623 58.2369989
0.0036679 56.5575404
0.0036735 54.9265147
0.0036792 53.3425251
0.0036848 51.8119759
0.0036904 50.389462
0.0036961 49.0060037
0.0037017 47.6605287
0.0037073 46.3561781
0.0037129 45.1251067
0.0037186 43.9267287
0.0037242 42.7601757
0.0037298 41.6264976
0.0037355 40.5414816
0.0037411 39.4847472
0.0037467 38.455557
0.0037523 37.4541382
0.003758 36.4890057
0.0037636 35.5487431
0.0037692 34.6327095
0.0037749 33.7412035
0.0037805 32.8837074
0.0037861 32.0480037
0.0037917 31.2335384
0.0037974 30.44105
0.003803 29.6858361
0.0038086 28.9493585
0.0038143 28.2311521
0.0038199 27.5323452
0.0038255 26.874945
0.0038311 26.2332419
0.0038368 25.6068609
0.0038424 24.9970691
0.003848 24.4305073
0.0038537 23.8767868
0.0038593 23.3356164
0.0038649 22.8081425
0.0038705 22.3222118
0.0038762 21.846634
0.0038818 21.3811884
0.0038874 20.9267405
0.0038931 20.5090622
0.0038987 20.0997204
0.0039043 19.6985486
0.0039099 19.3060944
0.0039156 18.943929
0.0039212 18.5885576
0.0039268 18.2398526
0.0039325 17.898097
0.0039381 17.5801043
0.0039437 17.2677614
0.0039493 16.9609677
0.003955 16.6598303
0.0039606 16.3772626
0.0039662 16.0994876
0.0039719 15.8264239
0.0039775 15.5580754
0.0039831 15.3051487
0.0039887 15.0563338
0.0039944 14.8115638
0.004 14.5707731
0.0040056 14.3442383
0.0040113 14.1212255
0.0040169 13.9016799
0.0040225 13.6855476
0.0040281 13.4836656
0.0040338 13.2848429
0.0040394 13.088952
0.004045 12.8959495
0.0040507 12.717608
0.0040563 12.5419107
0.0040619 12.3686407
0.0040675 12.1977645
0.0040732 12.0416427
0.0040788 11.8878016
0.0040844 11.735926
0.0040901 11.5859907
0.0040957 11.4502239
0.0041013 11.3164237
0.0041069 11.184187
0.0041126 11.0534955
0.0041182 10.9357298
0.0041238 10.8196596
0.0041295 10.7048213
0.0041351 10.5912019
0.0041407 10.4889084
0.0041463 10.3880767
0.004152 10.2882142
0.0041576 10.1893118
0.0041632 10.1001893
0.0041689 10.0123328
0.0041745 9.9252406
0.0041801 9.8389059
0.0041857 9.7612111
0.0041914 9.6846311
0.004197 9.6086518
0.0042026 9.5332686
0.0042083 9.4659593
0.0042139 9.3996647
0.0042195 9.3338343
0.0042251 9.2684651
0.0042308 9.2111213
0.0042364 9.1547441
0.004242 9.098712
0.0042477 9.0430228
0.0042533 8.9956013
0.0042589 8.9491398
0.0042645 8.9029183
0.0042702 8.8569356
0.0042758 8.819468
0.0042814 8.7829767
0.0042871 8.7466365
0.0042927 8.7104466
0.0042983 8.6827988
0.0043039 8.6561455
0.0043096 8.629574
0.0043152 8.6030841
0.0043208 8.5848546
0.0043265 8.5676245
0.0043321 8.5504289
0.0043377 8.5332679
0.0043433 8.5238466
0.004349 8.5154146
0.0043546 8.506991
0.0043602 8.4985757
0.0043659 8.4973316
0.0043715 8.4970674
0.0043771 8.4968033
0.0043827 8.4965392
0.0043884 8.5030627
0.004394 8.5105872
0.0043996 8.5181183
0.0044053 8.5256562
0.0044109 8.5399617
0.0044165 8.5553517
0.0044221 8.5707695
0.0044278 8.5862151
0.0044334 8.6088178
0.004439 8.6326719
0.0044447 8.6565922
0.0044503 8.6805787
0.0044559 8.7124108
0.0044615 8.7457423
0.0044672 8.7792013
0.0044728 8.8127883
0.0044784 8.8549845
0.0044841 8.8989814
0.0044897 8.9431969
0.0044953 8.9876321
0.0045009 9.0412657
0.0045066 9.0970105
0.0045122 9.1530989
0.0045178 9.2095332
0.0045235 9.2754043
0.0045291 9.3436617
0.0045347 9.4124214
0.0045403 9.4816871
0.004546 9.5602491
0.0045516 9.6414139
0.0045572 9.7232676
0.0045629 9.8058163
0.0045685 9.8972935
0.0045741 9.9915474
0.0045797 10.0866989
0.0045854 10.1827565
0.004591 10.287449
0.0045966 10.395114
0.0046023 10.5039057
0.0046079 10.6138361
0.0046135 10.7325336
0.0046191 10.8545213
0.0046248 10.9778954
0.0046304 11.1026719
0.004636 11.2370276
0.0046417 11.3752128
0.0046473 11.5150973
0.0046529 11.656702
0.0046585 11.8093978
0.0046642 11.9667365
0.0046698 12.1261715
0.0046754 12.2877306
0.0046811 12.4623269
0.0046867 12.6426211
0.0046923 12.8255237
0.0046979 13.0110723
0.0047036 13.2115531
0.0047092 13.418905
0.0047148 13.6295113
0.0047205 13.8434229
0.0047261 14.0735667
0.0047317 14.311686
0.0047373 14.5538342
0.004743 14.8000795
0.0047486 15.0628597
0.0047542 15.334462
0.0047598 15.6109616
0.0047655 15.8924469
0.0047711 16.1897065
0.0047767 16.496271
0.0047824 16.8086405
0.004788 17.1269249
0.0047936 17.4595645
0.0047992 17.8016976
0.0048049 18.1505352
0.0048105 18.5062084
0.0048161 18.875021
0.0048218 19.2535196
0.0048274 19.6396082
0.004833 20.033439
0.0048386 20.4404553
0.0048443 20.8578208
0.0048499 21.2837082
0.0048555 21.7182917
0.0048612 22.1681237
0.0048668 22.629876
0.0048724 23.1012464
0.004878 23.5824353
0.0048837 24.0828862
0.0048893 24.5978732
0.0048949 25.1238725
0.0049006 25.6611198
0.0049062 26.2225005
0.0049118 26.8017218
0.0049174 27.3937374
0.0049231 27.9988298
0.0049287 28.631944
0.0049343 29.286056
0.00494 29.9551115
0.0049456 30.6394519
0.0049512 31.3527839
0.0049568 32.0890339
0.0049625 32.842573
0.0049681 33.6138073
0.0049737 34.4108409
0.0049794 35.2305345
0.004985 36.0697538
0.0049906 36.9289641
0.0049962 37.8068065
0.0050019 38.7045875
0.0050075 39.6236878
0.0050131 40.5646135
0.0050188 41.5151111
0.0050244 42.4811981
0.00503 43.4697666
0.0050356 44.4813399
0.0050413 45.4952543
0.0050469 46.52082
0.0050525 47.5695042
0.0050582 48.6418282
0.0050638 49.7150403
0.0050694 50.79893
0.005075 51.9064507
0.0050807 53.0381176
0.0050863 54.1768795
0.0050919 55.3299545
0.0050976 56.507571
0.0051032 57.7102514
0.0051088 58.9319448
0.0051144 60.1755791
0.0051201 61.4454576
0.0051257 62.7421342
0.0051313 64.0700107
0.005137 65.4283503
0.0051426 66.8154879
0.0051482 68.232034
0.0051538 69.685857
0.0051595 71.1752591
0.0051651 72.6964942
0.0051707 74.2502429
0.0051764 75.8371945
0.005182 77.4580603
0.0051876 79.1135688
0.0051932 80.8044604
0.0051989 82.5149401
0.0052045 84.2504319
0.0052101 86.0224253
0.0052158 87.8316882
0.0052214 89.643183
0.005227 91.4670571
0.0052326 93.3280397
0.0052383 95.2268857
0.0052439 97.1162769
0.0052495 99.0085886
0.0052552 100.937772
0.0052608 102.9045455
0.0052664 104.8650104
0.005272 106.8297593
0.0052777 108.8313196
0.0052833 110.8703812
0.0052889 112.9247784
0.0052946 114.9997772
0.0053002 117.1129041
0.0053058 119.2648599
0.0053114 121.4666234
0.0053171 123.7171195
0.0053227 126.0093122
0.0053283 128.343974
0.005334 130.7617009
0.0053396 133.2573194
0.0053452 135.8005674
0.0053508 138.3923539
0.0053565 141.0833326
0.0053621 143.8683162
0.0053677 146.7082753
0.0053734 149.6042952
0.005379 152.5893948
0.0053846 155.6616388
0.0053902 158.7957395
0.0053959 161.9929423
0.0054015 165.246443
0.0054071 168.5580949
0.0054128 171.9361147
0.0054184 175.3818322
0.005424 178.8444944
0.0054296 182.3277101
0.0054353 185.8787658
0.0054409 189.4989826
0.0054465 193.1124535
0.0054522 196.721834
0.0054578 200.3986759
0.0054634 204.14424
0.005469 207.8930495
0.0054747 211.645733
0.0054803 215.4661562
0.0054859 219.3555421
0.0054916 223.2954425
0.0054972 227.2863627
0.0055028 231.348612
0.0055084 235.4834652
0.0055141 239.7372218
0.0055197 244.1143357
0.0055253 248.5713668
0.005531 253.1097742
0.0055366 257.8236195
0.0055422 262.7239427
0.0055478 267.7174039
0.0055535 272.8057732
0.0055591 278.076108
0.0055647 283.5419797
0.0055704 289.1152888
0.005576 294.798147
0.0055816 300.5936013
0.0055872 306.5040013
0.0055929 312.5306142
0.0055985 318.6757249
0.0056041 324.7915298
0.0056098 330.8495652
0.0056154 337.0205954
0.005621 343.3067282
0.0056266 349.3886223
0.0056323 355.1924644
0.0056379 361.0927166
0.0056435 367.0909803
0.0056492 372.7402395
0.0056548 377.9229244
0.0056604 383.1776709
0.005666 388.5054807
0.0056717 393.4259859
0.0056773 397.7982357
0.0056829 402.2190755
0.0056886 406.6890453
0.0056942 410.7977175
0.0056998 414.4117134
0.0057054 418.0575034
0.0057111 421.7353673
0.0057167 425.1704539
0.0057223 428.2639661
0.005728 431.3799865
0.0057336 434.5186788
0.0057392 437.5395097
0.0057448 440.3866109
0.0057505 443.2522384
0.0057561 446.1365128
0.0057617 448.9636673
0.0057674 451.7004546
0.005773 454.4539248
0.0057786 457.2241796
0.0057842 459.8880703
0.0057899 462.3861792
0.0057955 464.8978579
0.0058011 467.42318
0.0058068 469.6824416
0.0058124 471.5285925
0.005818 473.3819999
0.0058236 475.2426924
0.0058293 476.6189652
0.0058349 477.2320484
0.0058405 477.8459201
0.0058462 478.4605815
0.0058518 478.402597
0.0058574 477.2639542
0.005863 476.1280214
0.0058687 474.9947923
0.0058743 473.1159793
0.0058799 470.0099621
0.0058856 466.9243361
0.0058912 463.8589672
0.0058968 460.1248304
0.0059024 455.2516787
0.0059081 450.4301382
0.0059137 445.6596623
0.0059193 440.4122115
0.005925 434.3049629
0.0059306 428.2824043
0.0059362 422.3433612
0.0059418 416.1552212
0.0059475 409.4608174
0.0059531 402.8741019
0.0059587 396.3933425
0.0059644 389.8503774
0.00597 383.1059788
0.0059756 376.478258
0.0059812 369.9651966
0.0059869 363.4931465
0.0059925 356.9966642
0.0059981 350.6162894
0.0060038 344.3499471
0.0060094 338.142195
0.006015 331.9403038
0.0060206 325.852162
0.0060263 319.8756832
0.0060319 313.9174546
0.0060375 307.8826257
0.0060432 301.963812
0.0060488 296.158783
0.0060544 290.3147744
0.00606 284.266534
0.0060657 278.344299
0.0060713 272.5454442
0.0060769 266.6715531
0.0060826 260.4947793
0.0060882 254.4610749
0.0060938 248.5671261
0.0060994 242.6045623
0.0061051 236.3201857
0.0061107 230.1985982
0.0061163 224.235583
0.006122 218.2507789
0.0061276 212.0127983
0.0061332 205.95311
0.0061388 200.0666178
0.0061445 194.225013
0.0061501 188.2549133
0.0061557 182.4683229
0.0061614 176.859601
0.006167 171.3568696
0.0061726 165.8585164
0.0061782 160.5365896
0.0061839 155.3854283
0.0061895 150.3784022
0.0061951 145.4775799
0.0062008 140.736475
0.0062064 136.1498825
0.006212 131.7181515
0.0062176 127.4452629
0.0062233 123.3109853
0.0062289 119.3108221
0.0062345 115.4544619
0.0062402 111.7623136
0.0062458 108.1882375
0.0062514 104.7284578
0.006257 101.3896372
0.0062627 98.1875367
0.0062683 95.0865653
0.0062739 92.0835293
0.0062795 89.1764733
0.0062852 86.3646702
0.0062908 83.6415254
0.0062964 81.0042435
0.0063021 78.4425476
0.0063077 75.9377497
0.0063133 73.512934
0.0063189 71.1655466
0.0063246 68.8808611
0.0063302 66.628817
0.0063358 64.4504031
0.0063415 62.3432119
0.0063471 60.2928132
0.0063527 58.267898
0.0063583 56.3109888
0.006364 54.4198019
0.0063696 52.5837274
0.0063752 50.7791661
0.0063809 49.0365336
0.0063865 47.3537044
0.0063921 45.7252853
0.0063977 44.1402015
0.0064034 42.6100653
0.006409 41.1329717
0.0064146 39.7082303
0.0064203 38.3373996
0.0064259 37.0138936
0.0064315 35.7360784
0.0064371 34.5063678
0.0064428 33.3356259
0.0064484 32.2046053
0.006454 31.1119583
0.0064597 30.0613913
0.0064653 29.0682875
0.0064709 28.1079917
0.0064765 27.1794201
0.0064822 26.2861434
0.0064878 25.4435996
0.0064934 24.6280616
0.0064991 23.8386639
0.0065047 23.0780483
0.0065103 22.358706
0.0065159 21.6617856
0.0065216 20.9865883
0.0065272 20.3346453
0.0065328 19.7143717
0.0065385 19.1130186
0.0065441 18.5300086
0.0065497 17.9660042
0.0065553 17.4258615
0.006561 16.9019579
0.0065666 16.3938054
0.0065722 15.9016173
0.0065779 15.4282053
0.0065835 14.9688874
0.0065891 14.5232439
0.0065947 14.0914296
0.0066004 13.6759369
0.006606 13.2726953
0.0066116 12.8813434
0.0066173 12.5022163
0.0066229 12.1387894
0.0066285 11.785927
0.0066341 11.4433219
0.0066398 11.1115558
0.0066454 10.7956573
0.006651 10.4887398
0.0066567 10.1905478
0.0066623 9.9018488
0.0066679 9.6290934
0.0066735 9.3638514
0.0066792 9.1059156
0.0066848 8.8561224
0.0066904 8.6217617
0.0066961 8.393603
0.0067017 8.1714821
0.0067073 7.9561922
0.0067129 7.7551442
0.0067186 7.5591765
0.0067242 7.3681608
0.0067298 7.1827757
0.0067355 7.00996
0.0067411 6.8413022
0.0067467 6.6767023
0.0067523 6.5167006
0.006758 6.3674438
0.0067636 6.2216056
0.0067692 6.0791076
0.0067749 5.9403657
0.0067805 5.8107103
0.0067861 5.6838848
0.0067917 5.5598274
0.0067974 5.4388612
0.006803 5.3256987
0.0068086 5.2148908
0.0068143 5.1063883
0.0068199 5.0004544
0.0068255 4.90148
0.0068311 4.8044645
0.0068368 4.7093694
0.0068424 4.61642
0.006848 4.5299589
0.0068537 4.4451172
0.0068593 4.3618644
0.0068649 4.2803985
0.0068705 4.2051839
0.0068762 4.1312909
0.0068818 4.0586964
0.0068874 3.9875704
0.0068931 3.9225454
0.0068987 3.8585808
0.0069043 3.7956592
0.0069099 3.7339189
0.0069156 3.6781096
0.0069212 3.6231344
0.0069268 3.568981
0.0069325 3.5157518
0.0069381 3.46822
0.0069437 3.4213309
0.0069493 3.3750756
0.006955 3.32952
0.0069606 3.2893765
0.0069662 3.2497171
0.0069719 3.2105358
0.0069775 3.1718626
0.0069831 3.1383082
0.0069887 3.1051088
0.0069944 3.0722606
0.007 3.0397599
0.0070056 3.0121231
0.0070113 2.9847376
0.0070169 2.957601
0.0070225 2.9307112
0.0070281 2.9084306
0.0070338 2.8863522
0.0070394 2.8644414
0.007045 2.842697
0.0070507 2.8253782
0.0070563 2.8082296
0.0070619 2.7911851
0.0070675 2.7742441
0.0070732 2.7615965
0.0070788 2.749103
0.0070844 2.7366659
0.0070901 2.7242852
0.0070957 2.7160928
0.0071013 2.7080528
0.0071069 2.7000367
0.0071126 2.6920443
0.0071182 2.6881487
0.0071238 2.6844177
0.0071295 2.6806919
0.0071351 2.6769712
0.0071407 2.6772738
0.0071463 2.6777664
0.007152 2.6782591
0.0071576 2.6787519
0.0071632 2.6832316
0.0071689 2.6879409
0.0071745 2.6926584
0.0071801 2.6973842
0.0071857 2.7061194
0.0071914 2.71514
0.007197 2.7241907
0.0072026 2.7332716
0.0072083 2.7464514
0.0072139 2.7599917
0.0072195 2.7735988
0.0072251 2.7872729
0.0072308 2.8051867
0.0072364 2.8235572
0.007242 2.842048
0.0072477 2.86066
0.0072533 2.8836635
0.0072589 2.9072404
0.0072645 2.9310101
0.0072702 2.9549742
0.0072758 2.9834428
0.0072814 3.0126175
0.0072871 3.0420774
0.0072927 3.0718255
0.0072983 3.1061131
0.0073039 3.1412492
0.0073096 3.1767827
0.0073152 3.2127182
0.0073208 3.2531467
0.0073265 3.2945711
0.0073321 3.336523
0.0073377 3.3790091
0.0073433 3.4259065
0.007349 3.4739538
0.0073546 3.522675
0.0073602 3.5720795
0.0073659 3.6258694
0.0073715 3.6809822
0.0073771 3.7369327
0.0073827 3.7937337
0.0073884 3.8550564
0.007394 3.9179154
0.0073996 3.9817995
0.0074053 4.0467251
0.0074109 4.116543
0.0074165 4.1881761
0.0074221 4.2610557
0.0074278 4.3352035
0.0074334 4.4148366
0.007439 4.4966449
0.0074447 4.5799692
0.0074503 4.6648375
0.0074559 4.7558887
0.0074615 4.8495495
0.0074672 4.9450548
0.0074728 5.042441
0.0074784 5.146606
0.0074841 5.2538536
0.0074897 5.363336
0.0074953 5.4750999
0.0075009 5.5939064
0.0075066 5.7162459
0.0075122 5.841261
0.0075178 5.9690102
0.0075235 6.1035739
0.0075291 6.2420312
0.0075347 6.3836293
0.0075403 6.5284395
0.007546 6.6793518
0.0075516 6.8343874
0.0075572 6.9930216
0.0075629 7.1553378
0.0075685 7.3227933
0.0075741 7.4944927
0.0075797 7.6702179
0.0075854 7.8500635
0.007591 8.0342681
0.0075966 8.2228305
0.0076023 8.4158185
0.0076079 8.6133358
0.0076135 8.815102
0.0076191 9.0214938
0.0076248 9.2327179
0.0076304 9.4488875
0.007636 9.6701728
0.0076417 9.8966553
0.0076473 10.1284422
0.0076529 10.3656577
0.0076585 10.6097368
0.0076642 10.8599365
0.0076698 11.1160365
0.0076754 11.3781759
0.0076811 11.6492299
0.0076867 11.9275562
0.0076923 12.2125323
0.0076979 12.5043171
0.0077036 12.8064475
0.0077092 13.1169285
0.0077148 13.4349367
0.0077205 13.7606548
0.0077261 14.0965877
0.0077317 14.441474
0.0077373 14.7947982
0.007743 15.1567669
0.0077486 15.5267114
0.0077542 15.9053881
0.0077598 16.2933001
0.0077655 16.6906728
0.0077711 17.0918819
0.0077767 17.5006766
0.0077824 17.9192485
0.007788 18.3478317
0.0077936 18.7753141
0.0077992 19.2086096
0.0078049 19.6519046
0.0078105 20.10543
0.0078161 20.553879
0.0078218 21.0064367
0.0078274 21.4689588
0.007833 21.9416648
0.0078386 22.4080252
0.0078443 22.8777069
0.0078499 23.3572333
0.0078555 23.8468108
0.0078612 24.3323165
0.0078668 24.821859
0.0078724 25.3212507
0.007878 25.8306896
0.0078837 26.3411501
0.0078893 26.8577949
0.0078949 27.384573
0.0079006 27.9216831
0.0079062 28.4654731
0.0079118 29.0181637
0.0079174 29.5815854
0.0079231 30.1559466
0.0079287 30.7402267
0.0079343 31.3352672
0.00794 31.941826
0.0079456 32.560126
0.0079512 33.1866915
0.0079568 33.8235724
0.0079625 34.4726756
0.0079681 35.1342356
0.0079737 35.7967241
0.0079794 36.4659775
0.007985 37.1477432
0.0079906 37.8422552
0.0079962 38.5262033
0.0080019 39.2106661
0.0080075 39.9072891
0.0080131 40.6162885
0.0080188 41.3026994
0.0080244 41.982426
0.00803 42.6733391
0.0080356 43.3756227
0.0080413 44.0472502
0.0080469 44.7066284
0.0080525 45.3758774
0.0080582 46.0551448
0.0080638 46.7030579
0.0080694 47.3370899
0.008075 47.9797293
0.0080807 48.6310931
0.0080863 49.2582802
0.0080919 49.8746791
0.0080976 50.4987915
0.0081032 51.1307137
0.0081088 51.750456
0.0081144 52.365854
0.0081201 52.9885701
0.0081257 53.6186914
0.0081313 54.247876
0.008137 54.8793067
0.0081426 55.518087
0.0081482 56.1643026
0.0081538 56.8143073
0.0081595 57.4694866
0.0081651 58.1322213
0.0081707 58.8025986
0.0081764 59.4715243
0.008182 60.1420983
0.0081876 60.8202334
0.0081932 61.5060149
0.0081989 62.1756248
0.0082045 62.8365209
0.0082101 63.504442
0.0082158 64.1794628
0.0082214 64.8186482
0.008227 65.4345236
0.0082326 66.0562508
0.0082383 66.6838853
0.0082439 67.2581092
0.0082495 67.7950825
0.0082552 68.336343
0.0082608 68.8819247
0.0082664 69.3653222
0.008272 69.80342
0.0082777 70.2442847
0.0082833 70.6879339
0.0082889 71.0728063
0.0082946 71.4133737
0.0083002 71.7555731
0.0083058 72.0994122
0.0083114 72.3983731
0.0083171 72.662465
0.0083227 72.9275203
0.0083283 73.1935425
0.008334 73.4328922
0.0083396 73.6509204
0.0083452 73.869596
0.0083508 74.0889209
0.0083565 74.29608
0.0083621 74.4932561
0.0083677 74.6909556
0.0083734 74.8891797
0.008379 75.0796379
0.0083846 75.2635383
0.0083902 75.4478891
0.0083959 75.6326915
0.0084015 75.8018201
0.0084071 75.957216
0.0084128 76.1129305
0.0084184 76.2689642
0.008424 76.3919564
0.0084296 76.4850857
0.0084353 76.5783285
0.0084409 76.671685
0.0084465 76.7119447
0.0084522 76.7028778
0.0084578 76.6938119
0.0084634 76.6847472
0.008469 76.6078409
0.0084747 76.4662833
0.0084803 76.3249872
0.0084859 76.1839523
0.0084916 75.9715467
0.0084972 75.6894339
0.0085028 75.4083686
0.0085084 75.1283471
0.0085141 74.7859424
0.0085197 74.3810624
0.0085253 73.9783745
0.008531 73.5778666
0.0085366 73.132746
0.0085422 72.6417058
0.0085478 72.1539627
0.0085535 71.6694945
0.0085591 71.1600771
0.0085647 70.6241039
0.0085704 70.0921676
0.008576 69.5642378
0.0085816 69.0259854
0.0085872 68.4761365
0.0085929 67.9306675
0.0085985 67.3895437
0.0086041 66.8434645
0.0086098 66.291287
0.0086154 65.7436709
0.008621 65.2005785
0.0086266 64.6484128
0.0086323 64.0850576
0.0086379 63.5266116
0.0086435 62.9730319
0.0086492 62.400181
0.0086548 61.8035043
0.0086604 61.2125332
0.008666 60.6272129
0.0086717 60.0117666
0.0086773 59.3582474
0.0086829 58.7118449
0.0086886 58.0724817
0.0086942 57.3967028
0.0086998 56.6733959
0.0087054 55.959204
0.0087111 55.2540123
0.0087167 54.5136566
0.0087223 53.7253281
0.008728 52.9483998
0.0087336 52.1827067
0.0087392 51.3903396
0.0087448 50.5589349
0.0087505 49.7409809
0.0087561 48.9362599
0.0087617 48.1174715
0.0087674 47.2746379
0.008773 46.4465676
0.0087786 45.6330018
0.0087842 44.8178105
0.0087899 43.9943805
0.0087955 43.1860792
0.0088011 42.3926288
0.0088068 41.6062939
0.0088124 40.8234921
0.008818 40.0554183
0.0088236 39.3017954
0.0088293 38.5587502
0.0088349 37.8242499
0.0088405 37.103741
0.0088462 36.3969569
0.0088518 35.6994792
0.0088574 35.0088124
0.008863 34.3315078
0.0088687 33.6673068
0.0088743 33.0084367
0.0088799 32.3502271
0.0088856 31.7051426
0.0088912 31.0729215
0.0088968 30.4418694
0.0089024 29.8044334
0.0089081 29.180345
0.0089137 28.5693246
0.0089193 27.9571646
0.008925 27.333992
0.0089306 26.7247101
0.0089362 26.1290092
0.0089418 25.5326175
0.0089475 24.9248803
0.0089531 24.3316087
0.0089587 23.7524584
0.0089644 23.1754376
0.00897 22.5909412
0.0089756 22.021186
0.0089812 21.4658004
0.0089869 20.9164469
0.0089925 20.3659648
0.0089981 19.8299703
0.0090038 19.3080822
0.0090094 18.7957235
0.009015 18.2886825
0.0090206 17.7953196
0.0090263 17.3152659
0.0090319 16.8467925
0.0090375 16.3882048
0.0090432 15.9421003
0.0090488 15.5081392
0.0090544 15.0860627
0.00906 14.6756245
0.0090657 14.2763529
0.0090713 13.887944
0.0090769 13.5103301
0.0090826 13.1434805
0.0090882 12.7865921
0.0090938 12.4393944
0.0090994 12.1012088
0.0091051 11.7712777
0.0091107 11.4503419
0.0091163 11.1381562
0.009122 10.8332237
0.0091276 10.5336899
0.0091332 10.2424382
0.0091388 9.9592394
0.0091445 9.6820521
0.0091501 9.4081607
0.0091557 9.1420173
0.0091614 8.8834027
0.009167 8.6302377
0.0091726 8.3795854
0.0091782 8.1362128
0.0091839 7.8999087
0.0091895 7.6690309
0.0091951 7.4411436
0.0092008 7.2200281
0.0092064 7.005483
0.009212 6.7965678
0.0092176 6.5918583
0.0092233 6.3933145
0.0092289 6.2007507
0.0092345 6.0139348
0.0092402 5.8326002
0.0092458 5.6567333
0.0092514 5.4861692
0.009257 5.3211986
0.0092627 5.1625133
0.0092683 5.0085602
0.0092739 4.8591983
0.0092795 4.7149788
0.0092852 4.5771482
0.0092908 4.4433468
0.0092964 4.3134567
0.0093021 4.1880577
0.0093077 4.0685222
0.0093133 3.9523985
0.0093189 3.8395892
0.0093246 3.7305622
0.0093302 3.6265081
0.0093358 3.5253563
0.0093415 3.4270259
0.0093471 3.3318367
0.0093527 3.240681
0.0093583 3.1520194
0.009364 3.0657834
0.0093696 2.9821855
0.0093752 2.9018845
0.0093809 2.8237458
0.0093865 2.747711
0.0093921 2.6739594
0.0093977 2.6030878
0.0094034 2.5340947
0.009409 2.4669301
0.0094146 2.4018055
0.0094203 2.3394411
0.0094259 2.2786961
0.0094315 2.2195284
0.0094371 2.1622148
0.0094428 2.1077193
0.0094484 2.0545972
0.009454 2.002814
0.0094597 1.9527094
0.0094653 1.9055128
0.0094709 1.859457
0.0094765 1.8145144
0.0094822 1.7710604
0.0094878 1.7305271
0.0094934 1.6909213
0.0094991 1.6522221
0.0095047 1.6148066
0.0095103 1.5802027
0.0095159 1.5463404
0.0095216 1.5132037
0.0095272 1.4811448
0.0095328 1.4516857
0.0095385 1.4228126
0.0095441 1.3945137
0.0095497 1.3671029
0.0095553 1.3420334
0.009561 1.3174235
0.0095666 1.293265
0.0095722 1.2698334
0.0095779 1.2485004
0.0095835 1.2275257
0.0095891 1.2069034
0.0095947 1.1868795
0.0096004 1.1687722
0.009606 1.1509412
0.0096116 1.1333822
0.0096173 1.116322
0.0096229 1.1010723
0.0096285 1.086031
0.0096341 1.071195
0.0096398 1.0567797
0.0096454 1.0441313
0.009651 1.0316344
0.0096567 1.019287
0.0096623 1.0072952
0.0096679 0.9970606
0.0096735 0.9869301
0.0096792 0.9769024
0.0096848 0.9671732
0.0096904 0.9591961
0.0096961 0.9512849
0.0097017 0.9434388
0.0097073 0.9358401
0.0097129 0.9299758
0.0097186 0.9241482
0.0097242 0.9183572
0.0097298 0.9127688
0.0097355 0.9088838
0.0097411 0.9050154
0.0097467 0.9011634
0.0097523 0.8974775
0.009758 0.8954616
0.0097636 0.8934503
0.0097692 0.8914434
0.0097749 0.889575
0.0097805 0.8893557
0.0097861 0.8891364
0.0097917 0.8889172
0.0097974 0.8888176
0.009803 0.8903674
0.0098086 0.8919199
0.0098143 0.8934751
0.0098199 0.8951394
0.0098255 0.8984736
0.0098311 0.9018202
0.0098368 0.9051792
0.0098424 0.9086441
0.009848 0.9138094
0.0098537 0.9190041
0.0098593 0.9242283
0.0098649 0.929562
0.0098705 0.936625
0.0098762 0.9437417
0.0098818 0.9509124
0.0098874 0.9582034
0.0098931 0.9672464
0.0098987 0.9763747
0.0099043 0.9855892
0.0099099 0.9949425
0.0099156 1.0060734
0.0099212 1.0173288
0.0099268 1.0287101
0.0099325 1.0402575
0.0099381 1.0536326
0.0099437 1.0671797
0.0099493 1.080901
0.009955 1.0948251
0.0099606 1.1106768
0.0099662 1.1267581
0.0099719 1.1430722
0.0099775 1.1596363
0.0099831 1.1782915
0.0099887 1.1972469
0.0099944 1.2165071
0.01 1.2360772
