0.001 0
0.0010056 0
0.0010113 0
0.0010169 0
0.0010225 0
0.0010281 0
0.0010338 0
0.0010394 0
0.001045 0
0.0010507 0
0.0010563 0
0.0010619 0
0.0010675 0
0.0010732 0
0.0010788 0
0.0010844 0
0.0010901 0
0.0010957 0
0.0011013 0
0.0011069 0
0.0011126 0
0.0011182 0
0.0011238 0
0.0011295 0
0.0011351 0
0.0011407 0
0.0011463 0
0.001152 0
0.0011576 0
0.0011632 0
0.0011689 0
0.0011745 0
0.0011801 0
0.0011857 0
0.0011914 0
0.001197 0
0.0012026 0
0.0012083 0
0.0012139 0
0.0012195 0
0.0012251 0
0.0012308 0
0.0012364 0
0.001242 0
0.0012477 0
0.0012533 0
0.0012589 0
0.0012645 0
0.0012702 0
0.0012758 0
0.0012814 0
0.0012871 0
0.0012927 0
0.0012983 0
0.0013039 0
0.0013096 0
0.0013152 0
0.0013208 0
0.0013265 0
0.0013321 0
0.0013377 0
0.0013433 0
0.001349 0
0.0013546 0
0.0013602 0
0.0013659 0
0.0013715 0
0.0013771 0
0.0013827 0
0.0013884 0
0.001394 0
0.0013996 0
0.0014053 0
0.0014109 0
0.0014165 0
0.0014221 0
0.0014278 0
0.0014334 0
0.001439 0
0.0014447 0
0.0014503 0
0.0014559 0
0.0014615 0
0.0014672 0
0.0014728 0
0.0014784 0
0.0014841 0
0.0014897 0
0.0014953 0
0.0015009 0
0.0015066 0
0.0015122 0
0.0015178 0
0.0015235 0
0.0015291 0
0.0015347 0
0.0015403 0
0.001546 0
0.0015516 0
0.0015572 0
0.0015629 0
0.0015685 0
0.0015741 0
0.0015797 0
0.0015854 0
0.001591 0
0.0015966 0
0.0016023 0
0.0016079 0
0.0016135 0
0.0016191 0
0.0016248 0
0.0016304 0
0.001636 0
0.0016417 0
0.0016473 0
0.0016529 0
0.0016585 0
0.0016642 0
0.0016698 0
0.0016754 0
0.0016811 0
0.0016867 0
0.0016923 0
0.0016979 0
0.0017036 0
0.0017092 0
0.0017148 0
0.0017205 0
0.0017261 0
0.0017317 0
0.0017373 0
0.001743 0
0.0017486 0
0.0017542 0
0.0017598 0
0.0017655 0
0.0017711 0
0.0017767 0
0.0017824 0
0.001788 0
0.0017936 0
0.0017992 0
0.0018049 0
0.0018105 0
0.0018161 0
0.0018218 0
0.0018274 0
0.001833 0
0.0018386 0
0.0018443 0
0.0018499 0
0.0018555 0
0.0018612 0
0.0018668 0
0.0018724 0
0.001878 0
0.0018837 0
0.0018893 0
0.0018949 0
0.0019006 0
0.0019062 0
0.0019118 0
0.0019174 0
0.0019231 0
0.0019287 0
0.0019343 0
0.00194 0
0.0019456 0
0.0019512 0
0.0019568 0
0.0019625 0
0.0019681 0
0.0019737 0
0.0019794 0
0.001985 0
0.0019906 0
0.0019962 0
0.0020019 0
0.0020075 0
0.0020131 0
0.0020188 0
0.0020244 0
0.00203 0
0.0020356 0
0.0020413 0
0.0020469 0
0.0020525 0
0.0020582 0
0.0020638 0
0.0020694 0
0.002075 0
0.0020807 0
0.0020863 0
0.0020919 0
0.0020976 0
0.0021032 0
0.0021088 0
0.0021144 0
0.0021201 0
0.0021257 0
0.0021313 0
0.002137 0
0.0021426 0
0.0021482 0
0.0021538 0
0.0021595 0
0.0021651 0
0.0021707 0
0.0021764 0
0.002182 0
0.0021876 0
0.0021932 0
0.0021989 0
0.0022045 0
0.0022101 0
0.0022158 0
0.0022214 0
0.002227 0
0.0022326 0
0.0022383 0
0.0022439 0
0.0022495 0
0.0022552 0
0.0022608 0
0.0022664 0
0.002272 0
0.0022777 0
0.0022833 0
0.0022889 0
0.0022946 0
0.0023002 0
0.0023058 0
0.0023114 0
0.0023171 0
0.0023227 0
0.0023283 0
0.002334 0
0.0023396 0
0.0023452 0
0.0023508 0
0.0023565 0
0.0023621 0
0.0023677 0
0.0023734 0
0.002379 0
0.0023846 0
0.0023902 0
0.0023959 0
0.0024015 0
0.0024071 0
0.0024128 0
0.0024184 0
0.002424 0
0.0024296 0
0.0024353 0
0.0024409 0
0.0024465 0
0.0024522 0
0.0024578 0
0.0024634 0
0.002469 0
0.0024747 0
0.0024803 0
0.0024859 0
0.0024916 0
0.0024972 0
0.0025028 0
0.0025084 0
0.0025141 0
0.0025197 0
0.0025253 0
0.002531 0
0.0025366 0
0.0025422 0
0.0025478 0
0.0025535 0
0.0025591 0
0.0025647 0
0.0025704 0
0.002576 0
0.0025816 0
0.0025872 0
0.0025929 0
0.0025985 0
0.0026041 0
0.0026098 0
0.0026154 0
0.002621 0
0.0026266 0
0.0026323 0
0.0026379 0
0.0026435 0
0.0026492 0
0.0026548 0
0.0026604 0
0.002666 0
0.0026717 0
0.0026773 0
0.0026829 0
0.0026886 0
0.0026942 0
0.0026998 0
0.0027054 0
0.0027111 0
0.0027167 0
0.0027223 0
0.002728 0
0.0027336 0
0.0027392 0
0.0027448 0
0.0027505 0
0.0027561 0
0.0027617 0
0.0027674 0
0.002773 0
0.0027786 0
0.0027842 0
0.0027899 0
0.0027955 0
0.0028011 0
0.0028068 0
0.0028124 0
0.002818 0
0.0028236 0
0.0028293 0
0.0028349 0
0.0028405 0
0.0028462 0
0.0028518 0
0.0028574 0
0.002863 0
0.0028687 0
0.0028743 0
0.0028799 0
0.0028856 0
0.0028912 0
0.0028968 0
0.0029024 0
0.0029081 0
0.0029137 0
0.0029193 0
0.002925 0
0.0029306 0
0.0029362 0
0.0029418 0
0.0029475 0
0.0029531 0
0.0029587 0
0.0029644 0
0.00297 0
0.0029756 0
0.0029812 0
0.0029869 0
0.0029925 0
0.0029981 0
0.0030038 0
0.0030094 0
0.003015 0
0.0030206 0
0.0030263 0
0.0030319 0
0.0030375 0
0.0030432 0
0.0030488 0
0.0030544 0
0.00306 0
0.0030657 0
0.0030713 0
0.0030769 0
0.0030826 0
0.0030882 0
0.0030938 0
0.0030994 0
0.0031051 0
0.0031107 0
0.0031163 0
0.003122 0
0.0031276 0
0.0031332 0
0.0031388 0
0.0031445 0
0.0031501 0
0.0031557 0
0.0031614 0
0.003167 0
0.0031726 0
0.0031782 0
0.0031839 0
0.0031895 0
0.0031951 0
0.0032008 0
0.0032064 0
0.003212 0
0.0032176 0
0.0032233 0
0.0032289 0
0.0032345 0
0.0032402 0
0.0032458 0
0.0032514 0
0.003257 0
0.0032627 0
0.0032683 0
0.0032739 0
0.0032795 0
0.0032852 0
0.0032908 0
0.0032964 0
0.0033021 0
0.0033077 0
0.0033133 0
0.0033189 0
0.0033246 0
0.0033302 0
0.0033358 0
0.0033415 0
0.0033471 0
0.0033527 0
0.0033583 0
0.003364 0
0.0033696 0
0.0033752 0
0.0033809 0
0.0033865 0
0.0033921 0
0.0033977 0
0.0034034 0
0.003409 0
0.0034146 0
0.0034203 0
0.0034259 0
0.0034315 0
0.0034371 0
0.0034428 0
0.0034484 0
0.003454 0
0.0034597 0
0.0034653 0
0.0034709 0
0.0034765 0
0.0034822 0
0.0034878 0
0.0034934 0
0.0034991 0
0.0035047 0
0.0035103 0
0.0035159 0
0.0035216 0
0.0035272 0
0.0035328 0
0.0035385 0
0.0035441 0
0.0035497 0
0.0035553 0
0.003561 0
0.0035666 0
0.0035722 0
0.0035779 0
0.0035835 0
0.0035891 0
0.0035947 0
0.0036004 0
0.003606 0
0.0036116 0
0.0036173 0
0.0036229 0
0.0036285 0
0.0036341 0
0.0036398 0
0.0036454 0
0.003651 0
0.0036567 0
0.0036623 0
0.0036679 0
0.0036735 0
0.0036792 0
0.0036848 0
0.0036904 0
0.0036961 0
0.0037017 0
0.0037073 0
0.0037129 0
0.0037186 0
0.0037242 0
0.0037298 0
0.0037355 0
0.0037411 0
0.0037467 0
0.0037523 0
0.003758 0
0.0037636 0
0.0037692 0
0.0037749 0
0.0037805 0
0.0037861 0
0.0037917 0
0.0037974 0
0.003803 0
0.0038086 0
0.0038143 0
0.0038199 0
0.0038255 0
0.0038311 0
0.0038368 0
0.0038424 0
0.003848 0
0.0038537 0
0.0038593 0
0.0038649 0
0.0038705 0
0.0038762 0
0.0038818 0
0.0038874 0
0.0038931 0
0.0038987 0
0.0039043 0
0.0039099 0
0.0039156 0
0.0039212 0
0.0039268 0
0.0039325 0
0.0039381 0
0.0039437 0
0.0039493 0
0.003955 0
0.0039606 0
0.0039662 0
0.0039719 0
0.0039775 0
0.0039831 0
0.0039887 0
0.0039944 0
0.004 0
0.0040056 0
0.0040113 0
0.0040169 0
0.0040225 0
0.0040281 0
0.0040338 0
0.0040394 0
0.004045 0
0.0040507 0
0.0040563 0
0.0040619 0
0.0040675 0
0.0040732 0
0.0040788 0
0.0040844 0
0.0040901 0
0.0040957 0
0.0041013 0
0.0041069 0
0.0041126 0
0.0041182 0
0.0041238 0
0.0041295 0
0.0041351 0
0.0041407 0
0.0041463 0
0.004152 0
0.0041576 0
0.0041632 0
0.0041689 0
0.0041745 0
0.0041801 0
0.0041857 0
0.0041914 0
0.004197 0
0.0042026 0
0.0042083 0
0.0042139 0
0.0042195 0
0.0042251 0
0.0042308 0
0.0042364 0
0.004242 0
0.0042477 0
0.0042533 0
0.0042589 0
0.0042645 0
0.0042702 0
0.0042758 0
0.0042814 0
0.0042871 0
0.0042927 0
0.0042983 0
0.0043039 0
0.0043096 0
0.0043152 0
0.0043208 0
0.0043265 0
0.0043321 0
0.0043377 0
0.0043433 0
0.004349 0
0.0043546 0
0.0043602 0
0.0043659 0
0.0043715 0
0.0043771 0
0.0043827 0
0.0043884 0
0.004394 0
0.0043996 0
0.0044053 0
0.0044109 0
0.0044165 0
0.0044221 0
0.0044278 0
0.0044334 0
0.004439 0
0.0044447 0
0.0044503 0
0.0044559 0
0.0044615 0
0.0044672 0
0.0044728 0
0.0044784 0
0.0044841 0
0.0044897 0
0.0044953 0
0.0045009 0
0.0045066 0
0.0045122 1e-07
0.0045178 1e-07
0.0045235 1e-07
0.0045291 1e-07
0.0045347 1e-07
0.0045403 1e-07
0.004546 1e-07
0.0045516 1e-07
0.0045572 1e-07
0.0045629 1e-07
0.0045685 1e-07
0.0045741 1e-07
0.0045797 1e-07
0.0045854 1e-07
0.004591 2e-07
0.0045966 2e-07
0.0046023 3e-07
0.0046079 3e-07
0.0046135 4e-07
0.0046191 5e-07
0.0046248 7e-07
0.0046304 8e-07
0.004636 1.1e-06
0.0046417 1.3e-06
0.0046473 1.7e-06
0.0046529 2.1e-06
0.0046585 2.6e-06
0.0046642 3.1e-06
0.0046698 3.8e-06
0.0046754 4.7e-06
0.0046811 5.7e-06
0.0046867 6.9e-06
0.0046923 8.4e-06
0.0046979 1.03e-05
0.0047036 1.27e-05
0.0047092 1.56e-05
0.0047148 1.92e-05
0.0047205 2.37e-05
0.0047261 2.9e-05
0.0047317 3.54e-05
0.0047373 4.31e-05
0.004743 5.26e-05
0.0047486 6.21e-05
0.0047542 7.24e-05
0.0047598 8.45e-05
0.0047655 9.86e-05
0.0047711 0.0001113
0.0047767 0.0001242
0.0047824 0.0001385
0.004788 0.0001546
0.0047936 0.0001721
0.0047992 0.0001916
0.0048049 0.0002133
0.0048105 0.0002374
0.0048161 0.0002726
0.0048218 0.0003166
0.0048274 0.0003678
0.004833 0.0004272
0.0048386 0.0005076
0.0048443 0.0006084
0.0048499 0.0007293
0.0048555 0.0008741
0.0048612 0.0010238
0.0048668 0.001188
0.0048724 0.0013785
0.004878 0.0015995
0.0048837 0.0017589
0.0048893 0.0018916
0.0048949 0.0020342
0.0049006 0.0021876
0.0049062 0.0022802
0.0049118 0.0023449
0.0049174 0.0024114
0.0049231 0.0024799
0.0049287 0.0025824
0.0049343 0.0027043
0.00494 0.002832
0.0049456 0.0029657
0.0049512 0.0031567
0.0049568 0.0033852
0.0049625 0.0036303
0.0049681 0.0038932
0.0049737 0.0040665
0.0049794 0.0041944
0.004985 0.0043262
0.0049906 0.0044622
0.0049962 0.0043575
0.0050019 0.0041417
0.0050075 0.0039366
0.0050131 0.0037416
0.0050188 0.0034883
0.0050244 0.0032202
0.00503 0.0029727
0.0050356 0.0027443
0.0050413 0.0026612
0.0050469 0.0026487
0.0050525 0.0026362
0.0050582 0.0026238
0.0050638 0.0028286
0.0050694 0.0031854
0.005075 0.0035872
0.0050807 0.0040397
0.0050863 0.0048101
0.0050919 0.0059105
0.0050976 0.0072625
0.0051032 0.0089239
0.0051088 0.0113315
0.0051144 0.0146668
0.0051201 0.0189838
0.0051257 0.0245714
0.0051313 0.033792
0.005137 0.0482017
0.0051426 0.068756
0.0051482 0.0980751
0.0051538 0.1557643
0.0051595 0.2644829
0.0051651 0.4490839
0.0051707 0.7625306
0.0051764 1.4257875
0.005182 2.8361578
0.0051876 5.6416478
0.0051932 11.2222915
0.0051989 22.3436822
0.0052045 44.5134618
0.0052101 88.6804716
0.0052158 176.6707359
0.0052214 316.7272162
0.005227 528.3101813
0.0052326 881.2367026
0.0052383 1469.9283745
0.0052439 2173.9751949
0.0052495 2953.7480088
0.0052552 4013.2138213
0.0052608 5452.6943828
0.0052664 6924.2912498
0.005272 8371.2562029
0.0052777 10120.5925468
0.0052833 12235.486648
0.0052889 13799.2990881
0.0052946 14772.6416528
0.0053002 15814.6395703
0.0053058 16930.1354908
0.0053114 15400.5173527
0.0053171 12351.372332
0.0053227 9905.9268589
0.0053283 7944.6545934
0.005334 5089.1049992
0.0053396 2725.0897677
0.0053452 1459.2181225
0.0053508 781.3751878
0.0053565 359.4658854
0.0053621 145.9679086
0.0053677 59.2730248
0.0053734 24.0689306
0.005379 9.2948316
0.0053846 3.4398866
0.0053902 1.2730537
0.0053959 0.4711393
0.0054015 0.1725285
0.0054071 0.0625984
0.0054128 0.0227126
0.0054184 0.0082408
0.005424 0.0030772
0.0054296 0.0011791
0.0054353 0.0004518
0.0054409 0.0001731
0.0054465 7.43e-05
0.0054522 3.54e-05
0.0054578 1.69e-05
0.0054634 8.1e-06
0.005469 4.6e-06
0.0054747 3.2e-06
0.0054803 2.2e-06
0.0054859 1.5e-06
0.0054916 1.2e-06
0.0054972 1.2e-06
0.0055028 1.3e-06
0.0055084 1.3e-06
0.0055141 1.5e-06
0.0055197 2.1e-06
0.0055253 2.9e-06
0.005531 4.1e-06
0.0055366 6.4e-06
0.0055422 1.11e-05
0.0055478 1.94e-05
0.0055535 3.39e-05
0.0055591 6.31e-05
0.0055647 0.0001258
0.0055704 0.000251
0.005576 0.0005005
0.0055816 0.0010252
0.0055872 0.0021637
0.0055929 0.0045666
0.0055985 0.0096378
0.0056041 0.0202274
0.0056098 0.0421813
0.0056154 0.087963
0.005621 0.183434
0.0056266 0.3690914
0.0056323 0.7119713
0.0056379 1.373381
0.0056435 2.6492295
0.0056492 4.8161172
0.0056548 8.1459931
0.0056604 13.7781538
0.005666 23.3044049
0.0056717 36.5893554
0.0056773 52.3265011
0.0056829 74.8322207
0.0056886 107.0176895
0.0056942 140.6236622
0.0056998 165.6233057
0.0057054 195.0673092
0.0057111 229.7457773
0.0057167 248.4250253
0.0057223 239.6934472
0.005728 231.2687643
0.0057336 223.14019
0.0057392 201.628628
0.0057448 166.4783493
0.0057505 137.4558815
0.0057561 113.4929523
0.0057617 90.7335297
0.0057674 69.2951337
0.005773 52.9221731
0.0057786 40.4177934
0.0057842 30.5249395
0.0057899 22.6797194
0.0057955 16.8508007
0.0058011 12.5199734
0.0058068 9.1994588
0.0058124 6.6472139
0.005818 4.8030491
0.0058236 3.4705188
0.0058293 2.4939389
0.0058349 1.7768903
0.0058405 1.266005
0.0058462 0.9020076
0.0058518 0.661693
0.0058574 0.5087176
0.005863 0.3911082
0.0058687 0.3006887
0.0058743 0.2470041
0.0058799 0.2264873
0.0058856 0.2076747
0.0058912 0.1904247
0.0058968 0.1853285
0.0059024 0.1997678
0.0059081 0.2153322
0.0059137 0.2321092
0.0059193 0.2530797
0.005925 0.2816074
0.0059306 0.3133507
0.0059362 0.3486722
0.0059418 0.3812298
0.0059475 0.4036625
0.0059531 0.4274152
0.0059587 0.4525656
0.0059644 0.4807251
0.00597 0.5137233
0.0059756 0.5489865
0.0059812 0.5866703
0.0059869 0.6459781
0.0059925 0.7541306
0.0059981 0.8803905
0.0060038 1.0277895
0.0060094 1.225108
0.006015 1.5231158
0.0060206 1.8936141
0.0060263 2.3542361
0.0060319 2.8929593
0.0060375 3.469212
0.0060432 4.1602493
0.0060488 4.9889353
0.0060544 5.8342087
0.00606 6.4611243
0.0060657 7.1554052
0.0060713 7.9242902
0.0060769 8.7217048
0.0060826 9.4671059
0.0060882 10.2762129
0.0060938 11.1544702
0.0060994 12.3107005
0.0061051 14.1220697
0.0061107 16.1999598
0.0061163 18.5835861
0.006122 21.6301809
0.0061276 26.0742394
0.0061332 31.4313581
0.0061388 37.8891309
0.0061445 45.1210613
0.0061501 52.1226972
0.0061557 60.2108082
0.0061614 69.5539873
0.006167 77.2505303
0.0061726 77.4811412
0.0061782 77.7124405
0.0061839 77.9444303
0.0061895 74.716589
0.0061951 63.3970768
0.0062008 53.7924629
0.0062064 45.6429415
0.006212 37.568559
0.0062176 28.3995757
0.0062233 21.4683747
0.0062289 16.2288027
0.0062345 12.1474722
0.0062402 8.8348676
0.0062458 6.4256072
0.0062514 4.67335
0.006257 3.4157178
0.0062627 2.534073
0.0062683 1.8799931
0.0062739 1.3947404
0.0062795 1.0483224
0.0062852 0.821059
0.0062908 0.6430636
0.0062964 0.5036553
0.0063021 0.4014869
0.0063077 0.3391629
0.0063133 0.2865136
0.0063189 0.2420372
0.0063246 0.2085195
0.0063302 0.1921714
0.0063358 0.1771051
0.0063415 0.1632199
0.0063471 0.1531677
0.0063527 0.1533623
0.0063583 0.1535572
0.006364 0.1537523
0.0063696 0.1561966
0.0063752 0.1675488
0.0063809 0.1797261
0.0063865 0.1927884
0.0063921 0.2093237
0.0063977 0.2383618
0.0064034 0.2714281
0.006409 0.3090815
0.0064146 0.3561995
0.0064203 0.4312429
0.0064259 0.5220964
0.0064315 0.6320907
0.0064371 0.7738099
0.0064428 0.9938901
0.0064484 1.2765636
0.006454 1.6396327
0.0064597 2.1154307
0.0064653 2.7854725
0.0064709 3.6677433
0.0064765 4.8294646
0.0064822 6.2946051
0.0064878 7.8135496
0.0064934 9.699029
0.0064991 12.0394915
0.0065047 14.5292665
0.0065103 15.2090113
0.0065159 15.9205577
0.0065216 16.6653934
0.0065272 16.7864212
0.0065328 13.7706789
0.0065385 11.2967257
0.0065441 9.2672274
0.0065497 7.3498999
0.0065553 4.8167293
0.006561 3.1566255
0.0065666 2.0686827
0.0065722 1.3277304
0.0065779 0.7519644
0.0065835 0.4258775
0.0065891 0.2411971
0.0065947 0.1349731
0.0066004 0.0699556
0.006606 0.0362575
0.0066116 0.018792
0.0066173 0.0096631
0.0066229 0.0047081
0.0066285 0.0022939
0.0066341 0.0011177
0.0066398 0.0005441
0.0066454 0.0002632
0.006651 0.0001274
0.0066567 6.16e-05
0.0066623 3.01e-05
0.0066679 1.57e-05
0.0066735 8.2e-06
0.0066792 4.3e-06
0.0066848 2.3e-06
0.0066904 1.3e-06
0.0066961 8e-07
0.0067017 4e-07
0.0067073 3e-07
0.0067129 2e-07
0.0067186 1e-07
0.0067242 1e-07
0.0067298 0
0.0067355 0
0.0067411 0
0.0067467 0
0.0067523 0
0.006758 0
0.0067636 0
0.0067692 0
0.0067749 0
0.0067805 0
0.0067861 0
0.0067917 0
0.0067974 0
0.006803 0
0.0068086 0
0.0068143 0
0.0068199 0
0.0068255 0
0.0068311 0
0.0068368 0
0.0068424 0
0.006848 0
0.0068537 0
0.0068593 0
0.0068649 0
0.0068705 0
0.0068762 0
0.0068818 0
0.0068874 0
0.0068931 0
0.0068987 0
0.0069043 0
0.0069099 0
0.0069156 0
0.0069212 0
0.0069268 0
0.0069325 0
0.0069381 0
0.0069437 0
0.0069493 0
0.006955 0
0.0069606 0
0.0069662 0
0.0069719 0
0.0069775 0
0.0069831 0
0.0069887 0
0.0069944 0
0.007 0
0.0070056 0
0.0070113 0
0.0070169 0
0.0070225 0
0.0070281 0
0.0070338 0
0.0070394 0
0.007045 0
0.0070507 0
0.0070563 0
0.0070619 0
0.0070675 0
0.0070732 0
0.0070788 0
0.0070844 0
0.0070901 0
0.0070957 0
0.0071013 0
0.0071069 0
0.0071126 0
0.0071182 0
0.0071238 0
0.0071295 0
0.0071351 0
0.0071407 0
0.0071463 0
0.007152 0
0.0071576 0
0.0071632 0
0.0071689 0
0.0071745 0
0.0071801 0
0.0071857 0
0.0071914 0
0.007197 0
0.0072026 0
0.0072083 0
0.0072139 0
0.0072195 0
0.0072251 0
0.0072308 0
0.0072364 0
0.007242 0
0.0072477 0
0.0072533 0
0.0072589 0
0.0072645 0
0.0072702 0
0.0072758 0
0.0072814 0
0.0072871 0
0.0072927 0
0.0072983 0
0.0073039 0
0.0073096 0
0.0073152 0
0.0073208 0
0.0073265 0
0.0073321 0
0.0073377 0
0.0073433 0
0.007349 0
0.0073546 0
0.0073602 0
0.0073659 0
0.0073715 0
0.0073771 0
0.0073827 0
0.0073884 0
0.007394 0
0.0073996 0
0.0074053 0
0.0074109 0
0.0074165 0
0.0074221 0
0.0074278 0
0.0074334 0
0.007439 0
0.0074447 0
0.0074503 0
0.0074559 0
0.0074615 0
0.0074672 0
0.0074728 0
0.0074784 0
0.0074841 0
0.0074897 0
0.0074953 0
0.0075009 0
0.0075066 0
0.0075122 0
0.0075178 0
0.0075235 0
0.0075291 0
0.0075347 0
0.0075403 0
0.007546 0
0.0075516 0
0.0075572 0
0.0075629 0
0.0075685 0
0.0075741 0
0.0075797 0
0.0075854 0
0.007591 0
0.0075966 0
0.0076023 0
0.0076079 0
0.0076135 0
0.0076191 0
0.0076248 0
0.0076304 0
0.007636 0
0.0076417 0
0.0076473 0
0.0076529 0
0.0076585 0
0.0076642 0
0.0076698 0
0.0076754 0
0.0076811 0
0.0076867 0
0.0076923 0
0.0076979 0
0.0077036 0
0.0077092 0
0.0077148 0
0.0077205 0
0.0077261 0
0.0077317 0
0.0077373 0
0.007743 0
0.0077486 0
0.0077542 0
0.0077598 0
0.0077655 0
0.0077711 0
0.0077767 0
0.0077824 0
0.007788 0
0.0077936 0
0.0077992 0
0.0078049 0
0.0078105 0
0.0078161 0
0.0078218 0
0.0078274 0
0.007833 0
0.0078386 0
0.0078443 0
0.0078499 0
0.0078555 0
0.0078612 0
0.0078668 0
0.0078724 0
0.007878 0
0.0078837 0
0.0078893 0
0.0078949 0
0.0079006 0
0.0079062 0
0.0079118 0
0.0079174 0
0.0079231 0
0.0079287 0
0.0079343 0
0.00794 0
0.0079456 0
0.0079512 0
0.0079568 0
0.0079625 0
0.0079681 0
0.0079737 0
0.0079794 0
0.007985 0
0.0079906 0
0.0079962 0
0.0080019 0
0.0080075 0
0.0080131 0
0.0080188 0
0.0080244 0
0.00803 0
0.0080356 0
0.0080413 0
0.0080469 0
0.0080525 0
0.0080582 0
0.0080638 0
0.0080694 0
0.008075 0
0.0080807 0
0.0080863 0
0.0080919 0
0.0080976 0
0.0081032 0
0.0081088 0
0.0081144 0
0.0081201 0
0.0081257 0
0.0081313 0
0.008137 0
0.0081426 0
0.0081482 0
0.0081538 0
0.0081595 0
0.0081651 0
0.0081707 0
0.0081764 0
0.008182 0
0.0081876 0
0.0081932 0
0.0081989 0
0.0082045 0
0.0082101 0
0.0082158 0
0.0082214 0
0.008227 0
0.0082326 0
0.0082383 0
0.0082439 0
0.0082495 0
0.0082552 0
0.0082608 0
0.0082664 1e-07
0.008272 6e-07
0.0082777 2.4e-06
0.0082833 1.03e-05
0.0082889 4.14e-05
0.0082946 0.0001605
0.0083002 0.000622
0.0083058 0.0024106
0.0083114 0.0071528
0.0083171 0.0172636
0.0083227 0.0416667
0.0083283 0.1005647
0.008334 0.1891163
0.0083396 0.2914783
0.0083452 0.4492455
0.0083508 0.6924065
0.0083565 0.9440676
0.0083621 1.1638308
0.0083677 1.4347514
0.0083734 1.7687377
0.008379 1.9740469
0.0083846 2.025152
0.0083902 2.0775802
0.0083959 2.1313656
0.0084015 1.8422262
0.0084071 1.371026
0.0084128 1.0203483
0.0084184 0.759366
0.008424 0.4711465
0.0084296 0.2481777
0.0084353 0.1307282
0.0084409 0.0688614
0.0084465 0.0337745
0.0084522 0.0155044
0.0084578 0.0071174
0.0084634 0.0032673
0.008469 0.0015637
0.0084747 0.0007788
0.0084803 0.0003878
0.0084859 0.0001932
0.0084916 0.000103
0.0084972 5.88e-05
0.0085028 3.36e-05
0.0085084 1.91e-05
0.0085141 1.15e-05
0.0085197 7.2e-06
0.0085253 4.6e-06
0.008531 2.9e-06
0.0085366 1.9e-06
0.0085422 1.4e-06
0.0085478 1e-06
0.0085535 7e-07
0.0085591 6e-07
0.0085647 5e-07
0.0085704 5e-07
0.008576 4e-07
0.0085816 4e-07
0.0085872 5e-07
0.0085929 7e-07
0.0085985 8e-07
0.0086041 1.1e-06
0.0086098 1.7e-06
0.0086154 2.7e-06
0.008621 4.1e-06
0.0086266 6.7e-06
0.0086323 1.13e-05
0.0086379 1.91e-05
0.0086435 3.23e-05
0.0086492 5.36e-05
0.0086548 8.68e-05
0.0086604 0.0001405
0.008666 0.0002274
0.0086717 0.0003527
0.0086773 0.0005189
0.0086829 0.0007632
0.0086886 0.0011227
0.0086942 0.0015726
0.0086998 0.0020678
0.0087054 0.002719
0.0087111 0.0035753
0.0087167 0.0043568
0.0087223 0.0047973
0.008728 0.0052823
0.0087336 0.0058163
0.0087392 0.0057046
0.0087448 0.0047723
0.0087505 0.0039923
0.0087561 0.0033399
0.0087617 0.0024805
0.0087674 0.0015561
0.008773 0.0009762
0.0087786 0.0006124
0.0087842 0.0003609
0.0087899 0.0001942
0.0087955 0.0001045
0.0088011 5.62e-05
0.0088068 3.02e-05
0.0088124 1.63e-05
0.008818 8.7e-06
0.0088236 4.7e-06
0.0088293 2.5e-06
0.0088349 1.4e-06
0.0088405 8e-07
0.0088462 4e-07
0.0088518 2e-07
0.0088574 1e-07
0.008863 1e-07
0.0088687 0
0.0088743 0
0.0088799 0
0.0088856 0
0.0088912 0
0.0088968 0
0.0089024 0
0.0089081 0
0.0089137 0
0.0089193 0
0.008925 0
0.0089306 0
0.0089362 0
0.0089418 0
0.0089475 0
0.0089531 0
0.0089587 0
0.0089644 0
0.00897 0
0.0089756 0
0.0089812 0
0.0089869 0
0.0089925 0
0.0089981 0
0.0090038 0
0.0090094 0
0.009015 0
0.0090206 0
0.0090263 0
0.0090319 0
0.0090375 0
0.0090432 0
0.0090488 0
0.0090544 0
0.00906 0
0.0090657 0
0.0090713 0
0.0090769 0
0.0090826 0
0.0090882 0
0.0090938 0
0.0090994 0
0.0091051 0
0.0091107 0
0.0091163 0
0.009122 0
0.0091276 0
0.0091332 0
0.0091388 0
0.0091445 0
0.0091501 0
0.0091557 0
0.0091614 0
0.009167 0
0.0091726 0
0.0091782 0
0.0091839 0
0.0091895 0
0.0091951 0
0.0092008 0
0.0092064 0
0.009212 0
0.0092176 0
0.0092233 0
0.0092289 0
0.0092345 0
0.0092402 0
0.0092458 0
0.0092514 0
0.009257 0
0.0092627 0
0.0092683 0
0.0092739 0
0.0092795 0
0.0092852 0
0.0092908 0
0.0092964 0
0.0093021 0
0.0093077 0
0.0093133 0
0.0093189 0
0.0093246 0
0.0093302 0
0.0093358 0
0.0093415 0
0.0093471 0
0.0093527 0
0.0093583 0
0.009364 0
0.0093696 0
0.0093752 0
0.0093809 0
0.0093865 0
0.0093921 0
0.0093977 0
0.0094034 0
0.009409 0
0.0094146 0
0.0094203 0
0.0094259 0
0.0094315 0
0.0094371 0
0.0094428 0
0.0094484 0
0.009454 0
0.0094597 0
0.0094653 0
0.0094709 0
0.0094765 0
0.0094822 0
0.0094878 0
0.0094934 0
0.0094991 0
0.0095047 0
0.0095103 0
0.0095159 0
0.0095216 0
0.0095272 0
0.0095328 0
0.0095385 0
0.0095441 0
0.0095497 0
0.0095553 0
0.009561 0
0.0095666 0
0.0095722 0
0.0095779 0
0.0095835 0
0.0095891 0
0.0095947 0
0.0096004 0
0.009606 0
0.0096116 0
0.0096173 0
0.0096229 0
0.0096285 0
0.0096341 0
0.0096398 0
0.0096454 0
0.009651 0
0.0096567 0
0.0096623 0
0.0096679 0
0.0096735 0
0.0096792 0
0.0096848 0
0.0096904 0
0.0096961 0
0.0097017 0
0.0097073 0
0.0097129 0
0.0097186 0
0.0097242 0
0.0097298 0
0.0097355 0
0.0097411 0
0.0097467 0
0.0097523 0
0.009758 0
0.0097636 0
0.0097692 0
0.0097749 0
0.0097805 0
0.0097861 0
0.0097917 0
0.0097974 0
0.009803 0
0.0098086 0
0.0098143 0
0.0098199 0
0.0098255 0
0.0098311 0
0.0098368 0
0.0098424 0
0.009848 0
0.0098537 0
0.0098593 0
0.0098649 0
0.0098705 0
0.0098762 0
0.0098818 0
0.0098874 0
0.0098931 0
0.0098987 0
0.0099043 0
0.0099099 0
0.0099156 0
0.0099212 0
0.0099268 0
0.0099325 0
0.0099381 0
0.0099437 0
0.0099493 0
0.009955 0
0.0099606 0
0.0099662 0
0.0099719 0
0.0099775 0
0.0099831 0
0.0099887 0
0.0099944 0
0.01 0
