0.001 3e-07
0.0010056 3e-07
0.0010113 4e-07
0.0010169 4e-07
0.0010225 4e-07
0.0010281 4e-07
0.0010338 4e-07
0.0010394 4e-07
0.001045 5e-07
0.0010507 5e-07
0.0010563 5e-07
0.0010619 5e-07
0.0010675 6e-07
0.0010732 6e-07
0.0010788 6e-07
0.0010844 6e-07
0.0010901 7e-07
0.0010957 7e-07
0.0011013 7e-07
0.0011069 8e-07
0.0011126 8e-07
0.0011182 8e-07
0.0011238 8e-07
0.0011295 9e-07
0.0011351 9e-07
0.0011407 9e-07
0.0011463 9e-07
0.001152 9e-07
0.0011576 9e-07
0.0011632 9e-07
0.0011689 9e-07
0.0011745 9e-07
0.0011801 9e-07
0.0011857 9e-07
0.0011914 9e-07
0.001197 8e-07
0.0012026 8e-07
0.0012083 8e-07
0.0012139 8e-07
0.0012195 8e-07
0.0012251 7e-07
0.0012308 7e-07
0.0012364 7e-07
0.001242 7e-07
0.0012477 7e-07
0.0012533 6e-07
0.0012589 6e-07
0.0012645 6e-07
0.0012702 6e-07
0.0012758 6e-07
0.0012814 6e-07
0.0012871 6e-07
0.0012927 5e-07
0.0012983 5e-07
0.0013039 5e-07
0.0013096 5e-07
0.0013152 5e-07
0.0013208 5e-07
0.0013265 5e-07
0.0013321 5e-07
0.0013377 5e-07
0.0013433 5e-07
0.001349 5e-07
0.0013546 5e-07
0.0013602 5e-07
0.0013659 5e-07
0.0013715 5e-07
0.0013771 5e-07
0.0013827 6e-07
0.0013884 6e-07
0.001394 6e-07
0.0013996 6e-07
0.0014053 6e-07
0.0014109 6e-07
0.0014165 6e-07
0.0014221 6e-07
0.0014278 6e-07
0.0014334 6e-07
0.001439 6e-07
0.0014447 6e-07
0.0014503 6e-07
0.0014559 6e-07
0.0014615 6e-07
0.0014672 5e-07
0.0014728 5e-07
0.0014784 5e-07
0.0014841 5e-07
0.0014897 5e-07
0.0014953 5e-07
0.0015009 5e-07
0.0015066 5e-07
0.0015122 5e-07
0.0015178 5e-07
0.0015235 5e-07
0.0015291 5e-07
0.0015347 4e-07
0.0015403 4e-07
0.001546 4e-07
0.0015516 4e-07
0.0015572 4e-07
0.0015629 4e-07
0.0015685 4e-07
0.0015741 4e-07
0.0015797 4e-07
0.0015854 4e-07
0.001591 4e-07
0.0015966 4e-07
0.0016023 4e-07
0.0016079 4e-07
0.0016135 4e-07
0.0016191 4e-07
0.0016248 3e-07
0.0016304 3e-07
0.001636 3e-07
0.0016417 3e-07
0.0016473 3e-07
0.0016529 3e-07
0.0016585 3e-07
0.0016642 3e-07
0.0016698 3e-07
0.0016754 3e-07
0.0016811 3e-07
0.0016867 3e-07
0.0016923 3e-07
0.0016979 3e-07
0.0017036 3e-07
0.0017092 3e-07
0.0017148 3e-07
0.0017205 3e-07
0.0017261 3e-07
0.0017317 3e-07
0.0017373 3e-07
0.001743 3e-07
0.0017486 3e-07
0.0017542 3e-07
0.0017598 3e-07
0.0017655 3e-07
0.0017711 3e-07
0.0017767 3e-07
0.0017824 3e-07
0.001788 3e-07
0.0017936 3e-07
0.0017992 3e-07
0.0018049 3e-07
0.0018105 3e-07
0.0018161 3e-07
0.0018218 3e-07
0.0018274 3e-07
0.001833 3e-07
0.0018386 3e-07
0.0018443 3e-07
0.0018499 3e-07
0.0018555 3e-07
0.0018612 3e-07
0.0018668 3e-07
0.0018724 3e-07
0.001878 3e-07
0.0018837 3e-07
0.0018893 3e-07
0.0018949 3e-07
0.0019006 3e-07
0.0019062 3e-07
0.0019118 3e-07
0.0019174 3e-07
0.0019231 3e-07
0.0019287 3e-07
0.0019343 3e-07
0.00194 3e-07
0.0019456 3e-07
0.0019512 3e-07
0.0019568 3e-07
0.0019625 3e-07
0.0019681 3e-07
0.0019737 3e-07
0.0019794 3e-07
0.001985 3e-07
0.0019906 3e-07
0.0019962 3e-07
0.0020019 3e-07
0.0020075 3e-07
0.0020131 4e-07
0.0020188 4e-07
0.0020244 4e-07
0.00203 4e-07
0.0020356 4e-07
0.0020413 4e-07
0.0020469 4e-07
0.0020525 4e-07
0.0020582 4e-07
0.0020638 4e-07
0.0020694 5e-07
0.002075 5e-07
0.0020807 5e-07
0.0020863 5e-07
0.0020919 5e-07
0.0020976 6e-07
0.0021032 6e-07
0.0021088 6e-07
0.0021144 6e-07
0.0021201 6e-07
0.0021257 7e-07
0.0021313 7e-07
0.002137 7e-07
0.0021426 8e-07
0.0021482 8e-07
0.0021538 9e-07
0.0021595 9e-07
0.0021651 1e-06
0.0021707 1.1e-06
0.0021764 1.1e-06
0.002182 1.2e-06
0.0021876 1.3e-06
0.0021932 1.4e-06
0.0021989 1.5e-06
0.0022045 1.6e-06
0.0022101 1.7e-06
0.0022158 1.9e-06
0.0022214 2.1e-06
0.002227 2.3e-06
0.0022326 2.5e-06
0.0022383 2.7e-06
0.0022439 3e-06
0.0022495 3.3e-06
0.0022552 3.7e-06
0.0022608 4.1e-06
0.0022664 4.5e-06
0.002272 5.1e-06
0.0022777 5.7e-06
0.0022833 6.4e-06
0.0022889 7.2e-06
0.0022946 8.2e-06
0.0023002 9.4e-06
0.0023058 1.06e-05
0.0023114 1.22e-05
0.0023171 1.4e-05
0.0023227 1.61e-05
0.0023283 1.85e-05
0.002334 2.14e-05
0.0023396 2.49e-05
0.0023452 2.9e-05
0.0023508 3.38e-05
0.0023565 3.96e-05
0.0023621 4.67e-05
0.0023677 5.5e-05
0.0023734 6.49e-05
0.002379 7.69e-05
0.0023846 9.18e-05
0.0023902 0.0001095
0.0023959 0.0001306
0.0024015 0.0001567
0.0024071 0.0001892
0.0024128 0.0002284
0.0024184 0.0002757
0.002424 0.0003349
0.0024296 0.0004092
0.0024353 0.0004999
0.0024409 0.0006108
0.0024465 0.0007508
0.0024522 0.0009281
0.0024578 0.0011474
0.0024634 0.0014183
0.002469 0.0017631
0.0024747 0.0022033
0.0024803 0.0027533
0.0024859 0.0034408
0.0024916 0.0043194
0.0024972 0.0054468
0.0025028 0.0068685
0.0025084 0.0086613
0.0025141 0.010955
0.0025197 0.0138988
0.0025253 0.0176337
0.002531 0.0223721
0.0025366 0.0284124
0.0025422 0.0361214
0.0025478 0.0459221
0.0025535 0.0583819
0.0025591 0.0741249
0.0025647 0.0939797
0.0025704 0.1191528
0.002576 0.1510686
0.0025816 0.190843
0.0025872 0.2401241
0.0025929 0.302131
0.0025985 0.3801499
0.0026041 0.4756991
0.0026098 0.5915369
0.0026154 0.7355825
0.002621 0.9147048
0.0026266 1.1299842
0.0026323 1.3851293
0.0026379 1.6978849
0.0026435 2.0812592
0.0026492 2.534112
0.0026548 3.0603767
0.0026604 3.6959318
0.002666 4.4634741
0.0026717 5.3581982
0.0026773 6.3840952
0.0026829 7.6064136
0.0026886 9.0627608
0.0026942 10.746635
0.0026998 12.6651275
0.0027054 14.9261099
0.0027111 17.5907236
0.0027167 20.6581193
0.0027223 24.1467047
0.002728 28.2244156
0.0027336 32.9907393
0.0027392 38.4569871
0.0027448 44.661225
0.0027505 51.866388
0.0027561 60.2339549
0.0027617 69.7678847
0.0027674 80.5102745
0.002773 92.9067053
0.0027786 107.2118551
0.0027842 123.3205988
0.0027899 141.1809155
0.0027955 161.627912
0.0028011 185.0362129
0.0028068 210.9205542
0.0028124 238.8614496
0.002818 270.5037084
0.0028236 306.3376547
0.0028293 344.9860719
0.0028349 385.1445956
0.0028405 429.9778212
0.0028462 480.029913
0.0028518 532.3428875
0.0028574 584.0544344
0.002863 640.7892177
0.0028687 703.035192
0.0028743 765.705226
0.0028799 823.8948721
0.0028856 886.5066311
0.0028912 953.8765607
0.0028968 1018.8602618
0.0029024 1074.6631831
0.0029081 1133.5224272
0.0029137 1195.605389
0.0029193 1252.6524982
0.002925 1296.9145771
0.0029306 1342.7406426
0.0029362 1390.1859576
0.0029418 1431.3636477
0.0029475 1458.9111782
0.0029531 1486.9888789
0.0029587 1515.6069533
0.0029644 1538.5615542
0.00297 1550.0020775
0.0029756 1561.5276709
0.0029812 1573.138967
0.0029869 1580.8874661
0.0029925 1580.9418909
0.0029981 1580.9963176
0.0030038 1581.0507461
0.0030094 1579.1846935
0.003015 1573.4479346
0.0030206 1567.7320159
0.0030263 1562.0368616
0.0030319 1555.7504704
0.0030375 1548.2145338
0.0030432 1540.7151007
0.0030488 1533.2519943
0.0030544 1525.6850959
0.00306 1517.8538728
0.0030657 1510.0628467
0.0030713 1502.3118113
0.0030769 1494.2432819
0.0030826 1485.421001
0.0030882 1476.6508083
0.0030938 1467.9323965
0.0030994 1458.2783101
0.0031051 1446.4102501
0.0031107 1434.6387771
0.0031163 1422.9631052
0.003122 1409.6596972
0.0031276 1392.3757537
0.0031332 1375.3037299
0.0031388 1358.4410275
0.0031445 1339.4884005
0.0031501 1315.1555481
0.0031557 1291.264721
0.0031614 1267.8078894
0.003167 1242.2425422
0.0031726 1210.7725581
0.0031782 1180.0998095
0.0031839 1150.2041
0.0031895 1118.6764903
0.0031951 1081.7764344
0.0032008 1046.0935437
0.0032064 1011.5876695
0.003212 976.282443
0.0032176 936.9932947
0.0032233 899.2852843
0.0032289 863.0947811
0.0032345 827.0254529
0.0032402 788.749732
0.0032458 752.245457
0.0032514 717.4306432
0.003257 683.4802538
0.0032627 648.9851366
0.0032683 616.2309813
0.0032739 585.129922
0.0032795 555.3123867
0.0032852 526.1581269
0.0032908 498.5344846
0.0032964 472.3611014
0.0033021 447.5673961
0.0033077 424.0924139
0.0033133 401.8486984
0.0033189 380.7716693
0.0033246 360.9450037
0.0033302 342.6226142
0.0033358 325.230311
0.0033415 308.7208805
0.0033471 293.2256259
0.0033527 279.1088331
0.0033583 265.6716666
0.003364 252.881407
0.0033696 240.8529158
0.0033752 229.9187979
0.0033809 219.4810615
0.0033865 209.5171721
0.0033921 200.0965724
0.0033977 191.4409602
0.0034034 183.1597653
0.003409 175.2367915
0.0034146 167.6911453
0.0034203 160.6067538
0.0034259 153.8216543
0.0034315 147.3232026
0.0034371 141.0892204
0.0034428 135.0773824
0.0034484 129.32171
0.003454 123.8112878
0.0034597 118.4978974
0.0034653 113.2485076
0.0034709 108.2316628
0.0034765 103.4370614
0.0034822 98.8063291
0.0034878 94.1615178
0.0034934 89.7350557
0.0034991 85.5166782
0.0035047 81.4507264
0.0035103 77.3580033
0.0035159 73.4709307
0.0035216 69.779175
0.0035272 66.2377934
0.0035328 62.6985951
0.0035385 59.3485022
0.0035441 56.1774105
0.0035497 53.1540734
0.0035553 50.1776906
0.003561 47.3679716
0.0035666 44.7155839
0.0035722 42.2020941
0.0035779 39.7754368
0.0035835 37.4883144
0.0035891 35.3327036
0.0035947 33.2999693
0.0036004 31.3777207
0.003606 29.5664344
0.0036116 27.859705
0.0036173 26.2551305
0.0036229 24.766349
0.0036285 23.361988
0.0036341 22.0372605
0.0036398 20.7929061
0.0036454 19.6551128
0.003651 18.5795798
0.0036567 17.5629003
0.0036623 16.6067729
0.0036679 15.7393355
0.0036735 14.9172078
0.0036792 14.138023
0.0036848 13.4031805
0.0036904 12.7359207
0.0036961 12.1018796
0.0037017 11.4994034
0.0037073 10.9290657
0.0037129 10.4058521
0.0037186 9.9076867
0.0037242 9.4333702
0.0037298 8.9826079
0.0037355 8.5615206
0.0037411 8.1601731
0.0037467 7.77764
0.0037523 7.4129748
0.003758 7.0647256
0.0037636 6.7328366
0.0037692 6.4165391
0.0037749 6.1145409
0.0037805 5.8201974
0.0037861 5.5400232
0.0037917 5.273336
0.0037974 5.0187788
0.003803 4.7672375
0.0038086 4.5283035
0.0038143 4.3013448
0.0038199 4.0851357
0.0038255 3.8705227
0.0038311 3.6671845
0.0038368 3.4745286
0.0038424 3.2915568
0.003848 3.1107756
0.0038537 2.9399235
0.0038593 2.778455
0.0038649 2.625614
0.0038705 2.4763692
0.0038762 2.3356078
0.0038818 2.2028475
0.0038874 2.077541
0.0038931 1.9571272
0.0038987 1.8436926
0.0039043 1.7368326
0.0039099 1.636158
0.0039156 1.5410693
0.0039212 1.4515069
0.0039268 1.3671496
0.0039325 1.2877183
0.0039381 1.21386
0.0039437 1.1442379
0.0039493 1.078609
0.003955 1.0167679
0.0039606 0.9599256
0.0039662 0.906261
0.0039719 0.8555966
0.0039775 0.807776
0.0039831 0.7640546
0.0039887 0.7226997
0.0039944 0.6835831
0.004 0.6465837
0.0040056 0.6126798
0.0040113 0.5805536
0.0040169 0.5501119
0.0040225 0.5212665
0.0040281 0.4945608
0.0040338 0.4692277
0.0040394 0.4451923
0.004045 0.4223881
0.0040507 0.4009389
0.0040563 0.3805817
0.0040619 0.3612581
0.0040675 0.3429156
0.0040732 0.3253563
0.0040788 0.3086929
0.0040844 0.2928829
0.0040901 0.2778826
0.0040957 0.2633045
0.0041013 0.249481
0.0041069 0.2363833
0.0041126 0.2239731
0.0041182 0.2118024
0.0041238 0.2002778
0.0041295 0.1893803
0.0041351 0.1790757
0.0041407 0.1689547
0.0041463 0.1593888
0.004152 0.1503646
0.0041576 0.1418513
0.0041632 0.1335359
0.0041689 0.1256931
0.0041745 0.1183109
0.0041801 0.1113622
0.0041857 0.1046473
0.0041914 0.0983268
0.004197 0.092388
0.0042026 0.0868079
0.0042083 0.081487
0.0042139 0.076487
0.0042195 0.0717938
0.0042251 0.0673885
0.0042308 0.0632444
0.0042364 0.0593544
0.004242 0.0557037
0.0042477 0.0522775
0.0042533 0.0490916
0.0042589 0.0461022
0.0042645 0.0432949
0.0042702 0.0406586
0.0042758 0.0382264
0.0042814 0.0359438
0.0042871 0.0337975
0.0042927 0.0317793
0.0042983 0.0299234
0.0043039 0.0281801
0.0043096 0.0265384
0.0043152 0.0249923
0.0043208 0.0235678
0.0043265 0.0222279
0.0043321 0.0209642
0.0043377 0.0197724
0.0043433 0.018667
0.004349 0.0176257
0.0043546 0.0166425
0.0043602 0.0157141
0.0043659 0.0148449
0.0043715 0.0140248
0.0043771 0.0132499
0.0043827 0.0125179
0.0043884 0.0118255
0.004394 0.0111713
0.0043996 0.0105533
0.0044053 0.0099695
0.0044109 0.0094128
0.0044165 0.0088865
0.0044221 0.0083896
0.0044278 0.0079204
0.0044334 0.0074713
0.004439 0.0070466
0.0044447 0.006646
0.0044503 0.0062682
0.0044559 0.0059068
0.0044615 0.0055653
0.0044672 0.0052436
0.0044728 0.0049404
0.0044784 0.0046519
0.0044841 0.0043798
0.0044897 0.0041235
0.0044953 0.0038823
0.0045009 0.0036546
0.0045066 0.0034403
0.0045122 0.0032385
0.0045178 0.0030485
0.0045235 0.0028712
0.0045291 0.0027044
0.0045347 0.0025473
0.0045403 0.0023994
0.004546 0.0022628
0.0045516 0.0021345
0.0045572 0.0020135
0.0045629 0.0018993
0.0045685 0.0017949
0.0045741 0.001697
0.0045797 0.0016044
0.0045854 0.0015169
0.004591 0.0014376
0.0045966 0.0013632
0.0046023 0.0012926
0.0046079 0.0012257
0.0046135 0.0011654
0.0046191 0.0011089
0.0046248 0.0010551
0.0046304 0.0010039
0.004636 0.000958
0.0046417 0.0009149
0.0046473 0.0008737
0.0046529 0.0008344
0.0046585 0.0007993
0.0046642 0.0007663
0.0046698 0.0007347
0.0046754 0.0007044
0.0046811 0.0006774
0.0046867 0.000652
0.0046923 0.0006275
0.0046979 0.000604
0.0047036 0.0005832
0.0047092 0.0005636
0.0047148 0.0005446
0.0047205 0.0005263
0.0047261 0.0005103
0.0047317 0.0004952
0.0047373 0.0004806
0.004743 0.0004664
0.0047486 0.0004542
0.0047542 0.0004428
0.0047598 0.0004317
0.0047655 0.0004208
0.0047711 0.0004118
0.0047767 0.0004035
0.0047824 0.0003953
0.004788 0.0003873
0.0047936 0.0003811
0.0047992 0.0003755
0.0048049 0.00037
0.0048105 0.0003646
0.0048161 0.0003609
0.0048218 0.0003579
0.0048274 0.0003549
0.004833 0.0003519
0.0048386 0.0003507
0.0048443 0.0003503
0.0048499 0.0003498
0.0048555 0.0003494
0.0048612 0.0003509
0.0048668 0.0003532
0.0048724 0.0003556
0.004878 0.0003579
0.0048837 0.0003624
0.0048893 0.000368
0.0048949 0.0003736
0.0049006 0.0003792
0.0049062 0.0003875
0.0049118 0.0003969
0.0049174 0.0004066
0.0049231 0.0004166
0.0049287 0.0004296
0.0049343 0.0004443
0.00494 0.0004595
0.0049456 0.0004752
0.0049512 0.0004947
0.0049568 0.0005167
0.0049625 0.0005396
0.0049681 0.0005635
0.0049737 0.0005924
0.0049794 0.0006249
0.004985 0.000659
0.0049906 0.0006951
0.0049962 0.000738
0.0050019 0.000786
0.0050075 0.0008373
0.0050131 0.0008918
0.0050188 0.0009561
0.0050244 0.0010284
0.00503 0.0011061
0.0050356 0.0011897
0.0050413 0.0012877
0.0050469 0.0013984
0.0050525 0.0015185
0.0050582 0.001649
0.0050638 0.0018014
0.0050694 0.0019744
0.005075 0.002164
0.0050807 0.0023718
0.0050863 0.0026145
0.0050919 0.0028913
0.0050976 0.0031973
0.0051032 0.0035358
0.0051088 0.0039312
0.0051144 0.0043846
0.0051201 0.0048903
0.0051257 0.0054543
0.0051313 0.0061139
0.005137 0.0068739
0.0051426 0.0077283
0.0051482 0.008689
0.0051538 0.0098133
0.0051595 0.0111142
0.0051651 0.0125877
0.0051707 0.0142565
0.0051764 0.0162097
0.005182 0.0184767
0.0051876 0.0210609
0.0051932 0.0240064
0.0051989 0.0274497
0.0052045 0.031452
0.0052101 0.036038
0.0052158 0.0412925
0.0052214 0.0474173
0.005227 0.0545322
0.0052326 0.0627148
0.0052383 0.0721252
0.0052439 0.0830421
0.0052495 0.0956882
0.0052552 0.11026
0.0052608 0.1270509
0.0052664 0.1464041
0.005272 0.1687097
0.0052777 0.1944137
0.0052833 0.2240339
0.0052889 0.2579097
0.0052946 0.2966857
0.0053002 0.3412917
0.0053058 0.392604
0.0053114 0.4508025
0.0053171 0.5168936
0.0053227 0.5926742
0.0053283 0.6795648
0.005334 0.7773435
0.0053396 0.8875067
0.0053452 1.013282
0.0053508 1.1568819
0.0053565 1.3174335
0.0053621 1.4970925
0.0053677 1.7012517
0.0053734 1.9332522
0.005379 2.1914773
0.0053846 2.4790064
0.0053902 2.8042604
0.0053959 3.1721887
0.0054015 3.5806357
0.0054071 4.0340454
0.0054128 4.5448697
0.0054184 5.1203788
0.005424 5.7582349
0.0054296 6.4649123
0.0054353 7.2583164
0.0054409 8.1490907
0.0054465 9.1343948
0.0054522 10.2234785
0.0054578 11.4424125
0.0054634 12.8066787
0.005469 14.3099812
0.0054747 15.9645566
0.0054803 17.8104404
0.0054859 19.8697524
0.0054916 22.1238086
0.0054972 24.5861012
0.0055028 27.3224372
0.0055084 30.3633166
0.0055141 33.6584102
0.0055197 37.2165544
0.0055253 41.1508422
0.005531 45.5010367
0.0055366 50.1521561
0.0055422 55.0960229
0.0055478 60.527243
0.0055535 66.4938584
0.0055591 72.7709323
0.0055647 79.3141857
0.0055704 86.4457807
0.005576 94.2186184
0.0055816 102.251157
0.0055872 110.4412903
0.0055929 119.2874385
0.0055985 128.8421472
0.0056041 138.5403817
0.0056098 148.206646
0.0056154 158.5473466
0.005621 169.6095404
0.0056266 180.6605309
0.0056323 191.451725
0.0056379 202.8874975
0.0056435 215.0063502
0.0056492 226.9754689
0.0056548 238.49359
0.0056604 250.5962109
0.005666 263.3129927
0.0056717 275.8134629
0.0056773 287.7793464
0.0056829 300.2643574
0.0056886 313.2910177
0.0056942 326.1301
0.0056998 338.4847772
0.0057054 351.3074826
0.0057111 364.6159461
0.0057167 377.8360202
0.0057223 390.7182049
0.005728 404.0396031
0.0057336 417.8151896
0.0057392 431.6092452
0.0057448 445.2186136
0.0057505 459.2571082
0.0057561 473.7382604
0.0057617 488.2766308
0.0057674 502.6779404
0.005773 517.5040046
0.0057786 532.7673512
0.0057842 547.9945627
0.0057899 562.9259927
0.0057955 578.2642655
0.0058011 594.0204664
0.0058068 609.4826842
0.0058124 624.2288557
0.005818 639.3318044
0.0058236 654.8001624
0.0058293 669.567938
0.0058349 682.9602622
0.0058405 696.6204523
0.0058462 710.5538658
0.0058518 723.3052466
0.0058574 733.9009823
0.005863 744.6519354
0.0058687 755.5603799
0.0058743 764.8538291
0.0058799 771.2883714
0.0058856 777.7770461
0.0058912 784.3203086
0.0058968 788.9988923
0.0059024 790.4056939
0.0059081 791.8150039
0.0059137 793.2268267
0.0059193 792.7956861
0.005925 789.1090204
0.0059306 785.4394984
0.0059362 781.7870405
0.0059418 776.5807613
0.0059475 768.5622034
0.0059531 760.6264409
0.0059587 752.7726188
0.0059644 743.8259112
0.00597 732.7965664
0.0059756 721.9307633
0.0059812 711.2260767
0.0059869 699.9219306
0.0059925 687.3406726
0.0059981 674.9855656
0.0060038 662.8525445
0.0060094 650.5253188
0.006015 637.609671
0.0060206 624.9504528
0.0060263 612.542573
0.0060319 600.1944469
0.0060375 587.7127543
0.0060432 575.4906319
0.0060488 563.5226818
0.0060544 551.7144295
0.00606 539.9644667
0.0060657 528.4647451
0.0060713 517.2099351
0.0060769 506.0982921
0.0060826 495.0134874
0.0060882 484.1714673
0.0060938 473.5669143
0.0060994 463.0263341
0.0061051 452.338023
0.0061107 441.8964365
0.0061163 431.6958793
0.006122 421.4700803
0.0061276 410.8736646
0.0061332 400.5436593
0.0061388 390.4733665
0.0061445 380.3196497
0.0061501 369.6115994
0.0061557 359.2050385
0.0061614 349.0914784
0.006167 338.8904428
0.0061726 328.0517898
0.0061782 317.5597869
0.0061839 307.4033473
0.0061895 297.2114589
0.0061951 286.4210093
0.0062008 276.0223138
0.0062064 266.0011494
0.006212 256.0352555
0.0062176 245.6130568
0.0062233 235.6151052
0.0062289 226.0241313
0.0062345 216.5892309
0.0062402 206.8956979
0.0062458 197.6360028
0.0062514 188.7907287
0.006257 180.1844771
0.0062627 171.5177071
0.0062683 163.2678038
0.0062739 155.4147162
0.0062795 147.8484896
0.0062852 140.378127
0.0062908 133.2852205
0.0062964 126.5506984
0.0063021 120.1127143
0.0063077 113.8657636
0.0063133 107.943711
0.0063189 102.3296588
0.0063246 96.9916568
0.0063302 91.8802844
0.0063358 87.0382767
0.0063415 82.4514384
0.0063471 78.1027417
0.0063527 73.9712439
0.0063583 70.0582951
0.006364 66.3523343
0.0063696 62.8411628
0.0063752 59.5113542
0.0063809 56.3579845
0.0063865 53.3717045
0.0063921 50.5397772
0.0063977 47.8436784
0.0064034 45.291406
0.006409 42.8752872
0.0064146 40.5803108
0.0064203 38.3780124
0.0064259 36.2952329
0.0064315 34.3254861
0.0064371 32.4520058
0.0064428 30.6373942
0.0064484 28.9242499
0.006454 27.3068991
0.0064597 25.7683375
0.0064653 24.2666063
0.0064709 22.8523932
0.0064765 21.5205978
0.0064822 20.2555577
0.0064878 19.0160725
0.0064934 17.8524343
0.0064991 16.7600018
0.0065047 15.7255555
0.0065103 14.7130731
0.0065159 13.7657788
0.0065216 12.8794756
0.0065272 12.0438361
0.0065328 11.2305464
0.0065385 10.4721761
0.0065441 9.7650167
0.0065497 9.1015213
0.0065553 8.4616094
0.006561 7.8666885
0.0065666 7.3135954
0.0065722 6.7971093
0.0065779 6.304398
0.0065835 5.8474025
0.0065891 5.4235339
0.0065947 5.0293197
0.0066004 4.6574191
0.006606 4.3130192
0.0066116 3.9940865
0.0066173 3.6983546
0.0066229 3.4220991
0.0066285 3.1664791
0.0066341 2.9299531
0.0066398 2.7110302
0.0066454 2.508028
0.006651 2.3202267
0.0066567 2.1464879
0.0066623 1.9857951
0.0066679 1.8373977
0.0066735 1.70009
0.0066792 1.5730432
0.0066848 1.4555253
0.0066904 1.3470611
0.0066961 1.2466796
0.0067017 1.1537783
0.0067073 1.0678016
0.0067129 0.9882452
0.0067186 0.9146161
0.0067242 0.8464727
0.0067298 0.7833782
0.0067355 0.7247239
0.0067411 0.6704613
0.0067467 0.6202615
0.0067523 0.5737776
0.006758 0.5303394
0.0067636 0.4901898
0.0067692 0.4530797
0.0067749 0.4187361
0.0067805 0.3865084
0.0067861 0.356761
0.0067917 0.3293032
0.0067974 0.3039241
0.006803 0.2800634
0.0068086 0.2580759
0.0068143 0.2378146
0.0068199 0.2191209
0.0068255 0.2015632
0.0068311 0.1854124
0.0068368 0.1705558
0.0068424 0.1568765
0.006848 0.144078
0.0068537 0.1323237
0.0068593 0.1215284
0.0068649 0.1116078
0.0068705 0.1023826
0.0068762 0.0939199
0.0068818 0.0861567
0.0068874 0.0790335
0.0068931 0.0724584
0.0068987 0.0664303
0.0069043 0.0609037
0.0069099 0.055837
0.0069156 0.051196
0.0069212 0.0469408
0.0069268 0.0430392
0.0069325 0.0394626
0.0069381 0.0362094
0.0069437 0.0332243
0.0069493 0.0304853
0.006955 0.0279727
0.0069606 0.0256999
0.0069662 0.0236117
0.0069719 0.0216933
0.0069775 0.0199309
0.0069831 0.0183426
0.0069887 0.0168808
0.0069944 0.0155355
0.007 0.0142975
0.0070056 0.0131834
0.0070113 0.0121561
0.0070169 0.0112089
0.0070225 0.0103354
0.0070281 0.009549
0.0070338 0.0088225
0.0070394 0.0081513
0.007045 0.0075311
0.0070507 0.0069716
0.0070563 0.0064539
0.0070619 0.0059746
0.0070675 0.0055309
0.0070732 0.0051296
0.0070788 0.0047577
0.0070844 0.0044127
0.0070901 0.0040927
0.0070957 0.0038028
0.0071013 0.0035335
0.0071069 0.0032834
0.0071126 0.0030509
0.0071182 0.0028401
0.0071238 0.002644
0.0071295 0.0024615
0.0071351 0.0022915
0.0071407 0.0021375
0.0071463 0.0019939
0.007152 0.0018601
0.0071576 0.0017352
0.0071632 0.0016222
0.0071689 0.0015168
0.0071745 0.0014183
0.0071801 0.0013261
0.0071857 0.0012431
0.0071914 0.0011655
0.007197 0.0010927
0.0072026 0.0010244
0.0072083 0.0009633
0.0072139 0.000906
0.0072195 0.0008521
0.0072251 0.0008014
0.0072308 0.0007563
0.0072364 0.0007139
0.007242 0.0006739
0.0072477 0.0006361
0.0072533 0.0006027
0.0072589 0.0005713
0.0072645 0.0005415
0.0072702 0.0005132
0.0072758 0.0004885
0.0072814 0.0004651
0.0072871 0.0004429
0.0072927 0.0004217
0.0072983 0.0004033
0.0073039 0.0003859
0.0073096 0.0003693
0.0073152 0.0003534
0.0073208 0.0003397
0.0073265 0.0003268
0.0073321 0.0003143
0.0073377 0.0003023
0.0073433 0.0002922
0.007349 0.0002826
0.0073546 0.0002734
0.0073602 0.0002644
0.0073659 0.000257
0.0073715 0.0002499
0.0073771 0.0002431
0.0073827 0.0002364
0.0073884 0.0002311
0.007394 0.0002261
0.0073996 0.0002212
0.0074053 0.0002164
0.0074109 0.0002128
0.0074165 0.0002094
0.0074221 0.000206
0.0074278 0.0002027
0.0074334 0.0002005
0.007439 0.0001985
0.0074447 0.0001965
0.0074503 0.0001945
0.0074559 0.0001935
0.0074615 0.0001927
0.0074672 0.0001919
0.0074728 0.0001911
0.0074784 0.0001912
0.0074841 0.0001916
0.0074897 0.0001919
0.0074953 0.0001923
0.0075009 0.0001936
0.0075066 0.0001951
0.0075122 0.0001967
0.0075178 0.0001982
0.0075235 0.0002008
0.0075291 0.0002036
0.0075347 0.0002065
0.0075403 0.0002093
0.007546 0.0002133
0.0075516 0.0002176
0.0075572 0.000222
0.0075629 0.0002264
0.0075685 0.0002321
0.0075741 0.0002381
0.0075797 0.0002443
0.0075854 0.0002507
0.007591 0.0002584
0.0075966 0.0002667
0.0076023 0.0002753
0.0076079 0.0002841
0.0076135 0.0002945
0.0076191 0.0003056
0.0076248 0.0003172
0.0076304 0.0003292
0.007636 0.0003431
0.0076417 0.000358
0.0076473 0.0003736
0.0076529 0.0003899
0.0076585 0.0004085
0.0076642 0.0004285
0.0076698 0.0004495
0.0076754 0.0004715
0.0076811 0.0004966
0.0076867 0.0005236
0.0076923 0.000552
0.0076979 0.000582
0.0077036 0.0006159
0.0077092 0.0006526
0.0077148 0.0006914
0.0077205 0.0007325
0.0077261 0.0007789
0.0077317 0.0008292
0.0077373 0.0008827
0.007743 0.0009397
0.0077486 0.0010038
0.0077542 0.0010735
0.0077598 0.001148
0.0077655 0.0012278
0.0077711 0.0013174
0.0077767 0.0014152
0.0077824 0.0015203
0.007788 0.0016332
0.0077936 0.00176
0.0077992 0.0018988
0.0078049 0.0020485
0.0078105 0.0022101
0.0078161 0.0023915
0.0078218 0.0025906
0.0078274 0.0028063
0.007833 0.00304
0.0078386 0.0033021
0.0078443 0.0035905
0.0078499 0.0039042
0.0078555 0.0042452
0.0078612 0.004627
0.0078668 0.005048
0.0078724 0.0055073
0.007878 0.0060083
0.0078837 0.0065679
0.0078893 0.0071855
0.0078949 0.0078612
0.0079006 0.0086004
0.0079062 0.0094232
0.0079118 0.0103315
0.0079174 0.0113274
0.0079231 0.0124192
0.0079287 0.01363
0.0079343 0.0149655
0.00794 0.0164319
0.0079456 0.018042
0.0079512 0.0198202
0.0079568 0.0217789
0.0079625 0.0239312
0.0079681 0.0262962
0.0079737 0.0288976
0.0079794 0.031758
0.007985 0.0349014
0.0079906 0.0383559
0.0079962 0.042143
0.0080019 0.0462988
0.0080075 0.0508644
0.0080131 0.0558803
0.0080188 0.0613656
0.0080244 0.0673751
0.00803 0.0739732
0.0080356 0.0812174
0.0080413 0.0891303
0.0080469 0.0977906
0.0080525 0.1072922
0.0080582 0.1177171
0.0080638 0.1291054
0.0080694 0.1415656
0.008075 0.1552284
0.0080807 0.1702098
0.0080863 0.1865923
0.0080919 0.2045237
0.0080976 0.2241784
0.0081032 0.2457219
0.0081088 0.2693105
0.0081144 0.2951474
0.0081201 0.3234631
0.0081257 0.3544953
0.0081313 0.3884986
0.008137 0.4257596
0.0081426 0.4665942
0.0081482 0.5113453
0.0081538 0.5603514
0.0081595 0.6140287
0.0081651 0.6728479
0.0081707 0.7373015
0.0081764 0.8077034
0.008182 0.8846689
0.0081876 0.9689684
0.0081932 1.0613007
0.0081989 1.1616717
0.0082045 1.2709846
0.0082101 1.3905838
0.0082158 1.5214372
0.0082214 1.6626901
0.008227 1.815629
0.0082326 1.9826357
0.0082383 2.165004
0.0082439 2.3601288
0.0082495 2.5697553
0.0082552 2.7980007
0.0082608 3.0465188
0.0082664 3.3097532
0.008272 3.5899305
0.0082777 3.8938255
0.0082833 4.2234457
0.0082889 4.5689747
0.0082946 4.9330629
0.0083002 5.3261642
0.0083058 5.7505906
0.0083114 6.1912535
0.0083171 6.6510798
0.0083227 7.1450575
0.0083283 7.6757231
0.008334 8.2225087
0.0083396 8.7884014
0.0083452 9.3932401
0.0083508 10.0397053
0.0083565 10.7027098
0.0083621 11.3850648
0.0083677 12.1109235
0.0083734 12.8830596
0.008379 13.6739129
0.0083846 14.4859348
0.0083902 15.3461783
0.0083959 16.2575073
0.0084015 17.1923234
0.0084071 18.1526522
0.0084128 19.166623
0.0084184 20.2372322
0.008424 21.3384323
0.0084296 22.471869
0.0084353 23.6655105
0.0084409 24.922555
0.0084465 26.217776
0.0084522 27.5524384
0.0084578 28.9550442
0.0084634 30.4290521
0.008469 31.9457267
0.0084747 33.5055444
0.0084803 35.1415236
0.0084859 36.8573829
0.0084916 38.6123318
0.0084972 40.4047746
0.0085028 42.2804254
0.0085084 44.2431468
0.0085141 46.2279303
0.0085197 48.2286216
0.0085253 50.3159006
0.008531 52.4935146
0.0085366 54.6587711
0.0085422 56.7974493
0.0085478 59.0198092
0.0085535 61.3291253
0.0085591 63.5743612
0.0085647 65.7296291
0.0085704 67.9579638
0.008576 70.2618425
0.0085816 72.4390138
0.0085872 74.4497255
0.0085929 76.5162492
0.0085985 78.6401339
0.0086041 80.5765359
0.0086098 82.2724063
0.0086154 84.0039693
0.008621 85.771976
0.0086266 87.3090154
0.0086323 88.5524638
0.0086379 89.8136212
0.0086435 91.09274
0.0086492 92.1263184
0.0086548 92.8481047
0.0086604 93.575546
0.008666 94.3086867
0.0086717 94.8127468
0.0086773 95.0242255
0.0086829 95.2361759
0.0086886 95.4485991
0.0086942 95.4710319
0.0086998 95.2476844
0.0087054 95.0248595
0.0087111 94.8025559
0.0087167 94.4373065
0.0087223 93.8832507
0.008728 93.3324455
0.0087336 92.7848719
0.0087392 92.1349144
0.0087448 91.3455277
0.0087505 90.5629043
0.0087561 89.7869862
0.0087617 88.9335646
0.0087674 87.970182
0.008773 87.0172354
0.0087786 86.0746117
0.0087842 85.0615161
0.0087899 83.9438338
0.0087955 82.8408375
0.0088011 81.7523343
0.0088068 80.5865889
0.0088124 79.3014501
0.008818 78.0368057
0.0088236 76.7923291
0.0088293 75.4581615
0.0088349 73.9798237
0.0088405 72.5304487
0.0088462 71.1094692
0.0088518 69.5901569
0.0088574 67.9052443
0.008863 66.2611266
0.0088687 64.6568163
0.0088743 62.9571447
0.0088799 61.0858432
0.0088856 59.2701633
0.0088912 57.5084515
0.0088968 55.669277
0.0089024 53.6741584
0.0089081 51.7505424
0.0089137 49.8958664
0.0089193 47.9940109
0.008925 45.9716985
0.0089306 44.0345998
0.0089362 42.1791242
0.0089418 40.3119101
0.0089475 38.3705952
0.0089531 36.5227689
0.0089587 34.7639291
0.0089644 33.0254144
0.00897 31.258501
0.0089756 29.5861204
0.0089812 28.0032148
0.0089869 26.4631257
0.0089925 24.930538
0.0089981 23.4867088
0.0090038 22.1264977
0.0090094 20.8200233
0.009015 19.5431214
0.0090206 18.3445325
0.0090263 17.2194536
0.0090319 16.1491538
0.0090375 15.1175002
0.0090432 14.1517516
0.0090488 13.2476977
0.0090544 12.3931108
0.00906 11.5768736
0.0090657 10.8143957
0.0090713 10.1021361
0.0090769 9.4312227
0.0090826 8.79322
0.0090882 8.1983768
0.0090938 7.6437736
0.0090994 7.1221516
0.0091051 6.6263086
0.0091107 6.1649862
0.0091163 5.735781
0.009122 5.332329
0.0091276 4.9480185
0.0091332 4.5914059
0.0091388 4.2604951
0.0091445 3.9496845
0.0091501 3.6528736
0.0091557 3.3783674
0.0091614 3.1244898
0.009167 2.8864984
0.0091726 2.6589982
0.0091782 2.4494284
0.0091839 2.256376
0.0091895 2.076054
0.0091951 1.9039956
0.0092008 1.746197
0.0092064 1.6014764
0.009212 1.4669984
0.0092176 1.3393305
0.0092233 1.2227731
0.0092289 1.1163593
0.0092345 1.0180953
0.0092402 0.9255364
0.0092458 0.8413924
0.0092514 0.7648982
0.009257 0.694729
0.0092627 0.6292678
0.0092683 0.5699747
0.0092739 0.5162685
0.0092795 0.4673097
0.0092852 0.4221005
0.0092908 0.3812649
0.0092964 0.3443799
0.0093021 0.3109319
0.0093077 0.2803425
0.0093133 0.2527625
0.0093189 0.2278958
0.0093246 0.2054344
0.0093302 0.1850596
0.0093358 0.1667056
0.0093415 0.1501719
0.0093471 0.1352741
0.0093527 0.1218419
0.0093583 0.1097434
0.009364 0.0988463
0.0093696 0.0890383
0.0093752 0.0802278
0.0093809 0.0722892
0.0093865 0.065136
0.0093921 0.0586983
0.0093977 0.0529239
0.0094034 0.0477175
0.009409 0.0430233
0.0094146 0.0387961
0.0094203 0.0350036
0.0094259 0.0315818
0.0094315 0.0284945
0.0094371 0.025712
0.0094428 0.0232127
0.0094484 0.0209564
0.009454 0.0189193
0.0094597 0.0170819
0.0094653 0.0154295
0.0094709 0.013937
0.0094765 0.0125888
0.0094822 0.0113721
0.0094878 0.0102772
0.0094934 0.0092878
0.0094991 0.0083936
0.0095047 0.0075863
0.0095103 0.0068603
0.0095159 0.0062038
0.0095216 0.0056102
0.0095272 0.0050741
0.0095328 0.0045928
0.0095385 0.0041573
0.0095441 0.003763
0.0095497 0.0034069
0.0095553 0.0030881
0.009561 0.0027992
0.0095666 0.0025373
0.0095722 0.0023006
0.0095779 0.0020895
0.0095835 0.0018978
0.0095891 0.0017237
0.0095947 0.0015661
0.0096004 0.0014262
0.009606 0.0012987
0.0096116 0.0011827
0.0096173 0.0010774
0.0096229 0.0009843
0.0096285 0.0008993
0.0096341 0.0008216
0.0096398 0.0007509
0.0096454 0.0006886
0.009651 0.0006315
0.0096567 0.0005791
0.0096623 0.0005314
0.0096679 0.0004894
0.0096735 0.0004507
0.0096792 0.0004151
0.0096848 0.0003824
0.0096904 0.0003538
0.0096961 0.0003273
0.0097017 0.0003028
0.0097073 0.0002803
0.0097129 0.0002606
0.0097186 0.0002423
0.0097242 0.0002252
0.0097298 0.0002095
0.0097355 0.0001957
0.0097411 0.0001828
0.0097467 0.0001708
0.0097523 0.0001597
0.009758 0.0001499
0.0097636 0.0001408
0.0097692 0.0001322
0.0097749 0.0001242
0.0097805 0.0001172
0.0097861 0.0001106
0.0097917 0.0001044
0.0097974 9.86e-05
0.009803 9.35e-05
0.0098086 8.87e-05
0.0098143 8.41e-05
0.0098199 7.98e-05
0.0098255 7.61e-05
0.0098311 7.26e-05
0.0098368 6.92e-05
0.0098424 6.6e-05
0.009848 6.33e-05
0.0098537 6.06e-05
0.0098593 5.81e-05
0.0098649 5.57e-05
0.0098705 5.37e-05
0.0098762 5.17e-05
0.0098818 4.98e-05
0.0098874 4.8e-05
0.0098931 4.64e-05
0.0098987 4.49e-05
0.0099043 4.35e-05
0.0099099 4.21e-05
0.0099156 4.1e-05
0.0099212 3.99e-05
0.0099268 3.88e-05
0.0099325 3.77e-05
0.0099381 3.69e-05
0.0099437 3.6e-05
0.0099493 3.52e-05
0.009955 3.44e-05
0.0099606 3.38e-05
0.0099662 3.32e-05
0.0099719 3.26e-05
0.0099775 3.2e-05
0.0099831 3.16e-05
0.0099887 3.11e-05
0.0099944 3.07e-05
0.01 3.03e-05
