0.001 0
0.0010056 0
0.0010113 0
0.0010169 0
0.0010225 0
0.0010281 0
0.0010338 0
0.0010394 0
0.001045 0
0.0010507 0
0.0010563 0
0.0010619 0
0.0010675 0
0.0010732 0
0.0010788 0
0.0010844 0
0.0010901 0
0.0010957 0
0.0011013 0
0.0011069 0
0.0011126 0
0.0011182 0
0.0011238 0
0.0011295 0
0.0011351 0
0.0011407 0
0.0011463 0
0.001152 0
0.0011576 0
0.0011632 0
0.0011689 0
0.0011745 0
0.0011801 0
0.0011857 0
0.0011914 0
0.001197 0
0.0012026 0
0.0012083 0
0.0012139 0
0.0012195 0
0.0012251 0
0.0012308 0
0.0012364 0
0.001242 0
0.0012477 0
0.0012533 0
0.0012589 0
0.0012645 0
0.0012702 0
0.0012758 0
0.0012814 0
0.0012871 0
0.0012927 0
0.0012983 0
0.0013039 0
0.0013096 0
0.0013152 0
0.0013208 0
0.0013265 0
0.0013321 0
0.0013377 0
0.0013433 0
0.001349 0
0.0013546 0
0.0013602 0
0.0013659 0
0.0013715 0
0.0013771 0
0.0013827 0
0.0013884 0
0.001394 0
0.0013996 0
0.0014053 0
0.0014109 0
0.0014165 0
0.0014221 0
0.0014278 0
0.0014334 0
0.001439 0
0.0014447 0
0.0014503 0
0.0014559 0
0.0014615 0
0.0014672 0
0.0014728 0
0.0014784 0
0.0014841 0
0.0014897 0
0.0014953 0
0.0015009 0
0.0015066 0
0.0015122 0
0.0015178 0
0.0015235 0
0.0015291 0
0.0015347 0
0.0015403 0
0.001546 0
0.0015516 0
0.0015572 0
0.0015629 0
0.0015685 0
0.0015741 0
0.0015797 0
0.0015854 0
0.001591 0
0.0015966 0
0.0016023 0
0.0016079 0
0.0016135 0
0.0016191 0
0.0016248 0
0.0016304 0
0.001636 0
0.0016417 0
0.0016473 0
0.0016529 0
0.0016585 0
0.0016642 0
0.0016698 0
0.0016754 0
0.0016811 0
0.0016867 0
0.0016923 0
0.0016979 0
0.0017036 0
0.0017092 0
0.0017148 0
0.0017205 0
0.0017261 0
0.0017317 0
0.0017373 0
0.001743 0
0.0017486 0
0.0017542 0
0.0017598 0
0.0017655 0
0.0017711 0
0.0017767 0
0.0017824 0
0.001788 0
0.0017936 0
0.0017992 0
0.0018049 0
0.0018105 0
0.0018161 0
0.0018218 0
0.0018274 0
0.001833 0
0.0018386 0
0.0018443 0
0.0018499 0
0.0018555 0
0.0018612 0
0.0018668 0
0.0018724 0
0.001878 0
0.0018837 0
0.0018893 0
0.0018949 0
0.0019006 0
0.0019062 0
0.0019118 0
0.0019174 0
0.0019231 0
0.0019287 0
0.0019343 0
0.00194 0
0.0019456 0
0.0019512 0
0.0019568 0
0.0019625 0
0.0019681 0
0.0019737 0
0.0019794 0
0.001985 0
0.0019906 0
0.0019962 0
0.0020019 0
0.0020075 0
0.0020131 0
0.0020188 0
0.0020244 0
0.00203 0
0.0020356 0
0.0020413 0
0.0020469 0
0.0020525 0
0.0020582 0
0.0020638 0
0.0020694 0
0.002075 0
0.0020807 0
0.0020863 0
0.0020919 0
0.0020976 0
0.0021032 0
0.0021088 0
0.0021144 0
0.0021201 0
0.0021257 0
0.0021313 0
0.002137 0
0.0021426 0
0.0021482 0
0.0021538 0
0.0021595 0
0.0021651 0
0.0021707 0
0.0021764 0
0.002182 0
0.0021876 0
0.0021932 0
0.0021989 0
0.0022045 0
0.0022101 0
0.0022158 0
0.0022214 0
0.002227 0
0.0022326 0
0.0022383 0
0.0022439 0
0.0022495 0
0.0022552 0
0.0022608 0
0.0022664 0
0.002272 0
0.0022777 0
0.0022833 0
0.0022889 0
0.0022946 0
0.0023002 0
0.0023058 0
0.0023114 0
0.0023171 0
0.0023227 0
0.0023283 0
0.002334 0
0.0023396 0
0.0023452 0
0.0023508 0
0.0023565 0
0.0023621 0
0.0023677 0
0.0023734 0
0.002379 0
0.0023846 0
0.0023902 0
0.0023959 0
0.0024015 0
0.0024071 0
0.0024128 0
0.0024184 0
0.002424 0
0.0024296 0
0.0024353 0
0.0024409 0
0.0024465 0
0.0024522 0
0.0024578 0
0.0024634 0
0.002469 0
0.0024747 0
0.0024803 0
0.0024859 0
0.0024916 0
0.0024972 0
0.0025028 0
0.0025084 0
0.0025141 0
0.0025197 0
0.0025253 0
0.002531 0
0.0025366 0
0.0025422 0
0.0025478 0
0.0025535 0
0.0025591 0
0.0025647 0
0.0025704 0
0.002576 0
0.0025816 0
0.0025872 0
0.0025929 0
0.0025985 0
0.0026041 0
0.0026098 0
0.0026154 0
0.002621 0
0.0026266 0
0.0026323 0
0.0026379 0
0.0026435 0
0.0026492 0
0.0026548 0
0.0026604 0
0.002666 0
0.0026717 0
0.0026773 0
0.0026829 0
0.0026886 0
0.0026942 0
0.0026998 0
0.0027054 0
0.0027111 0
0.0027167 0
0.0027223 0
0.002728 0
0.0027336 0
0.0027392 0
0.0027448 0
0.0027505 0
0.0027561 0
0.0027617 0
0.0027674 0
0.002773 0
0.0027786 0
0.0027842 0
0.0027899 0
0.0027955 0
0.0028011 0
0.0028068 0
0.0028124 0
0.002818 0
0.0028236 0
0.0028293 0
0.0028349 0
0.0028405 0
0.0028462 0
0.0028518 0
0.0028574 0
0.002863 0
0.0028687 0
0.0028743 0
0.0028799 0
0.0028856 0
0.0028912 0
0.0028968 0
0.0029024 0
0.0029081 0
0.0029137 0
0.0029193 0
0.002925 0
0.0029306 0
0.0029362 0
0.0029418 0
0.0029475 0
0.0029531 0
0.0029587 0
0.0029644 0
0.00297 0
0.0029756 0
0.0029812 0
0.0029869 0
0.0029925 0
0.0029981 0
0.0030038 0
0.0030094 0
0.003015 0
0.0030206 0
0.0030263 0
0.0030319 0
0.0030375 0
0.0030432 0
0.0030488 0
0.0030544 0
0.00306 0
0.0030657 0
0.0030713 0
0.0030769 0
0.0030826 0
0.0030882 0
0.0030938 0
0.0030994 0
0.0031051 0
0.0031107 0
0.0031163 0
0.003122 0
0.0031276 0
0.0031332 0
0.0031388 0
0.0031445 0
0.0031501 0
0.0031557 0
0.0031614 0
0.003167 0
0.0031726 0
0.0031782 0
0.0031839 0
0.0031895 0
0.0031951 0
0.0032008 0
0.0032064 0
0.003212 0
0.0032176 0
0.0032233 0
0.0032289 0
0.0032345 0
0.0032402 0
0.0032458 0
0.0032514 0
0.003257 0
0.0032627 0
0.0032683 0
0.0032739 0
0.0032795 0
0.0032852 0
0.0032908 0
0.0032964 0
0.0033021 0
0.0033077 0
0.0033133 0
0.0033189 0
0.0033246 0
0.0033302 0
0.0033358 0
0.0033415 0
0.0033471 0
0.0033527 0
0.0033583 0
0.003364 0
0.0033696 0
0.0033752 0
0.0033809 0
0.0033865 0
0.0033921 0
0.0033977 0
0.0034034 0
0.003409 0
0.0034146 0
0.0034203 0
0.0034259 0
0.0034315 0
0.0034371 0
0.0034428 0
0.0034484 0
0.003454 0
0.0034597 0
0.0034653 0
0.0034709 0
0.0034765 0
0.0034822 0
0.0034878 0
0.0034934 0
0.0034991 0
0.0035047 0
0.0035103 0
0.0035159 0
0.0035216 0
0.0035272 0
0.0035328 0
0.0035385 0
0.0035441 0
0.0035497 0
0.0035553 0
0.003561 0
0.0035666 0
0.0035722 0
0.0035779 0
0.0035835 0
0.0035891 0
0.0035947 0
0.0036004 0
0.003606 0
0.0036116 0
0.0036173 0
0.0036229 0
0.0036285 0
0.0036341 0
0.0036398 0
0.0036454 0
0.003651 0
0.0036567 0
0.0036623 0
0.0036679 0
0.0036735 0
0.0036792 0
0.0036848 0
0.0036904 0
0.0036961 0
0.0037017 0
0.0037073 0
0.0037129 0
0.0037186 0
0.0037242 0
0.0037298 0
0.0037355 0
0.0037411 0
0.0037467 0
0.0037523 0
0.003758 0
0.0037636 0
0.0037692 0
0.0037749 0
0.0037805 0
0.0037861 0
0.0037917 0
0.0037974 0
0.003803 0
0.0038086 0
0.0038143 0
0.0038199 0
0.0038255 0
0.0038311 0
0.0038368 0
0.0038424 0
0.003848 0
0.0038537 0
0.0038593 0
0.0038649 0
0.0038705 0
0.0038762 0
0.0038818 0
0.0038874 0
0.0038931 0
0.0038987 0
0.0039043 0
0.0039099 0
0.0039156 0
0.0039212 0
0.0039268 0
0.0039325 0
0.0039381 0
0.0039437 0
0.0039493 0
0.003955 0
0.0039606 0
0.0039662 0
0.0039719 0
0.0039775 0
0.0039831 0
0.0039887 0
0.0039944 0
0.004 0
0.0040056 0
0.0040113 0
0.0040169 0
0.0040225 0
0.0040281 0
0.0040338 0
0.0040394 0
0.004045 0
0.0040507 0
0.0040563 0
0.0040619 0
0.0040675 0
0.0040732 0
0.0040788 0
0.0040844 0
0.0040901 0
0.0040957 0
0.0041013 0
0.0041069 0
0.0041126 0
0.0041182 0
0.0041238 0
0.0041295 0
0.0041351 0
0.0041407 0
0.0041463 0
0.004152 0
0.0041576 0
0.0041632 0
0.0041689 0
0.0041745 1e-07
0.0041801 1e-07
0.0041857 1e-07
0.0041914 1e-07
0.004197 1e-07
0.0042026 2e-07
0.0042083 2e-07
0.0042139 3e-07
0.0042195 4e-07
0.0042251 5e-07
0.0042308 7e-07
0.0042364 1e-06
0.004242 1.3e-06
0.0042477 1.8e-06
0.0042533 2.5e-06
0.0042589 3.5e-06
0.0042645 4.9e-06
0.0042702 6.8e-06
0.0042758 9.5e-06
0.0042814 1.32e-05
0.0042871 1.84e-05
0.0042927 2.55e-05
0.0042983 3.5e-05
0.0043039 4.79e-05
0.0043096 6.55e-05
0.0043152 8.96e-05
0.0043208 0.000119
0.0043265 0.0001575
0.0043321 0.0002083
0.0043377 0.0002756
0.0043433 0.0003475
0.004349 0.0004355
0.0043546 0.0005458
0.0043602 0.0006839
0.0043659 0.0008061
0.0043715 0.0009422
0.0043771 0.0011012
0.0043827 0.001287
0.0043884 0.0014186
0.004394 0.0015502
0.0043996 0.0016941
0.0044053 0.0018512
0.0044109 0.0019446
0.0044165 0.0020301
0.0044221 0.0021193
0.0044278 0.0022125
0.0044334 0.0022733
0.004439 0.0023296
0.0044447 0.0023873
0.0044503 0.0024464
0.0044559 0.0025082
0.0044615 0.0025717
0.0044672 0.0026369
0.0044728 0.0027037
0.0044784 0.0027908
0.0044841 0.0028844
0.0044897 0.0029811
0.0044953 0.0030811
0.0045009 0.0032023
0.0045066 0.0033319
0.0045122 0.0034668
0.0045178 0.0036071
0.0045235 0.0037581
0.0045291 0.0039165
0.0045347 0.0040816
0.0045403 0.0042536
0.004546 0.0044233
0.0045516 0.0045976
0.0045572 0.0047787
0.0045629 0.004967
0.0045685 0.0051486
0.0045741 0.0053334
0.0045797 0.0055249
0.0045854 0.0057233
0.004591 0.0059217
0.0045966 0.0061251
0.0046023 0.0063356
0.0046079 0.0065533
0.0046135 0.006783
0.0046191 0.0070219
0.0046248 0.0072692
0.0046304 0.0075252
0.004636 0.0078093
0.0046417 0.0081095
0.0046473 0.0084211
0.0046529 0.0087448
0.0046585 0.0091243
0.0046642 0.009533
0.0046698 0.00996
0.0046754 0.0104061
0.0046811 0.0109504
0.0046867 0.0115472
0.0046923 0.0121765
0.0046979 0.0128402
0.0047036 0.0136425
0.0047092 0.0145282
0.0047148 0.0154715
0.0047205 0.016476
0.0047261 0.0176278
0.0047317 0.0188881
0.0047373 0.0202384
0.004743 0.0216853
0.0047486 0.0232358
0.0047542 0.0248971
0.0047598 0.0266773
0.0047655 0.0285847
0.0047711 0.0305202
0.0047767 0.0325473
0.0047824 0.0347089
0.004788 0.0370142
0.0047936 0.0393233
0.0047992 0.04172
0.0048049 0.0442628
0.0048105 0.0469605
0.0048161 0.0497942
0.0048218 0.0527877
0.0048274 0.0559611
0.004833 0.0593253
0.0048386 0.0631416
0.0048443 0.0673062
0.0048499 0.0717454
0.0048555 0.0764775
0.0048612 0.0820534
0.0048668 0.0882651
0.0048724 0.094947
0.004878 0.1021348
0.0048837 0.1103884
0.0048893 0.1195438
0.0048949 0.1294585
0.0049006 0.1401956
0.0049062 0.1516579
0.0049118 0.1639805
0.0049174 0.1773043
0.0049231 0.1917108
0.0049287 0.2055452
0.0049343 0.2195505
0.00494 0.2345101
0.0049456 0.250489
0.0049512 0.2638376
0.0049568 0.2761082
0.0049625 0.2889495
0.0049681 0.302388
0.0049737 0.3115792
0.0049794 0.3186785
0.004985 0.3259396
0.0049906 0.3333661
0.0049962 0.3365693
0.0050019 0.3376318
0.0050075 0.3386977
0.0050131 0.339767
0.0050188 0.3380489
0.0050244 0.3349283
0.00503 0.3318365
0.0050356 0.3287733
0.0050413 0.3244777
0.0050469 0.3195824
0.0050525 0.3147609
0.0050582 0.3100122
0.0050638 0.3047671
0.0050694 0.299306
0.005075 0.2939427
0.0050807 0.2886756
0.0050863 0.2828447
0.0050919 0.2767682
0.0050976 0.2708222
0.0051032 0.2650039
0.0051088 0.2583573
0.0051144 0.2513367
0.0051201 0.2445069
0.0051257 0.2378627
0.0051313 0.2305041
0.005137 0.2228522
0.0051426 0.2154544
0.0051482 0.2083022
0.0051538 0.2010773
0.0051595 0.1939171
0.0051651 0.1870118
0.0051707 0.1803524
0.0051764 0.1745448
0.005182 0.1693072
0.0051876 0.1642268
0.0051932 0.1592988
0.0051989 0.1561465
0.0052045 0.1541228
0.0052101 0.1521255
0.0052158 0.150154
0.0052214 0.1508606
0.005227 0.1534197
0.0052326 0.1560222
0.0052383 0.1586689
0.0052439 0.1650579
0.0052495 0.1744692
0.0052552 0.1844171
0.0052608 0.1949322
0.0052664 0.2104047
0.005272 0.2305886
0.0052777 0.2527087
0.0052833 0.2769508
0.0052889 0.306819
0.0052946 0.342677
0.0053002 0.3827258
0.0053058 0.427455
0.0053114 0.4771108
0.0053171 0.5322753
0.0053227 0.593818
0.0053283 0.6624764
0.005334 0.7355176
0.0053396 0.8134781
0.0053452 0.899702
0.0053508 0.9950651
0.0053565 1.0984882
0.0053621 1.2108056
0.0053677 1.3346071
0.0053734 1.471067
0.005379 1.6280168
0.0053846 1.807864
0.0053902 2.007579
0.0053959 2.2293565
0.0054015 2.5018133
0.0054071 2.8334768
0.0054128 3.2091088
0.0054184 3.6345379
0.005424 4.1860056
0.0054296 4.8944924
0.0054353 5.7228914
0.0054409 6.691498
0.0054465 7.9954575
0.0054522 9.7475026
0.0054578 11.8834736
0.0054634 14.4875001
0.005469 18.0764889
0.0054747 23.0600899
0.0054803 29.4176458
0.0054859 37.5279493
0.0054916 48.7743622
0.0054972 64.5650463
0.0055028 85.4679595
0.0055084 113.138184
0.0055141 150.7133748
0.0055197 202.0563829
0.0055253 270.8902372
0.005531 363.1734845
0.0055366 481.5011063
0.0055422 630.9857448
0.0055478 826.8787026
0.0055535 1083.5876952
0.0055591 1383.5910398
0.0055647 1717.8755373
0.0055704 2132.9253203
0.005576 2648.2538014
0.0055816 3185.1002508
0.0055872 3697.6904339
0.0055929 4292.7736864
0.0055985 4983.6259287
0.0056041 5613.4428204
0.0056098 6107.79648
0.0056154 6645.6859071
0.005621 7230.9451239
0.0056266 7656.1701962
0.0056323 7849.7259937
0.0056379 8048.1750793
0.0056435 8251.6411603
0.0056492 8242.8716163
0.0056548 7977.4238431
0.0056604 7720.5243676
0.005666 7471.8979063
0.0056717 7055.5570709
0.0056773 6459.9882772
0.0056829 5914.6922237
0.0056886 5415.4253227
0.0056942 4861.1373415
0.0056998 4253.3278209
0.0057054 3721.5154151
0.0057111 3256.1978687
0.0057167 2816.9451206
0.0057223 2400.3882678
0.005728 2045.4299212
0.0057336 1742.9611779
0.0057392 1481.7910128
0.0057448 1255.7577937
0.0057505 1064.2038067
0.0057561 901.8695706
0.0057617 767.1732137
0.0057674 656.078578
0.005773 561.0715974
0.0057786 479.8226126
0.0057842 412.5969554
0.0057899 357.6493115
0.0057955 310.0193261
0.0058011 268.732469
0.0058068 233.8706089
0.0058124 204.7545732
0.005818 179.2633775
0.0058236 156.9457424
0.0058293 137.6130412
0.0058349 120.9442991
0.0058405 106.2946023
0.0058462 93.4193886
0.0058518 82.1073456
0.0058574 72.1701895
0.005863 63.4356915
0.0058687 55.7582984
0.0058743 49.0180376
0.0058799 43.1041896
0.0058856 37.9038259
0.0058912 33.3308671
0.0058968 29.3371489
0.0059024 25.8635514
0.0059081 22.8012372
0.0059137 20.1015093
0.0059193 17.7374827
0.005925 15.6765811
0.0059306 13.8551338
0.0059362 12.2453187
0.0059418 10.8158606
0.0059475 9.5424741
0.0059531 8.4190075
0.0059587 7.4278103
0.0059644 6.5351407
0.00597 5.7196387
0.0059756 5.0059009
0.0059812 4.3812285
0.0059869 3.819641
0.0059925 3.3048379
0.0059981 2.8594188
0.0060038 2.4740324
0.0060094 2.1339973
0.006015 1.8292525
0.0060206 1.5680267
0.0060263 1.3441052
0.0060319 1.1509881
0.0060375 0.9835192
0.0060432 0.8404171
0.0060488 0.7181363
0.0060544 0.6143097
0.00606 0.5267239
0.0060657 0.4516257
0.0060713 0.3872347
0.0060769 0.3328263
0.0060826 0.2876152
0.0060882 0.2485456
0.0060938 0.2147833
0.0060994 0.1861399
0.0061051 0.1623951
0.0061107 0.1416792
0.0061163 0.123606
0.006122 0.1081307
0.0061276 0.0952123
0.0061332 0.0838373
0.0061388 0.0738213
0.0061445 0.0651423
0.0061501 0.0577947
0.0061557 0.0512759
0.0061614 0.0454923
0.006167 0.0404121
0.0061726 0.0360168
0.0061782 0.0320996
0.0061839 0.0286084
0.0061895 0.0255005
0.0061951 0.0227387
0.0062008 0.0202761
0.0062064 0.0180802
0.006212 0.0161084
0.0062176 0.0143179
0.0062233 0.0127264
0.0062289 0.0113117
0.0062345 0.0100421
0.0062402 0.0088834
0.0062458 0.0078583
0.0062514 0.0069516
0.006257 0.0061452
0.0062627 0.0054209
0.0062683 0.004782
0.0062739 0.0042184
0.0062795 0.0037235
0.0062852 0.0032928
0.0062908 0.0029119
0.0062964 0.002575
0.0063021 0.0022817
0.0063077 0.0020353
0.0063133 0.0018154
0.0063189 0.0016193
0.0063246 0.0014486
0.0063302 0.0013087
0.0063358 0.0011824
0.0063415 0.0010682
0.0063471 0.0009679
0.0063527 0.0008866
0.0063583 0.000812
0.006364 0.0007437
0.0063696 0.000683
0.0063752 0.0006337
0.0063809 0.0005879
0.0063865 0.0005454
0.0063921 0.0005073
0.0063977 0.0004764
0.0064034 0.0004474
0.006409 0.0004202
0.0064146 0.0003956
0.0064203 0.0003764
0.0064259 0.000358
0.0064315 0.0003406
0.0064371 0.0003249
0.0064428 0.0003134
0.0064484 0.0003023
0.006454 0.0002916
0.0064597 0.000282
0.0064653 0.000276
0.0064709 0.00027
0.0064765 0.0002642
0.0064822 0.0002592
0.0064878 0.0002572
0.0064934 0.0002553
0.0064991 0.0002533
0.0065047 0.000252
0.0065103 0.0002535
0.0065159 0.0002551
0.0065216 0.0002567
0.0065272 0.0002589
0.0065328 0.0002642
0.0065385 0.0002695
0.0065441 0.000275
0.0065497 0.0002811
0.0065553 0.00029
0.006561 0.0002991
0.0065666 0.0003085
0.0065722 0.0003182
0.0065779 0.0003277
0.0065835 0.0003376
0.0065891 0.0003477
0.0065947 0.0003569
0.0066004 0.0003586
0.006606 0.0003603
0.0066116 0.0003621
0.0066173 0.0003617
0.0066229 0.000347
0.0066285 0.0003329
0.0066341 0.0003195
0.0066398 0.0003046
0.0066454 0.0002777
0.006651 0.0002531
0.0066567 0.0002307
0.0066623 0.0002094
0.0066679 0.0001837
0.0066735 0.0001611
0.0066792 0.0001412
0.0066848 0.0001236
0.0066904 0.0001065
0.0066961 9.18e-05
0.0067017 7.9e-05
0.0067073 6.81e-05
0.0067129 5.88e-05
0.0067186 5.08e-05
0.0067242 4.38e-05
0.0067298 3.79e-05
0.0067355 3.32e-05
0.0067411 2.91e-05
0.0067467 2.55e-05
0.0067523 2.23e-05
0.006758 1.99e-05
0.0067636 1.78e-05
0.0067692 1.59e-05
0.0067749 1.42e-05
0.0067805 1.3e-05
0.0067861 1.18e-05
0.0067917 1.08e-05
0.0067974 9.8e-06
0.006803 9.1e-06
0.0068086 8.5e-06
0.0068143 7.9e-06
0.0068199 7.3e-06
0.0068255 6.9e-06
0.0068311 6.5e-06
0.0068368 6.1e-06
0.0068424 5.8e-06
0.006848 5.6e-06
0.0068537 5.3e-06
0.0068593 5.1e-06
0.0068649 4.9e-06
0.0068705 4.7e-06
0.0068762 4.5e-06
0.0068818 4.3e-06
0.0068874 4.1e-06
0.0068931 4e-06
0.0068987 3.8e-06
0.0069043 3.6e-06
0.0069099 3.5e-06
0.0069156 3.3e-06
0.0069212 3.1e-06
0.0069268 2.9e-06
0.0069325 2.8e-06
0.0069381 2.6e-06
0.0069437 2.4e-06
0.0069493 2.2e-06
0.006955 2.1e-06
0.0069606 1.9e-06
0.0069662 1.7e-06
0.0069719 1.6e-06
0.0069775 1.4e-06
0.0069831 1.3e-06
0.0069887 1.2e-06
0.0069944 1e-06
0.007 9e-07
0.0070056 8e-07
0.0070113 7e-07
0.0070169 7e-07
0.0070225 6e-07
0.0070281 5e-07
0.0070338 5e-07
0.0070394 4e-07
0.007045 4e-07
0.0070507 3e-07
0.0070563 3e-07
0.0070619 3e-07
0.0070675 2e-07
0.0070732 2e-07
0.0070788 2e-07
0.0070844 2e-07
0.0070901 1e-07
0.0070957 1e-07
0.0071013 1e-07
0.0071069 1e-07
0.0071126 1e-07
0.0071182 1e-07
0.0071238 1e-07
0.0071295 1e-07
0.0071351 1e-07
0.0071407 1e-07
0.0071463 1e-07
0.007152 1e-07
0.0071576 1e-07
0.0071632 0
0.0071689 0
0.0071745 0
0.0071801 0
0.0071857 0
0.0071914 0
0.007197 0
0.0072026 0
0.0072083 0
0.0072139 0
0.0072195 0
0.0072251 0
0.0072308 0
0.0072364 0
0.007242 0
0.0072477 0
0.0072533 0
0.0072589 0
0.0072645 0
0.0072702 0
0.0072758 0
0.0072814 0
0.0072871 0
0.0072927 0
0.0072983 0
0.0073039 0
0.0073096 0
0.0073152 0
0.0073208 0
0.0073265 0
0.0073321 0
0.0073377 0
0.0073433 0
0.007349 0
0.0073546 0
0.0073602 0
0.0073659 0
0.0073715 0
0.0073771 0
0.0073827 0
0.0073884 0
0.007394 0
0.0073996 0
0.0074053 0
0.0074109 0
0.0074165 0
0.0074221 0
0.0074278 0
0.0074334 0
0.007439 0
0.0074447 0
0.0074503 0
0.0074559 0
0.0074615 0
0.0074672 0
0.0074728 0
0.0074784 0
0.0074841 0
0.0074897 0
0.0074953 0
0.0075009 0
0.0075066 0
0.0075122 0
0.0075178 0
0.0075235 0
0.0075291 0
0.0075347 0
0.0075403 0
0.007546 0
0.0075516 0
0.0075572 0
0.0075629 0
0.0075685 1e-07
0.0075741 1e-07
0.0075797 1e-07
0.0075854 1e-07
0.007591 1e-07
0.0075966 1e-07
0.0076023 1e-07
0.0076079 2e-07
0.0076135 2e-07
0.0076191 3e-07
0.0076248 3e-07
0.0076304 4e-07
0.007636 5e-07
0.0076417 6e-07
0.0076473 8e-07
0.0076529 1e-06
0.0076585 1.3e-06
0.0076642 1.7e-06
0.0076698 2.2e-06
0.0076754 2.8e-06
0.0076811 3.7e-06
0.0076867 4.8e-06
0.0076923 6.2e-06
0.0076979 8e-06
0.0077036 1.03e-05
0.0077092 1.3e-05
0.0077148 1.66e-05
0.0077205 2.1e-05
0.0077261 2.56e-05
0.0077317 3.09e-05
0.0077373 3.72e-05
0.007743 4.47e-05
0.0077486 5.01e-05
0.0077542 5.49e-05
0.0077598 6e-05
0.0077655 6.57e-05
0.0077711 6.57e-05
0.0077767 6.37e-05
0.0077824 6.18e-05
0.007788 6e-05
0.0077936 5.38e-05
0.0077992 4.69e-05
0.0078049 4.08e-05
0.0078105 3.56e-05
0.0078161 2.98e-05
0.0078218 2.46e-05
0.0078274 2.02e-05
0.007833 1.67e-05
0.0078386 1.38e-05
0.0078443 1.14e-05
0.0078499 9.4e-06
0.0078555 7.8e-06
0.0078612 6.6e-06
0.0078668 5.7e-06
0.0078724 4.9e-06
0.007878 4.2e-06
0.0078837 3.8e-06
0.0078893 3.4e-06
0.0078949 3.1e-06
0.0079006 2.8e-06
0.0079062 2.7e-06
0.0079118 2.6e-06
0.0079174 2.5e-06
0.0079231 2.4e-06
0.0079287 2.3e-06
0.0079343 2.3e-06
0.00794 2.2e-06
0.0079456 2.2e-06
0.0079512 2.2e-06
0.0079568 2.1e-06
0.0079625 2.1e-06
0.0079681 2.1e-06
0.0079737 2e-06
0.0079794 2e-06
0.007985 2e-06
0.0079906 1.9e-06
0.0079962 1.9e-06
0.0080019 1.9e-06
0.0080075 1.9e-06
0.0080131 1.8e-06
0.0080188 1.8e-06
0.0080244 1.9e-06
0.00803 1.9e-06
0.0080356 1.9e-06
0.0080413 2e-06
0.0080469 2.2e-06
0.0080525 2.3e-06
0.0080582 2.5e-06
0.0080638 2.7e-06
0.0080694 3.1e-06
0.008075 3.5e-06
0.0080807 3.9e-06
0.0080863 4.6e-06
0.0080919 5.4e-06
0.0080976 6.3e-06
0.0081032 7.5e-06
0.0081088 9e-06
0.0081144 1.08e-05
0.0081201 1.3e-05
0.0081257 1.57e-05
0.0081313 1.89e-05
0.008137 2.26e-05
0.0081426 2.7e-05
0.0081482 3.23e-05
0.0081538 3.78e-05
0.0081595 4.36e-05
0.0081651 5.02e-05
0.0081707 5.79e-05
0.0081764 6.45e-05
0.008182 7.02e-05
0.0081876 7.65e-05
0.0081932 8.34e-05
0.0081989 8.79e-05
0.0082045 9.07e-05
0.0082101 9.36e-05
0.0082158 9.66e-05
0.0082214 9.75e-05
0.008227 9.67e-05
0.0082326 9.6e-05
0.0082383 9.53e-05
0.0082439 9.32e-05
0.0082495 9.03e-05
0.0082552 8.75e-05
0.0082608 8.47e-05
0.0082664 8.09e-05
0.008272 7.66e-05
0.0082777 7.25e-05
0.0082833 6.86e-05
0.0082889 6.36e-05
0.0082946 5.82e-05
0.0083002 5.32e-05
0.0083058 4.86e-05
0.0083114 4.33e-05
0.0083171 3.78e-05
0.0083227 3.3e-05
0.0083283 2.88e-05
0.008334 2.45e-05
0.0083396 2.04e-05
0.0083452 1.7e-05
0.0083508 1.42e-05
0.0083565 1.16e-05
0.0083621 9.4e-06
0.0083677 7.6e-06
0.0083734 6.1e-06
0.008379 4.9e-06
0.0083846 3.9e-06
0.0083902 3.2e-06
0.0083959 2.5e-06
0.0084015 2e-06
0.0084071 1.7e-06
0.0084128 1.3e-06
0.0084184 1.1e-06
0.008424 9e-07
0.0084296 7e-07
0.0084353 6e-07
0.0084409 5e-07
0.0084465 4e-07
0.0084522 4e-07
0.0084578 3e-07
0.0084634 3e-07
0.008469 2e-07
0.0084747 2e-07
0.0084803 2e-07
0.0084859 1e-07
0.0084916 1e-07
0.0084972 1e-07
0.0085028 1e-07
0.0085084 1e-07
0.0085141 1e-07
0.0085197 1e-07
0.0085253 1e-07
0.008531 0
0.0085366 0
0.0085422 0
0.0085478 0
0.0085535 0
0.0085591 0
0.0085647 0
0.0085704 0
0.008576 0
0.0085816 0
0.0085872 0
0.0085929 0
0.0085985 0
0.0086041 0
0.0086098 0
0.0086154 0
0.008621 0
0.0086266 0
0.0086323 0
0.0086379 0
0.0086435 0
0.0086492 0
0.0086548 0
0.0086604 0
0.008666 0
0.0086717 0
0.0086773 0
0.0086829 0
0.0086886 0
0.0086942 0
0.0086998 0
0.0087054 0
0.0087111 0
0.0087167 0
0.0087223 0
0.008728 0
0.0087336 0
0.0087392 0
0.0087448 0
0.0087505 0
0.0087561 0
0.0087617 0
0.0087674 0
0.008773 0
0.0087786 0
0.0087842 0
0.0087899 0
0.0087955 0
0.0088011 0
0.0088068 0
0.0088124 0
0.008818 0
0.0088236 0
0.0088293 0
0.0088349 0
0.0088405 0
0.0088462 0
0.0088518 0
0.0088574 0
0.008863 0
0.0088687 0
0.0088743 0
0.0088799 0
0.0088856 0
0.0088912 0
0.0088968 0
0.0089024 0
0.0089081 0
0.0089137 0
0.0089193 0
0.008925 0
0.0089306 0
0.0089362 0
0.0089418 0
0.0089475 0
0.0089531 0
0.0089587 0
0.0089644 0
0.00897 0
0.0089756 0
0.0089812 0
0.0089869 0
0.0089925 0
0.0089981 0
0.0090038 0
0.0090094 0
0.009015 0
0.0090206 0
0.0090263 0
0.0090319 0
0.0090375 0
0.0090432 0
0.0090488 0
0.0090544 0
0.00906 0
0.0090657 0
0.0090713 0
0.0090769 0
0.0090826 0
0.0090882 0
0.0090938 0
0.0090994 0
0.0091051 0
0.0091107 0
0.0091163 0
0.009122 0
0.0091276 0
0.0091332 0
0.0091388 0
0.0091445 0
0.0091501 0
0.0091557 0
0.0091614 0
0.009167 0
0.0091726 0
0.0091782 0
0.0091839 0
0.0091895 0
0.0091951 0
0.0092008 0
0.0092064 0
0.009212 0
0.0092176 0
0.0092233 0
0.0092289 0
0.0092345 0
0.0092402 0
0.0092458 0
0.0092514 0
0.009257 0
0.0092627 0
0.0092683 0
0.0092739 0
0.0092795 0
0.0092852 0
0.0092908 0
0.0092964 0
0.0093021 0
0.0093077 0
0.0093133 0
0.0093189 0
0.0093246 0
0.0093302 0
0.0093358 0
0.0093415 0
0.0093471 0
0.0093527 0
0.0093583 0
0.009364 0
0.0093696 0
0.0093752 0
0.0093809 0
0.0093865 0
0.0093921 0
0.0093977 0
0.0094034 0
0.009409 0
0.0094146 0
0.0094203 0
0.0094259 0
0.0094315 0
0.0094371 0
0.0094428 0
0.0094484 0
0.009454 0
0.0094597 0
0.0094653 0
0.0094709 0
0.0094765 0
0.0094822 0
0.0094878 0
0.0094934 0
0.0094991 0
0.0095047 0
0.0095103 0
0.0095159 0
0.0095216 0
0.0095272 0
0.0095328 0
0.0095385 0
0.0095441 0
0.0095497 0
0.0095553 0
0.009561 0
0.0095666 0
0.0095722 0
0.0095779 0
0.0095835 0
0.0095891 0
0.0095947 0
0.0096004 0
0.009606 0
0.0096116 0
0.0096173 0
0.0096229 0
0.0096285 0
0.0096341 0
0.0096398 0
0.0096454 0
0.009651 0
0.0096567 0
0.0096623 0
0.0096679 0
0.0096735 0
0.0096792 0
0.0096848 0
0.0096904 0
0.0096961 0
0.0097017 0
0.0097073 0
0.0097129 0
0.0097186 0
0.0097242 0
0.0097298 0
0.0097355 0
0.0097411 0
0.0097467 0
0.0097523 0
0.009758 0
0.0097636 0
0.0097692 0
0.0097749 0
0.0097805 0
0.0097861 0
0.0097917 0
0.0097974 0
0.009803 0
0.0098086 0
0.0098143 0
0.0098199 0
0.0098255 0
0.0098311 0
0.0098368 0
0.0098424 0
0.009848 0
0.0098537 0
0.0098593 0
0.0098649 0
0.0098705 0
0.0098762 0
0.0098818 0
0.0098874 0
0.0098931 0
0.0098987 0
0.0099043 0
0.0099099 0
0.0099156 0
0.0099212 0
0.0099268 0
0.0099325 0
0.0099381 0
0.0099437 0
0.0099493 0
0.009955 0
0.0099606 0
0.0099662 0
0.0099719 0
0.0099775 0
0.0099831 0
0.0099887 0
0.0099944 0
0.01 0
