0.001 0
0.0010056 0
0.0010113 0
0.0010169 0
0.0010225 0
0.0010281 0
0.0010338 0
0.0010394 0
0.001045 0
0.0010507 0
0.0010563 0
0.0010619 0
0.0010675 0
0.0010732 0
0.0010788 0
0.0010844 0
0.0010901 0
0.0010957 0
0.0011013 0
0.0011069 0
0.0011126 0
0.0011182 0
0.0011238 0
0.0011295 0
0.0011351 0
0.0011407 0
0.0011463 0
0.001152 0
0.0011576 0
0.0011632 0
0.0011689 0
0.0011745 0
0.0011801 0
0.0011857 0
0.0011914 0
0.001197 0
0.0012026 0
0.0012083 0
0.0012139 0
0.0012195 0
0.0012251 0
0.0012308 0
0.0012364 0
0.001242 0
0.0012477 0
0.0012533 0
0.0012589 0
0.0012645 0
0.0012702 0
0.0012758 0
0.0012814 0
0.0012871 0
0.0012927 0
0.0012983 0
0.0013039 0
0.0013096 0
0.0013152 0
0.0013208 0
0.0013265 0
0.0013321 0
0.0013377 0
0.0013433 0
0.001349 0
0.0013546 0
0.0013602 0
0.0013659 0
0.0013715 0
0.0013771 0
0.0013827 0
0.0013884 0
0.001394 0
0.0013996 0
0.0014053 0
0.0014109 0
0.0014165 0
0.0014221 0
0.0014278 0
0.0014334 0
0.001439 0
0.0014447 0
0.0014503 0
0.0014559 0
0.0014615 0
0.0014672 0
0.0014728 0
0.0014784 0
0.0014841 0
0.0014897 0
0.0014953 0
0.0015009 0
0.0015066 0
0.0015122 0
0.0015178 0
0.0015235 0
0.0015291 0
0.0015347 0
0.0015403 0
0.001546 0
0.0015516 0
0.0015572 0
0.0015629 0
0.0015685 0
0.0015741 0
0.0015797 0
0.0015854 0
0.001591 0
0.0015966 0
0.0016023 0
0.0016079 0
0.0016135 0
0.0016191 0
0.0016248 0
0.0016304 0
0.001636 0
0.0016417 0
0.0016473 0
0.0016529 0
0.0016585 0
0.0016642 0
0.0016698 0
0.0016754 0
0.0016811 0
0.0016867 0
0.0016923 0
0.0016979 0
0.0017036 0
0.0017092 0
0.0017148 0
0.0017205 0
0.0017261 0
0.0017317 0
0.0017373 0
0.001743 0
0.0017486 0
0.0017542 0
0.0017598 0
0.0017655 0
0.0017711 0
0.0017767 0
0.0017824 0
0.001788 0
0.0017936 0
0.0017992 0
0.0018049 0
0.0018105 0
0.0018161 0
0.0018218 0
0.0018274 0
0.001833 0
0.0018386 0
0.0018443 0
0.0018499 0
0.0018555 0
0.0018612 0
0.0018668 0
0.0018724 0
0.001878 0
0.0018837 0
0.0018893 0
0.0018949 0
0.0019006 0
0.0019062 0
0.0019118 0
0.0019174 0
0.0019231 0
0.0019287 0
0.0019343 0
0.00194 0
0.0019456 0
0.0019512 0
0.0019568 0
0.0019625 0
0.0019681 0
0.0019737 0
0.0019794 0
0.001985 0
0.0019906 0
0.0019962 0
0.0020019 0
0.0020075 0
0.0020131 0
0.0020188 0
0.0020244 0
0.00203 0
0.0020356 0
0.0020413 0
0.0020469 0
0.0020525 0
0.0020582 0
0.0020638 0
0.0020694 0
0.002075 0
0.0020807 0
0.0020863 0
0.0020919 0
0.0020976 0
0.0021032 0
0.0021088 0
0.0021144 0
0.0021201 0
0.0021257 0
0.0021313 0
0.002137 0
0.0021426 0
0.0021482 0
0.0021538 0
0.0021595 0
0.0021651 0
0.0021707 0
0.0021764 0
0.002182 0
0.0021876 0
0.0021932 0
0.0021989 0
0.0022045 0
0.0022101 0
0.0022158 1e-07
0.0022214 1e-07
0.002227 1e-07
0.0022326 1e-07
0.0022383 1e-07
0.0022439 1e-07
0.0022495 1e-07
0.0022552 2e-07
0.0022608 2e-07
0.0022664 2e-07
0.002272 2e-07
0.0022777 2e-07
0.0022833 3e-07
0.0022889 3e-07
0.0022946 3e-07
0.0023002 3e-07
0.0023058 3e-07
0.0023114 3e-07
0.0023171 4e-07
0.0023227 4e-07
0.0023283 4e-07
0.002334 4e-07
0.0023396 4e-07
0.0023452 4e-07
0.0023508 4e-07
0.0023565 4e-07
0.0023621 4e-07
0.0023677 4e-07
0.0023734 4e-07
0.002379 4e-07
0.0023846 5e-07
0.0023902 5e-07
0.0023959 5e-07
0.0024015 5e-07
0.0024071 5e-07
0.0024128 5e-07
0.0024184 5e-07
0.002424 5e-07
0.0024296 5e-07
0.0024353 5e-07
0.0024409 5e-07
0.0024465 5e-07
0.0024522 5e-07
0.0024578 5e-07
0.0024634 5e-07
0.002469 6e-07
0.0024747 6e-07
0.0024803 6e-07
0.0024859 6e-07
0.0024916 6e-07
0.0024972 6e-07
0.0025028 6e-07
0.0025084 6e-07
0.0025141 6e-07
0.0025197 6e-07
0.0025253 6e-07
0.002531 7e-07
0.0025366 7e-07
0.0025422 7e-07
0.0025478 7e-07
0.0025535 7e-07
0.0025591 7e-07
0.0025647 8e-07
0.0025704 8e-07
0.002576 8e-07
0.0025816 8e-07
0.0025872 8e-07
0.0025929 9e-07
0.0025985 9e-07
0.0026041 9e-07
0.0026098 9e-07
0.0026154 1e-06
0.002621 1e-06
0.0026266 1e-06
0.0026323 1.1e-06
0.0026379 1.1e-06
0.0026435 1.1e-06
0.0026492 1.2e-06
0.0026548 1.2e-06
0.0026604 1.3e-06
0.002666 1.3e-06
0.0026717 1.3e-06
0.0026773 1.4e-06
0.0026829 1.4e-06
0.0026886 1.5e-06
0.0026942 1.5e-06
0.0026998 1.6e-06
0.0027054 1.6e-06
0.0027111 1.7e-06
0.0027167 1.8e-06
0.0027223 1.8e-06
0.002728 1.9e-06
0.0027336 1.9e-06
0.0027392 2e-06
0.0027448 2e-06
0.0027505 2.1e-06
0.0027561 2.1e-06
0.0027617 2.2e-06
0.0027674 2.2e-06
0.002773 2.3e-06
0.0027786 2.3e-06
0.0027842 2.4e-06
0.0027899 2.4e-06
0.0027955 2.4e-06
0.0028011 2.5e-06
0.0028068 2.5e-06
0.0028124 2.5e-06
0.002818 2.5e-06
0.0028236 2.6e-06
0.0028293 2.6e-06
0.0028349 2.6e-06
0.0028405 2.6e-06
0.0028462 2.6e-06
0.0028518 2.6e-06
0.0028574 2.6e-06
0.002863 2.6e-06
0.0028687 2.6e-06
0.0028743 2.6e-06
0.0028799 2.6e-06
0.0028856 2.6e-06
0.0028912 2.5e-06
0.0028968 2.5e-06
0.0029024 2.5e-06
0.0029081 2.5e-06
0.0029137 2.5e-06
0.0029193 2.5e-06
0.002925 2.5e-06
0.0029306 2.5e-06
0.0029362 2.4e-06
0.0029418 2.4e-06
0.0029475 2.4e-06
0.0029531 2.4e-06
0.0029587 2.4e-06
0.0029644 2.4e-06
0.00297 2.4e-06
0.0029756 2.4e-06
0.0029812 2.4e-06
0.0029869 2.4e-06
0.0029925 2.4e-06
0.0029981 2.5e-06
0.0030038 2.5e-06
0.0030094 2.5e-06
0.003015 2.5e-06
0.0030206 2.5e-06
0.0030263 2.5e-06
0.0030319 2.6e-06
0.0030375 2.6e-06
0.0030432 2.6e-06
0.0030488 2.7e-06
0.0030544 2.7e-06
0.00306 2.8e-06
0.0030657 2.8e-06
0.0030713 2.9e-06
0.0030769 2.9e-06
0.0030826 3e-06
0.0030882 3e-06
0.0030938 3.1e-06
0.0030994 3.2e-06
0.0031051 3.2e-06
0.0031107 3.3e-06
0.0031163 3.4e-06
0.003122 3.5e-06
0.0031276 3.6e-06
0.0031332 3.7e-06
0.0031388 3.8e-06
0.0031445 3.9e-06
0.0031501 4e-06
0.0031557 4.1e-06
0.0031614 4.2e-06
0.003167 4.4e-06
0.0031726 4.5e-06
0.0031782 4.7e-06
0.0031839 4.9e-06
0.0031895 5e-06
0.0031951 5.2e-06
0.0032008 5.4e-06
0.0032064 5.6e-06
0.003212 5.8e-06
0.0032176 6.1e-06
0.0032233 6.3e-06
0.0032289 6.6e-06
0.0032345 6.9e-06
0.0032402 7.2e-06
0.0032458 7.5e-06
0.0032514 7.8e-06
0.003257 8.1e-06
0.0032627 8.5e-06
0.0032683 8.9e-06
0.0032739 9.3e-06
0.0032795 9.8e-06
0.0032852 1.02e-05
0.0032908 1.07e-05
0.0032964 1.13e-05
0.0033021 1.18e-05
0.0033077 1.24e-05
0.0033133 1.31e-05
0.0033189 1.37e-05
0.0033246 1.45e-05
0.0033302 1.52e-05
0.0033358 1.61e-05
0.0033415 1.7e-05
0.0033471 1.79e-05
0.0033527 1.89e-05
0.0033583 2e-05
0.003364 2.12e-05
0.0033696 2.24e-05
0.0033752 2.38e-05
0.0033809 2.52e-05
0.0033865 2.68e-05
0.0033921 2.84e-05
0.0033977 3.02e-05
0.0034034 3.22e-05
0.003409 3.42e-05
0.0034146 3.64e-05
0.0034203 3.89e-05
0.0034259 4.15e-05
0.0034315 4.43e-05
0.0034371 4.73e-05
0.0034428 5.06e-05
0.0034484 5.41e-05
0.003454 5.79e-05
0.0034597 6.2e-05
0.0034653 6.66e-05
0.0034709 7.14e-05
0.0034765 7.67e-05
0.0034822 8.23e-05
0.0034878 8.86e-05
0.0034934 9.54e-05
0.0034991 0.0001027
0.0035047 0.0001106
0.0035103 0.0001194
0.0035159 0.0001289
0.0035216 0.0001391
0.0035272 0.0001503
0.0035328 0.0001627
0.0035385 0.0001762
0.0035441 0.0001908
0.0035497 0.0002066
0.0035553 0.0002241
0.003561 0.0002432
0.0035666 0.0002638
0.0035722 0.0002863
0.0035779 0.0003108
0.0035835 0.0003375
0.0035891 0.0003664
0.0035947 0.0003977
0.0036004 0.0004313
0.003606 0.0004677
0.0036116 0.0005072
0.0036173 0.0005497
0.0036229 0.0005942
0.0036285 0.0006422
0.0036341 0.0006942
0.0036398 0.0007498
0.0036454 0.0008063
0.003651 0.0008671
0.0036567 0.0009324
0.0036623 0.0010019
0.0036679 0.0010704
0.0036735 0.0011436
0.0036792 0.0012218
0.0036848 0.0013044
0.0036904 0.0013836
0.0036961 0.0014677
0.0037017 0.0015569
0.0037073 0.0016504
0.0037129 0.0017379
0.0037186 0.00183
0.0037242 0.001927
0.0037298 0.0020279
0.0037355 0.0021201
0.0037411 0.0022164
0.0037467 0.0023172
0.0037523 0.0024211
0.003758 0.0025138
0.0037636 0.0026101
0.0037692 0.0027101
0.0037749 0.0028126
0.0037805 0.0029023
0.0037861 0.002995
0.0037917 0.0030906
0.0037974 0.0031882
0.003803 0.0032741
0.0038086 0.0033624
0.0038143 0.0034531
0.0038199 0.0035456
0.0038255 0.0036321
0.0038311 0.0037206
0.0038368 0.0038113
0.0038424 0.0039043
0.003848 0.0040024
0.0038537 0.004103
0.0038593 0.004206
0.0038649 0.0043126
0.0038705 0.0044416
0.0038762 0.0045746
0.0038818 0.0047114
0.0038874 0.0048541
0.0038931 0.005044
0.0038987 0.0052413
0.0039043 0.0054463
0.0039099 0.0056616
0.0039156 0.0059596
0.0039212 0.0062733
0.0039268 0.0066035
0.0039325 0.0069537
0.0039381 0.0074411
0.0039437 0.0079627
0.0039493 0.0085209
0.003955 0.0091209
0.0039606 0.0099502
0.0039662 0.0108551
0.0039719 0.0118421
0.0039775 0.0129211
0.0039831 0.0143997
0.0039887 0.0160476
0.0039944 0.0178841
0.004 0.0199307
0.0040056 0.0227159
0.0040113 0.0258904
0.0040169 0.0295085
0.0040225 0.0336321
0.0040281 0.0391998
0.0040338 0.045697
0.0040394 0.053271
0.004045 0.0621004
0.0040507 0.0739383
0.0040563 0.0880611
0.0040619 0.1048816
0.0040675 0.1249149
0.0040732 0.1515622
0.0040788 0.1839728
0.0040844 0.2233142
0.0040901 0.2710685
0.0040957 0.3339436
0.0041013 0.4115917
0.0041069 0.5072945
0.0041126 0.62525
0.0041182 0.7785492
0.0041238 0.9698216
0.0041295 1.2080853
0.0041351 1.5048851
0.0041407 1.8847221
0.0041463 2.3610315
0.004152 2.9577144
0.0041576 3.7051917
0.0041632 4.6456311
0.0041689 5.8250525
0.0041745 7.3039025
0.0041801 9.1581993
0.0041857 11.4482794
0.0041914 14.308218
0.004197 17.8826088
0.0042026 22.349932
0.0042083 27.7488776
0.0042139 34.43546
0.0042195 42.7332924
0.0042251 53.0306341
0.0042308 65.1268922
0.0042364 79.9145476
0.004242 98.0598752
0.0042477 120.3252651
0.0042533 145.4535971
0.0042589 175.5926094
0.0042645 211.9766378
0.0042702 255.8996939
0.0042758 302.7489062
0.0042814 357.4586008
0.0042871 422.0548734
0.0042927 498.3243256
0.0042983 573.6742506
0.0043039 658.6095957
0.0043096 756.1200438
0.0043152 868.067402
0.0043208 968.101855
0.0043265 1075.9866459
0.0043321 1195.8940644
0.0043377 1329.1639061
0.0043433 1433.4459633
0.004349 1540.0010394
0.0043546 1654.4768775
0.0043602 1777.4622666
0.0043659 1856.3089587
0.0043715 1931.1654034
0.0043771 2009.040466
0.0043827 2090.0558734
0.0043884 2122.5297039
0.004394 2147.9035333
0.0043996 2173.5806947
0.0044053 2199.5648143
0.0044109 2184.417894
0.0044165 2163.0031472
0.0044221 2141.7983381
0.0044278 2120.8014084
0.0044334 2071.7320458
0.004439 2019.2303115
0.0044447 1968.0590736
0.0044503 1918.1846147
0.0044559 1852.5395023
0.0044615 1786.2447952
0.0044672 1722.3225008
0.0044728 1660.6877202
0.0044784 1592.1242558
0.0044841 1524.7551076
0.0044897 1460.2366176
0.0044953 1398.4481631
0.0045009 1335.2729268
0.0045066 1274.1957796
0.0045122 1215.9123819
0.0045178 1160.2949437
0.0045235 1106.5199542
0.0045291 1055.0973794
0.0045347 1006.0645322
0.0045403 959.3103563
0.004546 916.0955534
0.0045516 875.1150904
0.0045572 835.9678404
0.0045629 798.571797
0.0045685 765.3534225
0.0045741 734.0736593
0.0045797 704.0722906
0.0045854 675.2970687
0.004591 650.6079844
0.0045966 627.5047165
0.0046023 605.2218519
0.0046079 583.7302579
0.0046135 565.7665843
0.0046191 549.0403802
0.0046248 532.8086661
0.0046304 517.056823
0.004636 503.9986735
0.0046417 491.8510625
0.0046473 479.9962388
0.0046529 468.4271457
0.0046585 458.5474464
0.0046642 449.2619119
0.0046698 440.1644085
0.0046754 431.2511284
0.0046811 422.8954044
0.0046867 414.8093353
0.0046923 406.8778779
0.0046979 399.0980756
0.0047036 390.6552127
0.0047092 382.149775
0.0047148 373.8295198
0.0047205 365.6904151
0.0047261 355.6987235
0.0047317 345.3568416
0.0047373 335.3156482
0.004743 325.5664009
0.0047486 313.065338
0.0047542 300.0872738
0.0047598 287.6472128
0.0047655 275.7228522
0.0047711 260.7675009
0.0047767 245.4885813
0.0047824 231.104886
0.004788 217.5639618
0.0047936 201.4915525
0.0047992 185.5189062
0.0048049 170.8124442
0.0048105 157.2717935
0.0048161 142.2386582
0.0048218 127.7917375
0.0048274 114.8121641
0.004833 103.1509023
0.0048386 91.0468942
0.0048443 79.8164157
0.0048499 69.9711974
0.0048555 61.34037
0.0048612 52.915967
0.0048668 45.3557535
0.0048724 38.8756833
0.004878 33.3214342
0.0048837 28.1757266
0.0048893 23.6908746
0.0048949 19.9198959
0.0049006 16.7491601
0.0049062 13.9318758
0.0049118 11.5347771
0.0049174 9.5501197
0.0049231 7.9069397
0.0049287 6.4933495
0.0049343 5.3131472
0.00494 4.3474533
0.0049456 3.5572795
0.0049512 2.8943462
0.0049568 2.3488319
0.0049625 1.9061338
0.0049681 1.5468736
0.0049737 1.25151
0.0049794 1.0110723
0.004985 0.816827
0.0049906 0.6598997
0.0049962 0.5330518
0.0050019 0.4305593
0.0050075 0.3477735
0.0050131 0.2809054
0.0050188 0.2275977
0.0050244 0.1846985
0.00503 0.1498852
0.0050356 0.1216338
0.0050413 0.0993371
0.0050469 0.0814009
0.0050525 0.0667033
0.0050582 0.0546594
0.0050638 0.0452065
0.0050694 0.0375779
0.005075 0.0312367
0.0050807 0.0259655
0.0050863 0.0218316
0.0050919 0.0184744
0.0050976 0.0156335
0.0051032 0.0132295
0.0051088 0.0113376
0.0051144 0.0097882
0.0051201 0.0084505
0.0051257 0.0072956
0.0051313 0.0063806
0.005137 0.0056241
0.0051426 0.0049572
0.0051482 0.0043694
0.0051538 0.0038995
0.0051595 0.0035071
0.0051651 0.0031542
0.0051707 0.0028368
0.0051764 0.0025803
0.005182 0.002364
0.0051876 0.0021658
0.0051932 0.0019842
0.0051989 0.0018355
0.0052045 0.0017088
0.0052101 0.0015909
0.0052158 0.001481
0.0052214 0.0013895
0.005227 0.0013104
0.0052326 0.0012359
0.0052383 0.0011655
0.0052439 0.0011054
0.0052495 0.0010524
0.0052552 0.001002
0.0052608 0.000954
0.0052664 0.0009115
0.005272 0.0008729
0.0052777 0.0008361
0.0052833 0.0008007
0.0052889 0.0007679
0.0052946 0.0007373
0.0053002 0.0007078
0.0053058 0.0006795
0.0053114 0.0006521
0.0053171 0.0006257
0.0053227 0.0006003
0.0053283 0.0005759
0.005334 0.0005516
0.0053396 0.0005277
0.0053452 0.0005047
0.0053508 0.0004828
0.0053565 0.0004606
0.0053621 0.0004385
0.0053677 0.0004175
0.0053734 0.0003975
0.005379 0.0003773
0.0053846 0.0003573
0.0053902 0.0003383
0.0053959 0.0003203
0.0054015 0.0003024
0.0054071 0.0002846
0.0054128 0.0002679
0.0054184 0.0002522
0.005424 0.0002367
0.0054296 0.0002215
0.0054353 0.0002072
0.0054409 0.0001939
0.0054465 0.0001809
0.0054522 0.0001684
0.0054578 0.0001566
0.0054634 0.0001457
0.005469 0.0001352
0.0054747 0.0001252
0.0054803 0.0001158
0.0054859 0.0001072
0.0054916 9.9e-05
0.0054972 9.12e-05
0.0055028 8.4e-05
0.0055084 7.74e-05
0.0055141 7.12e-05
0.0055197 6.54e-05
0.0055253 6.01e-05
0.005531 5.52e-05
0.0055366 5.06e-05
0.0055422 4.64e-05
0.0055478 4.26e-05
0.0055535 3.9e-05
0.0055591 3.58e-05
0.0055647 3.29e-05
0.0055704 3.01e-05
0.005576 2.77e-05
0.0055816 2.54e-05
0.0055872 2.34e-05
0.0055929 2.15e-05
0.0055985 1.98e-05
0.0056041 1.82e-05
0.0056098 1.68e-05
0.0056154 1.55e-05
0.005621 1.44e-05
0.0056266 1.33e-05
0.0056323 1.23e-05
0.0056379 1.15e-05
0.0056435 1.06e-05
0.0056492 9.9e-06
0.0056548 9.2e-06
0.0056604 8.6e-06
0.005666 8.1e-06
0.0056717 7.5e-06
0.0056773 7.1e-06
0.0056829 6.6e-06
0.0056886 6.2e-06
0.0056942 5.9e-06
0.0056998 5.5e-06
0.0057054 5.2e-06
0.0057111 4.9e-06
0.0057167 4.7e-06
0.0057223 4.4e-06
0.005728 4.2e-06
0.0057336 4e-06
0.0057392 3.8e-06
0.0057448 3.6e-06
0.0057505 3.5e-06
0.0057561 3.3e-06
0.0057617 3.2e-06
0.0057674 3e-06
0.005773 2.9e-06
0.0057786 2.8e-06
0.0057842 2.7e-06
0.0057899 2.6e-06
0.0057955 2.5e-06
0.0058011 2.4e-06
0.0058068 2.3e-06
0.0058124 2.2e-06
0.005818 2.2e-06
0.0058236 2.1e-06
0.0058293 2.1e-06
0.0058349 2e-06
0.0058405 2e-06
0.0058462 1.9e-06
0.0058518 1.9e-06
0.0058574 1.8e-06
0.005863 1.8e-06
0.0058687 1.8e-06
0.0058743 1.8e-06
0.0058799 1.8e-06
0.0058856 1.7e-06
0.0058912 1.7e-06
0.0058968 1.7e-06
0.0059024 1.7e-06
0.0059081 1.8e-06
0.0059137 1.8e-06
0.0059193 1.8e-06
0.005925 1.8e-06
0.0059306 1.9e-06
0.0059362 1.9e-06
0.0059418 2e-06
0.0059475 2.1e-06
0.0059531 2.1e-06
0.0059587 2.2e-06
0.0059644 2.3e-06
0.00597 2.5e-06
0.0059756 2.6e-06
0.0059812 2.8e-06
0.0059869 3e-06
0.0059925 3.3e-06
0.0059981 3.6e-06
0.0060038 3.9e-06
0.0060094 4.2e-06
0.006015 4.7e-06
0.0060206 5.2e-06
0.0060263 5.8e-06
0.0060319 6.5e-06
0.0060375 7.4e-06
0.0060432 8.4e-06
0.0060488 9.6e-06
0.0060544 1.09e-05
0.00606 1.27e-05
0.0060657 1.47e-05
0.0060713 1.71e-05
0.0060769 1.99e-05
0.0060826 2.36e-05
0.0060882 2.78e-05
0.0060938 3.29e-05
0.0060994 3.91e-05
0.0061051 4.7e-05
0.0061107 5.64e-05
0.0061163 6.77e-05
0.006122 8.15e-05
0.0061276 9.9e-05
0.0061332 0.0001203
0.0061388 0.000146
0.0061445 0.0001777
0.0061501 0.0002172
0.0061557 0.0002655
0.0061614 0.0003245
0.006167 0.0003968
0.0061726 0.0004857
0.0061782 0.0005945
0.0061839 0.0007276
0.0061895 0.0008897
0.0061951 0.001085
0.0062008 0.0013233
0.0062064 0.0016138
0.006212 0.0019644
0.0062176 0.0023784
0.0062233 0.0028796
0.0062289 0.0034863
0.0062345 0.0042109
0.0062402 0.0050506
0.0062458 0.0060579
0.0062514 0.007266
0.006257 0.008694
0.0062627 0.0103269
0.0062683 0.0122666
0.0062739 0.0145705
0.0062795 0.0172707
0.0062852 0.0203355
0.0062908 0.0239442
0.0062964 0.0281932
0.0063021 0.0331411
0.0063077 0.0387446
0.0063133 0.0452956
0.0063189 0.0529542
0.0063246 0.0618321
0.0063302 0.0718961
0.0063358 0.0835981
0.0063415 0.0972047
0.0063471 0.1129297
0.0063527 0.130798
0.0063583 0.1514934
0.006364 0.1754634
0.0063696 0.2031137
0.0063752 0.2346347
0.0063809 0.2710473
0.0063865 0.3131107
0.0063921 0.3615995
0.0063977 0.4171335
0.0064034 0.4811963
0.006409 0.5550978
0.0064146 0.6403429
0.0064203 0.73865
0.0064259 0.8520494
0.0064315 0.9828582
0.0064371 1.1340596
0.0064428 1.3100702
0.0064484 1.5133983
0.006454 1.7482838
0.0064597 2.020716
0.0064653 2.3413394
0.0064709 2.7128357
0.0064765 3.1432766
0.0064822 3.6447245
0.0064878 4.2412285
0.0064934 4.9353577
0.0064991 5.7430897
0.0065047 6.6885844
0.0065103 7.8225347
0.0065159 9.1487294
0.0065216 10.6997607
0.0065272 12.523276
0.0065328 14.717195
0.0065385 17.2954608
0.0065441 20.325406
0.0065497 23.8980256
0.0065553 28.1775697
0.006561 33.2234741
0.0065666 39.1729749
0.0065722 46.1893042
0.0065779 54.4723879
0.0065835 64.2408691
0.0065891 75.7611226
0.0065947 89.2932268
0.0066004 104.8361682
0.006606 123.084612
0.0066116 144.5094947
0.0066173 169.438295
0.0066229 196.8732191
0.0066285 228.750321
0.0066341 265.7888646
0.0066398 308.2025168
0.0066454 352.1536847
0.006651 402.3725016
0.0066567 459.7527643
0.0066623 523.9888886
0.0066679 585.4362759
0.0066735 654.0895057
0.0066792 730.7935963
0.0066848 814.2325295
0.0066904 886.0731135
0.0066961 964.2522672
0.0067017 1049.3292489
0.0067073 1138.7962831
0.0067129 1205.1047243
0.0067186 1275.2740925
0.0067242 1349.5291971
0.0067298 1424.5606539
0.0067355 1466.5224597
0.0067411 1509.7202909
0.0067467 1554.1905557
0.0067523 1596.5248801
0.006758 1601.2611392
0.0067636 1606.011449
0.0067692 1610.775851
0.0067749 1612.5764943
0.0067805 1578.1564949
0.0067861 1544.4711809
0.0067917 1511.5048706
0.0067974 1476.8812988
0.006803 1411.6400246
0.0068086 1349.2807854
0.0068143 1289.6762675
0.0068199 1230.9902926
0.0068255 1149.6985485
0.0068311 1073.7751227
0.0068368 1002.8655038
0.0068424 935.5370716
0.006848 854.4378497
0.0068537 780.3689037
0.0068593 712.7207977
0.0068649 650.3414363
0.0068705 582.0362435
0.0068762 520.9051273
0.0068818 466.1945965
0.0068874 416.9746633
0.0068931 367.1454006
0.0068987 323.2708292
0.0069043 284.6393523
0.0069099 250.5457575
0.0069156 218.3147179
0.0069212 190.2299864
0.0069268 165.7581682
0.0069325 144.4236729
0.0069381 125.4275246
0.0069437 108.9299532
0.0069493 94.6023191
0.006955 82.1643467
0.0069606 71.6545677
0.0069662 62.4891121
0.0069719 54.4960253
0.0069775 47.529353
0.0069831 41.9170138
0.0069887 36.9673882
0.0069944 32.6022221
0.007 28.7525015
0.0070056 25.8007705
0.0070113 23.1520642
0.0070169 20.7752739
0.0070225 18.6424849
0.0070281 17.1031175
0.0070338 15.6934921
0.0070394 14.4000469
0.007045 13.2132065
0.0070507 12.4388328
0.0070563 11.7144234
0.0070619 11.032202
0.0070675 10.3897116
0.0070732 10.0595557
0.0070788 9.7461213
0.0070844 9.4424529
0.0070901 9.1482462
0.0070957 9.1177284
0.0071013 9.0952937
0.0071069 9.0729141
0.0071126 9.0505897
0.0071182 9.2790402
0.0071238 9.5234417
0.0071295 9.7742806
0.0071351 10.0317263
0.0071407 10.5572031
0.0071463 11.1233654
0.007152 11.7198899
0.0071576 12.3484049
0.0071632 13.294883
0.0071689 14.3311039
0.0071745 15.4480891
0.0071801 16.6521337
0.0071857 18.2671356
0.0071914 20.0612396
0.007197 22.0315512
0.0072026 24.1953767
0.0072083 26.9253154
0.0072139 29.9920328
0.0072195 33.4080407
0.0072251 37.2131223
0.0072308 41.8272783
0.0072364 47.0480547
0.007242 52.9204753
0.0072477 59.5258767
0.0072533 67.2854031
0.0072589 76.0901142
0.0072645 86.0469762
0.0072702 97.3067552
0.0072758 110.1082713
0.0072814 124.6016039
0.0072871 141.0026649
0.0072927 159.562565
0.0072983 179.8172903
0.0073039 202.5520005
0.0073096 228.161112
0.0073152 257.0080418
0.0073208 286.7765125
0.0073265 319.6370583
0.0073321 356.2629593
0.0073377 397.0856724
0.0073433 436.0321624
0.007349 477.8913834
0.0073546 523.7691025
0.0073602 574.0510966
0.0073659 616.8463505
0.0073715 661.0427356
0.0073771 708.4057446
0.0073827 759.1622629
0.0073884 794.9338755
0.007394 829.5711727
0.0073996 865.7177053
0.0074053 903.4392346
0.0074109 919.9247168
0.0074165 933.1160291
0.0074221 946.496499
0.0074278 960.0688389
0.0074334 950.6669687
0.007439 937.5869336
0.0074447 924.6868641
0.0074503 911.9642841
0.0074559 879.5624885
0.0074615 844.9670391
0.0074672 811.7323175
0.0074728 779.8048027
0.0074784 734.198003
0.0074841 688.6533417
0.0074897 645.9339621
0.0074953 605.8646029
0.0075009 558.0613525
0.0075066 512.1843405
0.0075122 470.0787781
0.0075178 431.4346225
0.0075235 389.4948024
0.0075291 350.4222985
0.0075347 315.2693863
0.0075403 283.6428685
0.007546 251.433383
0.0075516 222.1550796
0.0075572 196.286105
0.0075629 173.4294578
0.0075685 151.2981558
0.0075741 131.6030748
0.0075797 114.4717806
0.0075854 99.570535
0.007591 85.7575321
0.0075966 73.6836352
0.0076023 63.3096355
0.0076079 54.3962026
0.0076135 46.4379231
0.0076191 39.5790323
0.0076248 33.733201
0.0076304 28.7508003
0.007636 24.4350385
0.0076417 20.7514433
0.0076473 17.623152
0.0076529 14.9664523
0.0076585 12.7147519
0.0076642 10.8028859
0.0076698 9.1784995
0.0076754 7.7983655
0.0076811 6.6431887
0.0076867 5.6634614
0.0076923 4.8282228
0.0076979 4.1161639
0.0077036 3.5221375
0.0077092 3.0172323
0.0077148 2.5847062
0.0077205 2.2141835
0.0077261 1.9034601
0.0077317 1.6381662
0.0077373 1.4098475
0.007743 1.2133507
0.0077486 1.0465398
0.0077542 0.9033174
0.0077598 0.7796954
0.0077655 0.6729915
0.0077711 0.5809101
0.0077767 0.5014334
0.0077824 0.4328303
0.007788 0.373613
0.0077936 0.3216712
0.0077992 0.276697
0.0078049 0.2380109
0.0078105 0.2047336
0.0078161 0.1752129
0.0078218 0.1496653
0.0078274 0.1278427
0.007833 0.1092021
0.0078386 0.0926218
0.0078443 0.0783449
0.0078499 0.0662688
0.0078555 0.056054
0.0078612 0.0470302
0.0078668 0.0393311
0.0078724 0.0328924
0.007878 0.0275078
0.0078837 0.0228185
0.0078893 0.0188649
0.0078949 0.0155963
0.0079006 0.0128941
0.0079062 0.010583
0.0079118 0.0086591
0.0079174 0.007085
0.0079231 0.005797
0.0079287 0.0047154
0.0079343 0.0038256
0.00794 0.0031037
0.0079456 0.002518
0.0079512 0.0020341
0.0079568 0.0016398
0.0079625 0.001322
0.0079681 0.0010658
0.0079737 0.0008568
0.0079794 0.0006878
0.007985 0.0005522
0.0079906 0.0004433
0.0079962 0.0003554
0.0080019 0.0002848
0.0080075 0.0002282
0.0080131 0.0001828
0.0080188 0.0001465
0.0080244 0.0001175
0.00803 9.42e-05
0.0080356 7.55e-05
0.0080413 6.07e-05
0.0080469 4.88e-05
0.0080525 3.93e-05
0.0080582 3.16e-05
0.0080638 2.56e-05
0.0080694 2.07e-05
0.008075 1.68e-05
0.0080807 1.36e-05
0.0080863 1.11e-05
0.0080919 9.1e-06
0.0080976 7.5e-06
0.0081032 6.1e-06
0.0081088 5.1e-06
0.0081144 4.2e-06
0.0081201 3.5e-06
0.0081257 2.9e-06
0.0081313 2.5e-06
0.008137 2.1e-06
0.0081426 1.8e-06
0.0081482 1.5e-06
0.0081538 1.3e-06
0.0081595 1.1e-06
0.0081651 1e-06
0.0081707 8e-07
0.0081764 7e-07
0.008182 6e-07
0.0081876 6e-07
0.0081932 5e-07
0.0081989 4e-07
0.0082045 4e-07
0.0082101 4e-07
0.0082158 3e-07
0.0082214 3e-07
0.008227 3e-07
0.0082326 2e-07
0.0082383 2e-07
0.0082439 2e-07
0.0082495 2e-07
0.0082552 2e-07
0.0082608 2e-07
0.0082664 2e-07
0.008272 1e-07
0.0082777 1e-07
0.0082833 1e-07
0.0082889 1e-07
0.0082946 1e-07
0.0083002 1e-07
0.0083058 1e-07
0.0083114 1e-07
0.0083171 1e-07
0.0083227 1e-07
0.0083283 1e-07
0.008334 1e-07
0.0083396 1e-07
0.0083452 1e-07
0.0083508 1e-07
0.0083565 1e-07
0.0083621 1e-07
0.0083677 1e-07
0.0083734 1e-07
0.008379 1e-07
0.0083846 1e-07
0.0083902 1e-07
0.0083959 1e-07
0.0084015 1e-07
0.0084071 1e-07
0.0084128 1e-07
0.0084184 1e-07
0.008424 1e-07
0.0084296 1e-07
0.0084353 1e-07
0.0084409 1e-07
0.0084465 1e-07
0.0084522 1e-07
0.0084578 1e-07
0.0084634 1e-07
0.008469 1e-07
0.0084747 1e-07
0.0084803 1e-07
0.0084859 1e-07
0.0084916 1e-07
0.0084972 1e-07
0.0085028 1e-07
0.0085084 1e-07
0.0085141 1e-07
0.0085197 1e-07
0.0085253 1e-07
0.008531 1e-07
0.0085366 1e-07
0.0085422 1e-07
0.0085478 1e-07
0.0085535 1e-07
0.0085591 1e-07
0.0085647 1e-07
0.0085704 2e-07
0.008576 2e-07
0.0085816 2e-07
0.0085872 2e-07
0.0085929 2e-07
0.0085985 2e-07
0.0086041 2e-07
0.0086098 2e-07
0.0086154 2e-07
0.008621 2e-07
0.0086266 2e-07
0.0086323 2e-07
0.0086379 3e-07
0.0086435 3e-07
0.0086492 3e-07
0.0086548 3e-07
0.0086604 3e-07
0.008666 3e-07
0.0086717 4e-07
0.0086773 4e-07
0.0086829 4e-07
0.0086886 4e-07
0.0086942 4e-07
0.0086998 5e-07
0.0087054 5e-07
0.0087111 5e-07
0.0087167 6e-07
0.0087223 6e-07
0.008728 6e-07
0.0087336 7e-07
0.0087392 7e-07
0.0087448 7e-07
0.0087505 8e-07
0.0087561 8e-07
0.0087617 9e-07
0.0087674 9e-07
0.008773 9e-07
0.0087786 1e-06
0.0087842 1e-06
0.0087899 1.1e-06
0.0087955 1.1e-06
0.0088011 1.2e-06
0.0088068 1.2e-06
0.0088124 1.3e-06
0.008818 1.3e-06
0.0088236 1.4e-06
0.0088293 1.4e-06
0.0088349 1.5e-06
0.0088405 1.5e-06
0.0088462 1.6e-06
0.0088518 1.6e-06
0.0088574 1.7e-06
0.008863 1.7e-06
0.0088687 1.7e-06
0.0088743 1.8e-06
0.0088799 1.8e-06
0.0088856 1.9e-06
0.0088912 1.9e-06
0.0088968 2e-06
0.0089024 2e-06
0.0089081 2.1e-06
0.0089137 2.1e-06
0.0089193 2.2e-06
0.008925 2.2e-06
0.0089306 2.3e-06
0.0089362 2.3e-06
0.0089418 2.4e-06
0.0089475 2.4e-06
0.0089531 2.5e-06
0.0089587 2.6e-06
0.0089644 2.6e-06
0.00897 2.7e-06
0.0089756 2.8e-06
0.0089812 2.9e-06
0.0089869 3e-06
0.0089925 3.1e-06
0.0089981 3.2e-06
0.0090038 3.3e-06
0.0090094 3.5e-06
0.009015 3.6e-06
0.0090206 3.8e-06
0.0090263 4e-06
0.0090319 4.2e-06
0.0090375 4.4e-06
0.0090432 4.7e-06
0.0090488 4.9e-06
0.0090544 5.2e-06
0.00906 5.6e-06
0.0090657 6e-06
0.0090713 6.4e-06
0.0090769 6.9e-06
0.0090826 7.5e-06
0.0090882 8.2e-06
0.0090938 8.9e-06
0.0090994 9.7e-06
0.0091051 1.06e-05
0.0091107 1.17e-05
0.0091163 1.28e-05
0.009122 1.42e-05
0.0091276 1.58e-05
0.0091332 1.75e-05
0.0091388 1.95e-05
0.0091445 2.18e-05
0.0091501 2.46e-05
0.0091557 2.76e-05
0.0091614 3.11e-05
0.009167 3.51e-05
0.0091726 3.99e-05
0.0091782 4.53e-05
0.0091839 5.14e-05
0.0091895 5.85e-05
0.0091951 6.68e-05
0.0092008 7.63e-05
0.0092064 8.72e-05
0.009212 9.96e-05
0.0092176 0.0001141
0.0092233 0.0001306
0.0092289 0.0001495
0.0092345 0.0001711
0.0092402 0.0001955
0.0092458 0.0002235
0.0092514 0.0002555
0.009257 0.0002917
0.0092627 0.0003318
0.0092683 0.0003774
0.0092739 0.0004293
0.0092795 0.0004874
0.0092852 0.0005501
0.0092908 0.0006209
0.0092964 0.0007008
0.0093021 0.0007892
0.0093077 0.0008821
0.0093133 0.0009859
0.0093189 0.0011019
0.0093246 0.0012285
0.0093302 0.0013578
0.0093358 0.0015007
0.0093415 0.0016586
0.0093471 0.0018283
0.0093527 0.0019962
0.0093583 0.0021796
0.009364 0.0023799
0.0093696 0.0025915
0.0093752 0.0027934
0.0093809 0.003011
0.0093865 0.0032456
0.0093921 0.003489
0.0093977 0.0037115
0.0094034 0.0039481
0.009409 0.0041998
0.0094146 0.0044562
0.0094203 0.0046792
0.0094259 0.0049134
0.0094315 0.0051593
0.0094371 0.0054053
0.0094428 0.0056088
0.0094484 0.0058198
0.009454 0.0060388
0.0094597 0.006255
0.0094653 0.0064268
0.0094709 0.0066033
0.0094765 0.0067847
0.0094822 0.0069626
0.0094878 0.007104
0.0094934 0.0072482
0.0094991 0.0073954
0.0095047 0.007541
0.0095103 0.0076659
0.0095159 0.0077929
0.0095216 0.0079219
0.0095272 0.0080527
0.0095328 0.0081832
0.0095385 0.0083159
0.0095441 0.0084508
0.0095497 0.0085911
0.0095553 0.008753
0.009561 0.008918
0.0095666 0.0090861
0.0095722 0.0092637
0.0095779 0.0094834
0.0095835 0.0097084
0.0095891 0.0099388
0.0095947 0.0101828
0.0096004 0.010487
0.009606 0.0108002
0.0096116 0.0111228
0.0096173 0.011464
0.0096229 0.0118783
0.0096285 0.0123075
0.0096341 0.0127523
0.0096398 0.013221
0.0096454 0.0137667
0.009651 0.014335
0.0096567 0.0149267
0.0096623 0.0155475
0.0096679 0.0162325
0.0096735 0.0169476
0.0096792 0.0176943
0.0096848 0.0184726
0.0096904 0.0192748
0.0096961 0.0201118
0.0097017 0.0209851
0.0097073 0.0218867
0.0097129 0.0227347
0.0097186 0.0236156
0.0097242 0.0245306
0.0097298 0.0254615
0.0097355 0.0262245
0.0097411 0.0270103
0.0097467 0.0278197
0.0097523 0.0286247
0.009758 0.0291284
0.0097636 0.029641
0.0097692 0.0301627
0.0097749 0.030659
0.0097805 0.0307357
0.0097861 0.0308126
0.0097917 0.0308897
0.0097974 0.0309312
0.009803 0.0304834
0.0098086 0.0300421
0.0098143 0.0296072
0.0098199 0.0291458
0.0098255 0.0281917
0.0098311 0.0272688
0.0098368 0.0263761
0.0098424 0.0254857
0.009848 0.0241629
0.0098537 0.0229086
0.0098593 0.0217195
0.0098649 0.0205727
0.0098705 0.0191003
0.0098762 0.0177332
0.0098818 0.0164641
0.0098874 0.0152736
0.0098931 0.013884
0.0098987 0.0126208
0.0099043 0.0114726
0.0099099 0.0104226
0.0099156 0.0092868
0.0099212 0.0082747
0.0099268 0.007373
0.0099325 0.0065669
0.0099381 0.0057511
0.0099437 0.0050367
0.0099493 0.004411
0.009955 0.0038623
0.0099606 0.0033384
0.0099662 0.0028856
0.0099719 0.0024942
0.0099775 0.0021558
0.0099831 0.0018482
0.0099887 0.0015845
0.0099944 0.0013584
0.01 0.0011646
