0.001 0
0.0010056 0
0.0010113 0
0.0010169 0
0.0010225 0
0.0010281 0
0.0010338 0
0.0010394 0
0.001045 0
0.0010507 0
0.0010563 0
0.0010619 0
0.0010675 0
0.0010732 0
0.0010788 0
0.0010844 0
0.0010901 0
0.0010957 0
0.0011013 0
0.0011069 0
0.0011126 0
0.0011182 0
0.0011238 0
0.0011295 0
0.0011351 0
0.0011407 0
0.0011463 0
0.001152 0
0.0011576 0
0.0011632 0
0.0011689 0
0.0011745 0
0.0011801 0
0.0011857 0
0.0011914 0
0.001197 0
0.0012026 0
0.0012083 0
0.0012139 0
0.0012195 0
0.0012251 0
0.0012308 0
0.0012364 0
0.001242 0
0.0012477 0
0.0012533 0
0.0012589 0
0.0012645 0
0.0012702 0
0.0012758 0
0.0012814 0
0.0012871 0
0.0012927 0
0.0012983 0
0.0013039 0
0.0013096 0
0.0013152 0
0.0013208 0
0.0013265 0
0.0013321 0
0.0013377 0
0.0013433 0
0.001349 0
0.0013546 0
0.0013602 0
0.0013659 0
0.0013715 0
0.0013771 0
0.0013827 0
0.0013884 0
0.001394 0
0.0013996 0
0.0014053 0
0.0014109 0
0.0014165 0
0.0014221 0
0.0014278 0
0.0014334 0
0.001439 0
0.0014447 0
0.0014503 0
0.0014559 0
0.0014615 0
0.0014672 0
0.0014728 0
0.0014784 0
0.0014841 0
0.0014897 0
0.0014953 0
0.0015009 0
0.0015066 0
0.0015122 0
0.0015178 0
0.0015235 0
0.0015291 0
0.0015347 0
0.0015403 0
0.001546 0
0.0015516 0
0.0015572 0
0.0015629 0
0.0015685 0
0.0015741 0
0.0015797 0
0.0015854 0
0.001591 0
0.0015966 0
0.0016023 0
0.0016079 0
0.0016135 0
0.0016191 0
0.0016248 0
0.0016304 0
0.001636 0
0.0016417 0
0.0016473 0
0.0016529 0
0.0016585 0
0.0016642 0
0.0016698 0
0.0016754 0
0.0016811 0
0.0016867 0
0.0016923 0
0.0016979 0
0.0017036 0
0.0017092 0
0.0017148 0
0.0017205 0
0.0017261 0
0.0017317 0
0.0017373 0
0.001743 0
0.0017486 0
0.0017542 0
0.0017598 0
0.0017655 0
0.0017711 0
0.0017767 0
0.0017824 0
0.001788 0
0.0017936 0
0.0017992 0
0.0018049 0
0.0018105 0
0.0018161 0
0.0018218 0
0.0018274 0
0.001833 0
0.0018386 0
0.0018443 0
0.0018499 0
0.0018555 0
0.0018612 0
0.0018668 0
0.0018724 0
0.001878 0
0.0018837 0
0.0018893 0
0.0018949 0
0.0019006 0
0.0019062 0
0.0019118 0
0.0019174 0
0.0019231 0
0.0019287 0
0.0019343 0
0.00194 0
0.0019456 0
0.0019512 0
0.0019568 0
0.0019625 0
0.0019681 0
0.0019737 0
0.0019794 0
0.001985 0
0.0019906 0
0.0019962 0
0.0020019 0
0.0020075 0
0.0020131 0
0.0020188 0
0.0020244 0
0.00203 0
0.0020356 0
0.0020413 0
0.0020469 0
0.0020525 0
0.0020582 0
0.0020638 0
0.0020694 0
0.002075 0
0.0020807 0
0.0020863 0
0.0020919 0
0.0020976 0
0.0021032 0
0.0021088 0
0.0021144 0
0.0021201 0
0.0021257 0
0.0021313 0
0.002137 0
0.0021426 0
0.0021482 0
0.0021538 0
0.0021595 0
0.0021651 0
0.0021707 0
0.0021764 0
0.002182 0
0.0021876 0
0.0021932 0
0.0021989 0
0.0022045 0
0.0022101 0
0.0022158 0
0.0022214 0
0.002227 0
0.0022326 0
0.0022383 0
0.0022439 0
0.0022495 0
0.0022552 0
0.0022608 0
0.0022664 0
0.002272 0
0.0022777 0
0.0022833 0
0.0022889 0
0.0022946 0
0.0023002 0
0.0023058 0
0.0023114 0
0.0023171 0
0.0023227 0
0.0023283 0
0.002334 0
0.0023396 0
0.0023452 0
0.0023508 0
0.0023565 0
0.0023621 0
0.0023677 0
0.0023734 0
0.002379 0
0.0023846 0
0.0023902 0
0.0023959 0
0.0024015 0
0.0024071 0
0.0024128 0
0.0024184 0
0.002424 0
0.0024296 0
0.0024353 0
0.0024409 0
0.0024465 0
0.0024522 0
0.0024578 0
0.0024634 0
0.002469 0
0.0024747 0
0.0024803 0
0.0024859 0
0.0024916 0
0.0024972 0
0.0025028 0
0.0025084 0
0.0025141 0
0.0025197 0
0.0025253 0
0.002531 0
0.0025366 0
0.0025422 0
0.0025478 0
0.0025535 0
0.0025591 0
0.0025647 0
0.0025704 0
0.002576 0
0.0025816 0
0.0025872 0
0.0025929 0
0.0025985 0
0.0026041 0
0.0026098 0
0.0026154 0
0.002621 0
0.0026266 0
0.0026323 0
0.0026379 0
0.0026435 0
0.0026492 0
0.0026548 0
0.0026604 0
0.002666 0
0.0026717 0
0.0026773 0
0.0026829 0
0.0026886 0
0.0026942 0
0.0026998 0
0.0027054 0
0.0027111 0
0.0027167 0
0.0027223 0
0.002728 0
0.0027336 0
0.0027392 0
0.0027448 0
0.0027505 0
0.0027561 0
0.0027617 0
0.0027674 0
0.002773 0
0.0027786 0
0.0027842 0
0.0027899 0
0.0027955 0
0.0028011 0
0.0028068 0
0.0028124 0
0.002818 0
0.0028236 0
0.0028293 0
0.0028349 0
0.0028405 0
0.0028462 0
0.0028518 0
0.0028574 0
0.002863 0
0.0028687 0
0.0028743 0
0.0028799 0
0.0028856 0
0.0028912 0
0.0028968 0
0.0029024 0
0.0029081 0
0.0029137 1e-07
0.0029193 1e-07
0.002925 1e-07
0.0029306 1e-07
0.0029362 2e-07
0.0029418 2e-07
0.0029475 3e-07
0.0029531 4e-07
0.0029587 5e-07
0.0029644 7e-07
0.00297 9e-07
0.0029756 1.2e-06
0.0029812 1.6e-06
0.0029869 2.2e-06
0.0029925 3.2e-06
0.0029981 4.8e-06
0.0030038 7.2e-06
0.0030094 1.12e-05
0.003015 1.94e-05
0.0030206 3.36e-05
0.0030263 5.83e-05
0.0030319 0.0001022
0.0030375 0.0001839
0.0030432 0.0003307
0.0030488 0.0005948
0.0030544 0.0010274
0.00306 0.0016251
0.0030657 0.0025706
0.0030713 0.0040663
0.0030769 0.0060015
0.0030826 0.0075824
0.0030882 0.0095796
0.0030938 0.012103
0.0030994 0.0145621
0.0031051 0.0156397
0.0031107 0.0167972
0.0031163 0.0180402
0.003122 0.0188962
0.0031276 0.0186336
0.0031332 0.0183747
0.0031388 0.0181193
0.0031445 0.0172236
0.0031501 0.0149366
0.0031557 0.0129534
0.0031614 0.0112334
0.003167 0.0092507
0.0031726 0.0066611
0.0031782 0.0047964
0.0031839 0.0034537
0.0031895 0.0024361
0.0031951 0.0016253
0.0032008 0.0010844
0.0032064 0.0007235
0.003212 0.0005023
0.0032176 0.0003898
0.0032233 0.0003024
0.0032289 0.0002347
0.0032345 0.0001914
0.0032402 0.0001807
0.0032458 0.0001705
0.0032514 0.0001609
0.003257 0.0001543
0.0032627 0.0001553
0.0032683 0.0001563
0.0032739 0.0001574
0.0032795 0.0001569
0.0032852 0.0001518
0.0032908 0.0001469
0.0032964 0.0001421
0.0033021 0.0001367
0.0033077 0.0001288
0.0033133 0.0001214
0.0033189 0.0001143
0.0033246 0.0001093
0.0033302 0.0001098
0.0033358 0.0001103
0.0033415 0.0001108
0.0033471 0.0001132
0.0033527 0.0001225
0.0033583 0.0001326
0.003364 0.0001435
0.0033696 0.0001553
0.0033752 0.0001675
0.0033809 0.0001806
0.0033865 0.0001948
0.0033921 0.0002077
0.0033977 0.0002113
0.0034034 0.0002149
0.003409 0.0002186
0.0034146 0.0002213
0.0034203 0.0002198
0.0034259 0.0002183
0.0034315 0.0002168
0.0034371 0.0002183
0.0034428 0.0002337
0.0034484 0.0002502
0.003454 0.0002679
0.0034597 0.0002916
0.0034653 0.0003422
0.0034709 0.0004017
0.0034765 0.0004715
0.0034822 0.0005547
0.0034878 0.000659
0.0034934 0.000783
0.0034991 0.0009304
0.0035047 0.0010973
0.0035103 0.0012464
0.0035159 0.0014159
0.0035216 0.0016083
0.0035272 0.0018162
0.0035328 0.0019879
0.0035385 0.0021757
0.0035441 0.0023813
0.0035497 0.002605
0.0035553 0.0028418
0.003561 0.0031
0.0035666 0.0033817
0.0035722 0.0036843
0.0035779 0.0039838
0.0035835 0.0043076
0.0035891 0.0046578
0.0035947 0.0050092
0.0036004 0.0052045
0.003606 0.0054074
0.0036116 0.0056182
0.0036173 0.0057981
0.0036229 0.0057154
0.0036285 0.0056338
0.0036341 0.0055535
0.0036398 0.0054463
0.0036454 0.005145
0.003651 0.0048603
0.0036567 0.0045914
0.0036623 0.0043275
0.0036679 0.0040057
0.0036735 0.0037078
0.0036792 0.0034321
0.0036848 0.0031737
0.0036904 0.0029097
0.0036961 0.0026676
0.0037017 0.0024457
0.0037073 0.0022396
0.0037129 0.002028
0.0037186 0.0018364
0.0037242 0.001663
0.0037298 0.0015051
0.0037355 0.0013549
0.0037411 0.0012198
0.0037467 0.0010981
0.0037523 0.00099
0.003758 0.0009071
0.0037636 0.0008312
0.0037692 0.0007616
0.0037749 0.0006999
0.0037805 0.000667
0.0037861 0.0006356
0.0037917 0.0006057
0.0037974 0.0005783
0.003803 0.000568
0.0038086 0.0005578
0.0038143 0.0005479
0.0038199 0.0005382
0.0038255 0.000531
0.0038311 0.0005239
0.0038368 0.0005168
0.0038424 0.0005097
0.003848 0.0004998
0.0038537 0.0004901
0.0038593 0.0004806
0.0038649 0.0004714
0.0038705 0.0004639
0.0038762 0.0004565
0.0038818 0.0004492
0.0038874 0.0004423
0.0038931 0.0004431
0.0038987 0.0004438
0.0039043 0.0004445
0.0039099 0.0004454
0.0039156 0.0004519
0.0039212 0.0004585
0.0039268 0.0004652
0.0039325 0.0004719
0.0039381 0.0004751
0.0039437 0.0004784
0.0039493 0.0004817
0.003955 0.0004849
0.0039606 0.0004797
0.0039662 0.0004747
0.0039719 0.0004697
0.0039775 0.0004647
0.0039831 0.0004571
0.0039887 0.0004496
0.0039944 0.0004423
0.004 0.0004351
0.0040056 0.0004343
0.0040113 0.0004335
0.0040169 0.0004327
0.0040225 0.0004319
0.0040281 0.0004381
0.0040338 0.0004445
0.0040394 0.000451
0.004045 0.0004575
0.0040507 0.0004631
0.0040563 0.0004688
0.0040619 0.0004745
0.0040675 0.0004803
0.0040732 0.0004792
0.0040788 0.0004778
0.0040844 0.0004765
0.0040901 0.0004752
0.0040957 0.000468
0.0041013 0.0004608
0.0041069 0.0004536
0.0041126 0.0004466
0.0041182 0.0004381
0.0041238 0.0004296
0.0041295 0.0004214
0.0041351 0.0004132
0.0041407 0.000406
0.0041463 0.0003989
0.004152 0.0003919
0.0041576 0.000385
0.0041632 0.0003788
0.0041689 0.0003728
0.0041745 0.0003668
0.0041801 0.0003609
0.0041857 0.0003555
0.0041914 0.0003503
0.004197 0.0003451
0.0042026 0.0003399
0.0042083 0.0003365
0.0042139 0.0003333
0.0042195 0.0003301
0.0042251 0.0003269
0.0042308 0.0003278
0.0042364 0.0003291
0.004242 0.0003303
0.0042477 0.0003316
0.0042533 0.0003386
0.0042589 0.0003464
0.0042645 0.0003544
0.0042702 0.0003625
0.0042758 0.0003763
0.0042814 0.0003912
0.0042871 0.0004066
0.0042927 0.0004226
0.0042983 0.0004417
0.0043039 0.0004619
0.0043096 0.000483
0.0043152 0.0005051
0.0043208 0.0005257
0.0043265 0.0005468
0.0043321 0.0005687
0.0043377 0.0005916
0.0043433 0.0006087
0.004349 0.0006254
0.0043546 0.0006425
0.0043602 0.0006602
0.0043659 0.0006715
0.0043715 0.0006821
0.0043771 0.0006929
0.0043827 0.0007038
0.0043884 0.0007108
0.004394 0.0007173
0.0043996 0.0007239
0.0044053 0.0007305
0.0044109 0.000735
0.0044165 0.0007392
0.0044221 0.0007435
0.0044278 0.0007477
0.0044334 0.0007501
0.004439 0.0007521
0.0044447 0.0007541
0.0044503 0.0007561
0.0044559 0.0007557
0.0044615 0.0007548
0.0044672 0.0007538
0.0044728 0.0007529
0.0044784 0.0007485
0.0044841 0.0007434
0.0044897 0.0007383
0.0044953 0.0007333
0.0045009 0.0007232
0.0045066 0.0007122
0.0045122 0.0007014
0.0045178 0.0006908
0.0045235 0.0006747
0.0045291 0.0006579
0.0045347 0.0006414
0.0045403 0.0006254
0.004546 0.0006058
0.0045516 0.000586
0.0045572 0.0005668
0.0045629 0.0005483
0.0045685 0.0005296
0.0045741 0.0005113
0.0045797 0.0004937
0.0045854 0.0004767
0.004591 0.0004629
0.0045966 0.0004502
0.0046023 0.0004379
0.0046079 0.0004258
0.0046135 0.0004193
0.0046191 0.000414
0.0046248 0.0004089
0.0046304 0.0004038
0.004636 0.0004044
0.0046417 0.0004064
0.0046473 0.0004085
0.0046529 0.0004106
0.0046585 0.0004173
0.0046642 0.0004253
0.0046698 0.0004336
0.0046754 0.000442
0.0046811 0.0004541
0.0046867 0.0004676
0.0046923 0.0004815
0.0046979 0.0004958
0.0047036 0.0005151
0.0047092 0.0005366
0.0047148 0.000559
0.0047205 0.0005824
0.0047261 0.0006157
0.0047317 0.0006541
0.0047373 0.0006948
0.004743 0.0007381
0.0047486 0.0007992
0.0047542 0.0008709
0.0047598 0.0009489
0.0047655 0.001034
0.0047711 0.0011441
0.0047767 0.0012726
0.0047824 0.0014156
0.004788 0.0015746
0.0047936 0.0017589
0.0047992 0.0019677
0.0048049 0.0022013
0.0048105 0.0024626
0.0048161 0.0027344
0.0048218 0.0030276
0.0048274 0.0033523
0.004833 0.0037119
0.0048386 0.004059
0.0048443 0.0044172
0.0048499 0.0048071
0.0048555 0.0052313
0.0048612 0.0056407
0.0048668 0.0060596
0.0048724 0.0065097
0.004878 0.0069931
0.0048837 0.0074798
0.0048893 0.0079858
0.0048949 0.008526
0.0049006 0.0091028
0.0049062 0.0096699
0.0049118 0.0102501
0.0049174 0.0108652
0.0049231 0.0115171
0.0049287 0.012074
0.0049343 0.0125956
0.00494 0.0131398
0.0049456 0.0137074
0.0049512 0.0140877
0.0049568 0.0143792
0.0049625 0.0146766
0.0049681 0.0149803
0.0049737 0.0151277
0.0049794 0.0151989
0.004985 0.0152704
0.0049906 0.0153423
0.0049962 0.0153629
0.0050019 0.0153582
0.0050075 0.0153535
0.0050131 0.0153487
0.0050188 0.0153075
0.0050244 0.0152478
0.00503 0.0151884
0.0050356 0.0151292
0.0050413 0.0149626
0.0050469 0.0147419
0.0050525 0.0145245
0.0050582 0.0143103
0.0050638 0.0140146
0.0050694 0.0136799
0.005075 0.0133533
0.0050807 0.0130344
0.0050863 0.0128337
0.0050919 0.012698
0.0050976 0.0125638
0.0051032 0.0124309
0.0051088 0.0126266
0.0051144 0.0130234
0.0051201 0.0134325
0.0051257 0.0138546
0.0051313 0.0147321
0.005137 0.0159555
0.0051426 0.0172804
0.0051482 0.0187154
0.0051538 0.020677
0.0051595 0.0231287
0.0051651 0.025871
0.0051707 0.0289385
0.0051764 0.0326577
0.005182 0.0370651
0.0051876 0.0420673
0.0051932 0.0477445
0.0051989 0.0548528
0.0052045 0.0635307
0.0052101 0.0735814
0.0052158 0.0852222
0.0052214 0.1009242
0.005227 0.12135
0.0052326 0.1459097
0.0052383 0.1754399
0.0052439 0.214144
0.0052495 0.264174
0.0052552 0.3258924
0.0052608 0.4020299
0.0052664 0.4895771
0.005272 0.5906028
0.0052777 0.7124754
0.0052833 0.8594968
0.0052889 1.0031534
0.0052946 1.14216
0.0053002 1.3004287
0.0053058 1.4806286
0.0053114 1.6556257
0.0053171 1.8256289
0.0053227 2.0130884
0.0053283 2.2197965
0.005334 2.4768997
0.0053396 2.7900096
0.0053452 3.1427004
0.0053508 3.5399756
0.0053565 4.0446017
0.0053621 4.6755127
0.0053677 5.4048384
0.0053734 6.2479305
0.005379 7.1183097
0.0053846 8.0106773
0.0053902 9.0149141
0.0053959 10.1450443
0.0054015 10.9606755
0.0054071 11.4276389
0.0054128 11.9144966
0.0054184 12.4220961
0.005424 12.5491823
0.0054296 12.3227375
0.0054353 12.1003787
0.0054409 11.8820324
0.0054465 11.714647
0.0054522 11.592786
0.0054578 11.4721926
0.0054634 11.3528537
0.005469 11.4862621
0.0054747 11.8697965
0.0054803 12.2661374
0.0054859 12.6757125
0.0054916 13.1577228
0.0054972 13.7184131
0.0055028 14.3029961
0.0055084 14.9124899
0.0055141 15.167635
0.0055197 15.0441334
0.0055253 14.9216374
0.005531 14.8001389
0.0055366 14.294364
0.0055422 13.4270478
0.0055478 12.6123564
0.0055535 11.8470966
0.0055591 11.2222748
0.0055647 10.7272537
0.0055704 10.2540682
0.005576 9.8017553
0.0055816 9.7753403
0.0055872 10.2194379
0.0055929 10.6837109
0.0055985 11.1690761
0.0056041 12.1938616
0.0056098 13.9903115
0.0056154 16.051422
0.005621 18.4161837
0.0056266 21.5916905
0.0056323 25.9698703
0.0056379 31.2358202
0.0056435 37.5695547
0.0056492 45.5564363
0.0056548 55.7903337
0.0056604 68.3231961
0.005666 83.6714681
0.0056717 103.9229916
0.0056773 131.3796621
0.0056829 166.090442
0.0056886 209.9718821
0.0056942 269.887873
0.0056998 354.4241884
0.0057054 465.4396063
0.0057111 611.2281107
0.0057167 801.043965
0.0057223 1046.9520382
0.005728 1368.3500759
0.0057336 1788.4123263
0.0057392 2273.9339533
0.0057448 2783.8299668
0.0057505 3408.0626101
0.0057561 4172.2701791
0.0057617 4925.7283983
0.0057674 5523.4226875
0.005773 6193.6419791
0.0057786 6945.186551
0.0057842 7579.4733953
0.0057899 7949.8053537
0.0057955 8338.2316774
0.0058011 8745.6364543
0.0058068 8948.9266704
0.0058124 8821.4967246
0.005818 8695.8813417
0.0058236 8572.054683
0.0058293 8122.9436276
0.0058349 7238.3354297
0.0058405 6450.063203
0.0058462 5747.6357275
0.0058518 4878.9210943
0.0058574 3830.4324243
0.005863 3007.265802
0.0058687 2360.9991254
0.0058743 1802.5139961
0.0058799 1313.7329346
0.0058856 957.4928279
0.0058912 697.8530349
0.0058968 514.5846502
0.0059024 387.1074551
0.0059081 291.2099725
0.0059137 219.0690129
0.0059193 169.92903
0.005925 139.1641578
0.0059306 113.9691247
0.0059362 93.335537
0.0059418 77.7770251
0.0059475 66.9052842
0.0059531 57.5532047
0.0059587 49.5083672
0.0059644 42.6235398
0.00597 36.7540105
0.0059756 31.6927523
0.0059812 27.3284611
0.0059869 23.6815704
0.0059925 20.720055
0.0059981 18.1288941
0.0060038 15.8617725
0.0060094 14.2057847
0.006015 13.3375251
0.0060206 12.5223337
0.0060263 11.7569668
0.0060319 11.3501715
0.0060375 11.6152642
0.0060432 11.8865483
0.0060488 12.1641685
0.0060544 12.5702557
0.00606 13.2672728
0.0060657 14.0029394
0.0060713 14.7793985
0.0060769 15.4967755
0.0060826 16.0112096
0.0060882 16.5427208
0.0060938 17.0918763
0.0060994 17.6396309
0.0061051 18.1579229
0.0061107 18.6914435
0.0061163 19.2406401
0.006122 20.1811911
0.0061276 22.1472147
0.0061332 24.3047655
0.0061388 26.672502
0.0061445 29.9763939
0.0061501 35.7563591
0.0061557 42.6508012
0.0061614 50.8746105
0.006167 60.9699821
0.0061726 73.9650875
0.0061782 89.7299619
0.0061839 108.8549522
0.0061895 130.4427329
0.0061951 151.218846
0.0062008 175.3040501
0.0062064 203.2253968
0.006212 233.0212958
0.0062176 259.0966111
0.0062233 288.0897801
0.0062289 320.3273137
0.0062345 355.3808519
0.0062402 391.7248443
0.0062458 431.7856541
0.0062514 475.9433919
0.006257 522.4126874
0.0062627 566.148918
0.0062683 613.5467325
0.0062739 664.9126776
0.0062795 709.6559778
0.0062852 721.7610762
0.0062908 734.0726598
0.0062964 746.5942507
0.0063021 744.7505465
0.0063077 697.0027145
0.0063133 652.3161161
0.0063189 610.494488
0.0063246 563.7404056
0.0063302 497.133714
0.0063358 438.3966931
0.0063415 386.5995307
0.0063471 339.1331317
0.0063527 291.9335974
0.0063583 251.3031531
0.006364 216.3275324
0.0063696 185.6018611
0.0063752 157.2680046
0.0063809 133.2595757
0.0063865 112.9162576
0.0063921 95.1621363
0.0063977 78.5135507
0.0064034 64.7776298
0.006409 53.444804
0.0064146 44.0142873
0.0064203 35.9767101
0.0064259 29.4068983
0.0064315 24.0368189
0.0064371 19.8068996
0.0064428 16.9015568
0.0064484 14.4223795
0.006454 12.3068563
0.0064597 10.6618536
0.0064653 9.8942179
0.0064709 9.1818507
0.0064765 8.5207727
0.0064822 7.9809627
0.0064878 7.8143658
0.0064934 7.6512465
0.0064991 7.4915322
0.0065047 7.3191069
0.0065103 7.0720813
0.0065159 6.8333929
0.0065216 6.6027605
0.0065272 6.3555723
0.0065328 5.9941874
0.0065385 5.6533512
0.0065441 5.3318954
0.0065497 5.044616
0.0065553 4.8586979
0.006561 4.6796317
0.0065666 4.507165
0.0065722 4.3786175
0.0065779 4.4794137
0.0065835 4.5825302
0.0065891 4.6880205
0.0065947 4.8161641
0.0066004 5.0826413
0.006606 5.3638625
0.0066116 5.6606437
0.0066173 5.9452782
0.0066229 6.0432869
0.0066285 6.1429114
0.0066341 6.2441781
0.0066398 6.310302
0.0066454 6.111564
0.006651 5.9190852
0.0066567 5.7326683
0.0066623 5.5572019
0.0066679 5.4259989
0.0066735 5.2978935
0.0066792 5.1728126
0.0066848 5.0856789
0.0066904 5.302245
0.0066961 5.5280332
0.0067017 5.7634362
0.0067073 6.0339227
0.0067129 6.5645014
0.0067186 7.1417353
0.0067242 7.7697269
0.0067298 8.4216015
0.0067355 8.7926241
0.0067411 9.1799924
0.0067467 9.5844267
0.0067523 9.9456152
0.006758 9.6430431
0.0067636 9.3496761
0.0067692 9.0652341
0.0067749 8.7625189
0.0067805 8.1562207
0.0067861 7.5918737
0.0067917 7.066575
0.0067974 6.576425
0.006803 6.104933
0.0068086 5.6672443
0.0068143 5.2609354
0.0068199 4.8815976
0.0068255 4.4984279
0.0068311 4.1453343
0.0068368 3.8199558
0.0068424 3.5136747
0.006848 3.1271178
0.0068537 2.7830881
0.0068593 2.4769067
0.0068649 2.2015737
0.0068705 1.9042408
0.0068762 1.6470641
0.0068818 1.4246204
0.0068874 1.2327772
0.0068931 1.0792159
0.0068987 0.944783
0.0069043 0.8270958
0.0069099 0.7250869
0.0069156 0.6651383
0.0069212 0.6101462
0.0069268 0.5597007
0.0069325 0.5138659
0.0069381 0.4896278
0.0069437 0.4665329
0.0069493 0.4445274
0.006955 0.4235376
0.0069606 0.4021485
0.0069662 0.3818395
0.0069719 0.3625562
0.0069775 0.3441864
0.0069831 0.3192674
0.0069887 0.2961526
0.0069944 0.2747113
0.007 0.2548224
0.0070056 0.2352718
0.0070113 0.2172213
0.0070169 0.2005556
0.0070225 0.1851686
0.0070281 0.1746328
0.0070338 0.164723
0.0070394 0.1553756
0.007045 0.1465586
0.0070507 0.1404188
0.0070563 0.1345682
0.0070619 0.1289614
0.0070675 0.1235883
0.0070732 0.1160794
0.0070788 0.1089761
0.0070844 0.1023075
0.0070901 0.096047
0.0070957 0.0867668
0.0071013 0.0782898
0.0071069 0.070641
0.0071126 0.0637395
0.0071182 0.056766
0.0071238 0.0505297
0.0071295 0.0449785
0.0071351 0.0400372
0.0071407 0.0368322
0.0071463 0.0339365
0.007152 0.0312685
0.0071576 0.0288102
0.0071632 0.0279272
0.0071689 0.0271477
0.0071745 0.02639
0.0071801 0.0256534
0.0071857 0.025395
0.0071914 0.0251684
0.007197 0.0249438
0.0072026 0.0247212
0.0072083 0.0239506
0.0072139 0.0231658
0.0072195 0.0224067
0.0072251 0.0216725
0.0072308 0.0204911
0.0072364 0.0193383
0.007242 0.0182504
0.0072477 0.0172237
0.0072533 0.0164411
0.0072589 0.0157102
0.0072645 0.0150118
0.0072702 0.0143444
0.0072758 0.0141266
0.0072814 0.0139537
0.0072871 0.013783
0.0072927 0.0136143
0.0072983 0.0134864
0.0073039 0.0133638
0.0073096 0.0132423
0.0073152 0.013122
0.0073208 0.0125308
0.0073265 0.0119144
0.0073321 0.0113283
0.0073377 0.010771
0.0073433 0.0098756
0.007349 0.0090128
0.0073546 0.0082254
0.0073602 0.0075068
0.0073659 0.006901
0.0073715 0.0063503
0.0073771 0.0058436
0.0073827 0.0053773
0.0073884 0.0051896
0.007394 0.0050435
0.0073996 0.0049016
0.0074053 0.0047636
0.0074109 0.0048479
0.0074165 0.0049694
0.0074221 0.0050939
0.0074278 0.0052215
0.0074334 0.0054376
0.007439 0.0056776
0.0074447 0.0059282
0.0074503 0.0061898
0.0074559 0.0064592
0.0074615 0.0067396
0.0074672 0.0070323
0.0074728 0.0073376
0.0074784 0.0077253
0.0074841 0.0081472
0.0074897 0.0085921
0.0074953 0.0090614
0.0075009 0.00969
0.0075066 0.0103907
0.0075122 0.0111421
0.0075178 0.0119479
0.0075235 0.0126529
0.0075291 0.0133646
0.0075347 0.0141163
0.0075403 0.0149103
0.007546 0.0149618
0.0075516 0.014845
0.0075572 0.0147292
0.0075629 0.0146142
0.0075685 0.0137049
0.0075741 0.0126855
0.0075797 0.0117419
0.0075854 0.0108685
0.007591 0.0098287
0.0075966 0.0088382
0.0076023 0.0079476
0.0076079 0.0071467
0.0076135 0.0064311
0.0076191 0.0057883
0.0076248 0.0052097
0.0076304 0.004689
0.007636 0.004154
0.0076417 0.0036645
0.0076473 0.0032327
0.0076529 0.0028517
0.0076585 0.0024016
0.0076642 0.0019966
0.0076698 0.0016598
0.0076754 0.0013799
0.0076811 0.0011054
0.0076867 0.0008761
0.0076923 0.0006943
0.0076979 0.0005503
0.0077036 0.0004414
0.0077092 0.0003554
0.0077148 0.0002861
0.0077205 0.0002304
0.0077261 0.0001942
0.0077317 0.0001661
0.0077373 0.0001421
0.007743 0.0001215
0.0077486 0.0001074
0.0077542 9.59e-05
0.0077598 8.56e-05
0.0077655 7.64e-05
0.0077711 6.76e-05
0.0077767 5.95e-05
0.0077824 5.25e-05
0.007788 4.62e-05
0.0077936 3.99e-05
0.0077992 3.41e-05
0.0078049 2.92e-05
0.0078105 2.5e-05
0.0078161 2.19e-05
0.0078218 1.92e-05
0.0078274 1.69e-05
0.007833 1.49e-05
0.0078386 1.39e-05
0.0078443 1.32e-05
0.0078499 1.25e-05
0.0078555 1.19e-05
0.0078612 1.19e-05
0.0078668 1.21e-05
0.0078724 1.23e-05
0.007878 1.24e-05
0.0078837 1.27e-05
0.0078893 1.3e-05
0.0078949 1.33e-05
0.0079006 1.36e-05
0.0079062 1.37e-05
0.0079118 1.37e-05
0.0079174 1.37e-05
0.0079231 1.37e-05
0.0079287 1.38e-05
0.0079343 1.4e-05
0.00794 1.42e-05
0.0079456 1.44e-05
0.0079512 1.5e-05
0.0079568 1.59e-05
0.0079625 1.67e-05
0.0079681 1.77e-05
0.0079737 1.9e-05
0.0079794 2.07e-05
0.007985 2.25e-05
0.0079906 2.45e-05
0.0079962 2.63e-05
0.0080019 2.79e-05
0.0080075 2.97e-05
0.0080131 3.16e-05
0.0080188 3.22e-05
0.0080244 3.2e-05
0.00803 3.18e-05
0.0080356 3.16e-05
0.0080413 3.03e-05
0.0080469 2.85e-05
0.0080525 2.68e-05
0.0080582 2.52e-05
0.0080638 2.34e-05
0.0080694 2.15e-05
0.008075 1.98e-05
0.0080807 1.82e-05
0.0080863 1.66e-05
0.0080919 1.5e-05
0.0080976 1.35e-05
0.0081032 1.22e-05
0.0081088 1.08e-05
0.0081144 9.4e-06
0.0081201 8.2e-06
0.0081257 7.2e-06
0.0081313 6.2e-06
0.008137 5.3e-06
0.0081426 4.5e-06
0.0081482 3.8e-06
0.0081538 3.3e-06
0.0081595 2.8e-06
0.0081651 2.4e-06
0.0081707 2.1e-06
0.0081764 1.8e-06
0.008182 1.6e-06
0.0081876 1.4e-06
0.0081932 1.3e-06
0.0081989 1.1e-06
0.0082045 1.1e-06
0.0082101 1e-06
0.0082158 9e-07
0.0082214 8e-07
0.008227 8e-07
0.0082326 8e-07
0.0082383 7e-07
0.0082439 7e-07
0.0082495 7e-07
0.0082552 6e-07
0.0082608 6e-07
0.0082664 6e-07
0.008272 6e-07
0.0082777 6e-07
0.0082833 6e-07
0.0082889 7e-07
0.0082946 7e-07
0.0083002 8e-07
0.0083058 9e-07
0.0083114 1.1e-06
0.0083171 1.4e-06
0.0083227 1.8e-06
0.0083283 2.2e-06
0.008334 2.9e-06
0.0083396 3.9e-06
0.0083452 5.2e-06
0.0083508 7e-06
0.0083565 9.5e-06
0.0083621 1.28e-05
0.0083677 1.72e-05
0.0083734 2.32e-05
0.008379 3.19e-05
0.0083846 4.49e-05
0.0083902 6.3e-05
0.0083959 8.86e-05
0.0084015 0.0001306
0.0084071 0.0002008
0.0084128 0.0003087
0.0084184 0.0004747
0.008424 0.0007391
0.0084296 0.0011639
0.0084353 0.0018328
0.0084409 0.0028861
0.0084465 0.0041853
0.0084522 0.005623
0.0084578 0.0075545
0.0084634 0.0101494
0.008469 0.0121871
0.0084747 0.0131445
0.0084803 0.014177
0.0084859 0.0152906
0.0084916 0.0158526
0.0084972 0.0158075
0.0085028 0.0157625
0.0085084 0.0157177
0.0085141 0.0156963
0.0085197 0.0156987
0.0085253 0.0157011
0.008531 0.0157034
0.0085366 0.0151855
0.0085422 0.0141761
0.0085478 0.0132338
0.0085535 0.0123542
0.0085591 0.0106512
0.0085647 0.0084284
0.0085704 0.0066694
0.008576 0.0052776
0.0085816 0.0040093
0.0085872 0.0029108
0.0085929 0.0021133
0.0085985 0.0015343
0.0086041 0.0011612
0.0086098 0.0009216
0.0086154 0.0007315
0.008621 0.0005806
0.0086266 0.0004942
0.0086323 0.000457
0.0086379 0.0004225
0.0086435 0.0003907
0.0086492 0.0003736
0.0086548 0.0003724
0.0086604 0.0003711
0.008666 0.0003699
0.0086717 0.0003608
0.0086773 0.0003427
0.0086829 0.0003254
0.0086886 0.000309
0.0086942 0.0002881
0.0086998 0.0002623
0.0087054 0.0002389
0.0087111 0.0002175
0.0087167 0.000205
0.0087223 0.0002024
0.008728 0.0001999
0.0087336 0.0001973
0.0087392 0.0002053
0.0087448 0.0002296
0.0087505 0.0002568
0.0087561 0.0002871
0.0087617 0.0003246
0.0087674 0.0003727
0.008773 0.0004278
0.0087786 0.0004912
0.0087842 0.0005443
0.0087899 0.0005727
0.0087955 0.0006026
0.0088011 0.0006341
0.0088068 0.0006536
0.0088124 0.0006531
0.008818 0.0006526
0.0088236 0.000652
0.0088293 0.0006732
0.0088349 0.0007315
0.0088405 0.0007948
0.0088462 0.0008635
0.0088518 0.0009917
0.0088574 0.0012449
0.008863 0.0015628
0.0088687 0.0019619
0.0088743 0.0025272
0.0088799 0.0033978
0.0088856 0.0045682
0.0088912 0.0061417
0.0088968 0.0080652
0.0089024 0.0101721
0.0089081 0.0128295
0.0089137 0.016181
0.0089193 0.0195908
0.008925 0.022063
0.0089306 0.0248471
0.0089362 0.0279826
0.0089418 0.03082
0.0089475 0.0325902
0.0089531 0.0344621
0.0089587 0.0364415
0.0089644 0.0381553
0.00897 0.039209
0.0089756 0.0402918
0.0089812 0.0414046
0.0089869 0.0414771
0.0089925 0.0395293
0.0089981 0.0376729
0.0090038 0.0359038
0.0090094 0.0327876
0.009015 0.0274649
0.0090206 0.0230063
0.0090263 0.0192715
0.0090319 0.015718
0.0090375 0.0121234
0.0090432 0.0093508
0.0090488 0.0072124
0.0090544 0.0056136
0.00906 0.004456
0.0090657 0.003537
0.0090713 0.0028076
0.0090769 0.0022868
0.0090826 0.0019733
0.0090882 0.0017029
0.0090938 0.0014695
0.0090994 0.0012854
0.0091051 0.0011603
0.0091107 0.0010474
0.0091163 0.0009455
0.009122 0.0008535
0.0091276 0.0007706
0.0091332 0.0006957
0.0091388 0.0006281
0.0091445 0.0005724
0.0091501 0.0005339
0.0091557 0.000498
0.0091614 0.0004646
0.009167 0.0004451
0.0091726 0.0004569
0.0091782 0.0004691
0.0091839 0.0004816
0.0091895 0.0005061
0.0091951 0.0005664
0.0092008 0.000634
0.0092064 0.0007095
0.009212 0.0007921
0.0092176 0.000878
0.0092233 0.0009731
0.0092289 0.0010786
0.0092345 0.0011699
0.0092402 0.0011915
0.0092458 0.0012135
0.0092514 0.0012359
0.009257 0.0012404
0.0092627 0.0011913
0.0092683 0.0011441
0.0092739 0.0010988
0.0092795 0.0010575
0.0092852 0.0010248
0.0092908 0.0009932
0.0092964 0.0009625
0.0093021 0.0009376
0.0093077 0.0009294
0.0093133 0.0009213
0.0093189 0.0009132
0.0093246 9e-04
0.0093302 0.0008696
0.0093358 0.0008402
0.0093415 0.0008119
0.0093471 0.0007763
0.0093527 0.0007151
0.0093583 0.0006588
0.009364 0.0006069
0.0093696 0.0005599
0.0093752 0.0005197
0.0093809 0.0004824
0.0093865 0.0004477
0.0093921 0.0004224
0.0093977 0.0004248
0.0094034 0.0004273
0.009409 0.0004297
0.0094146 0.0004388
0.0094203 0.0004768
0.0094259 0.0005182
0.0094315 0.0005631
0.0094371 0.0006108
0.0094428 0.0006573
0.0094484 0.0007072
0.009454 0.000761
0.0094597 0.0008079
0.0094653 0.0008074
0.0094709 0.0008069
0.0094765 0.0008063
0.0094822 0.0007993
0.0094878 0.0007623
0.0094934 0.0007271
0.0094991 0.0006934
0.0095047 0.0006623
0.0095103 0.0006373
0.0095159 0.0006133
0.0095216 0.0005901
0.0095272 0.0005686
0.0095328 0.0005519
0.0095385 0.0005357
0.0095441 0.00052
0.0095497 0.0005016
0.0095553 0.0004674
0.009561 0.0004355
0.0095666 0.0004058
0.0095722 0.0003751
0.0095779 0.0003306
0.0095835 0.0002914
0.0095891 0.0002568
0.0095947 0.0002262
0.0096004 0.0001984
0.009606 0.000174
0.0096116 0.0001526
0.0096173 0.0001348
0.0096229 0.0001249
0.0096285 0.0001158
0.0096341 0.0001073
0.0096398 0.0001002
0.0096454 9.87e-05
0.009651 9.72e-05
0.0096567 9.57e-05
0.0096623 9.44e-05
0.0096679 9.4e-05
0.0096735 9.37e-05
0.0096792 9.33e-05
0.0096848 9.27e-05
0.0096904 9.03e-05
0.0096961 8.79e-05
0.0097017 8.56e-05
0.0097073 8.32e-05
0.0097129 8.05e-05
0.0097186 7.78e-05
0.0097242 7.53e-05
0.0097298 7.29e-05
0.0097355 7.2e-05
0.0097411 7.11e-05
0.0097467 7.02e-05
0.0097523 6.93e-05
0.009758 6.92e-05
0.0097636 6.9e-05
0.0097692 6.89e-05
0.0097749 6.86e-05
0.0097805 6.62e-05
0.0097861 6.4e-05
0.0097917 6.18e-05
0.0097974 5.95e-05
0.009803 5.48e-05
0.0098086 5.04e-05
0.0098143 4.64e-05
0.0098199 4.26e-05
0.0098255 3.86e-05
0.0098311 3.49e-05
0.0098368 3.16e-05
0.0098424 2.86e-05
0.009848 2.67e-05
0.0098537 2.5e-05
0.0098593 2.33e-05
0.0098649 2.18e-05
0.0098705 2.13e-05
0.0098762 2.08e-05
0.0098818 2.03e-05
0.0098874 1.98e-05
0.0098931 1.95e-05
0.0098987 1.92e-05
0.0099043 1.89e-05
0.0099099 1.86e-05
0.0099156 1.79e-05
0.0099212 1.73e-05
0.0099268 1.66e-05
0.0099325 1.6e-05
0.0099381 1.52e-05
0.0099437 1.44e-05
0.0099493 1.36e-05
0.009955 1.3e-05
0.0099606 1.25e-05
0.0099662 1.21e-05
0.0099719 1.18e-05
0.0099775 1.14e-05
0.0099831 1.14e-05
0.0099887 1.14e-05
0.0099944 1.14e-05
0.01 1.14e-05
