0.001 0
0.0010056 0
0.0010113 0
0.0010169 0
0.0010225 0
0.0010281 0
0.0010338 0
0.0010394 0
0.001045 0
0.0010507 0
0.0010563 0
0.0010619 0
0.0010675 0
0.0010732 0
0.0010788 0
0.0010844 0
0.0010901 0
0.0010957 0
0.0011013 0
0.0011069 0
0.0011126 0
0.0011182 0
0.0011238 0
0.0011295 0
0.0011351 0
0.0011407 0
0.0011463 0
0.001152 0
0.0011576 0
0.0011632 0
0.0011689 0
0.0011745 0
0.0011801 0
0.0011857 0
0.0011914 0
0.001197 0
0.0012026 0
0.0012083 0
0.0012139 0
0.0012195 0
0.0012251 0
0.0012308 0
0.0012364 0
0.001242 0
0.0012477 0
0.0012533 0
0.0012589 0
0.0012645 0
0.0012702 0
0.0012758 0
0.0012814 0
0.0012871 0
0.0012927 0
0.0012983 0
0.0013039 0
0.0013096 0
0.0013152 0
0.0013208 0
0.0013265 0
0.0013321 0
0.0013377 0
0.0013433 0
0.001349 0
0.0013546 0
0.0013602 0
0.0013659 0
0.0013715 0
0.0013771 0
0.0013827 0
0.0013884 0
0.001394 0
0.0013996 0
0.0014053 0
0.0014109 0
0.0014165 0
0.0014221 0
0.0014278 0
0.0014334 0
0.001439 0
0.0014447 0
0.0014503 0
0.0014559 0
0.0014615 0
0.0014672 0
0.0014728 0
0.0014784 0
0.0014841 0
0.0014897 0
0.0014953 0
0.0015009 0
0.0015066 0
0.0015122 0
0.0015178 0
0.0015235 0
0.0015291 0
0.0015347 0
0.0015403 0
0.001546 0
0.0015516 0
0.0015572 0
0.0015629 0
0.0015685 0
0.0015741 0
0.0015797 0
0.0015854 0
0.001591 0
0.0015966 0
0.0016023 0
0.0016079 0
0.0016135 0
0.0016191 0
0.0016248 0
0.0016304 0
0.001636 0
0.0016417 0
0.0016473 0
0.0016529 0
0.0016585 0
0.0016642 0
0.0016698 0
0.0016754 0
0.0016811 0
0.0016867 0
0.0016923 0
0.0016979 0
0.0017036 0
0.0017092 0
0.0017148 0
0.0017205 0
0.0017261 0
0.0017317 0
0.0017373 0
0.001743 0
0.0017486 0
0.0017542 0
0.0017598 0
0.0017655 0
0.0017711 0
0.0017767 0
0.0017824 0
0.001788 0
0.0017936 0
0.0017992 0
0.0018049 0
0.0018105 0
0.0018161 0
0.0018218 0
0.0018274 0
0.001833 0
0.0018386 0
0.0018443 0
0.0018499 0
0.0018555 0
0.0018612 0
0.0018668 0
0.0018724 0
0.001878 0
0.0018837 0
0.0018893 0
0.0018949 0
0.0019006 0
0.0019062 0
0.0019118 0
0.0019174 0
0.0019231 0
0.0019287 0
0.0019343 0
0.00194 0
0.0019456 0
0.0019512 0
0.0019568 0
0.0019625 0
0.0019681 0
0.0019737 0
0.0019794 0
0.001985 0
0.0019906 0
0.0019962 0
0.0020019 0
0.0020075 0
0.0020131 0
0.0020188 0
0.0020244 0
0.00203 0
0.0020356 0
0.0020413 0
0.0020469 0
0.0020525 0
0.0020582 0
0.0020638 0
0.0020694 0
0.002075 0
0.0020807 0
0.0020863 0
0.0020919 0
0.0020976 0
0.0021032 0
0.0021088 0
0.0021144 0
0.0021201 0
0.0021257 0
0.0021313 0
0.002137 0
0.0021426 0
0.0021482 0
0.0021538 0
0.0021595 0
0.0021651 0
0.0021707 0
0.0021764 0
0.002182 0
0.0021876 0
0.0021932 0
0.0021989 0
0.0022045 0
0.0022101 0
0.0022158 0
0.0022214 0
0.002227 0
0.0022326 0
0.0022383 0
0.0022439 0
0.0022495 0
0.0022552 0
0.0022608 0
0.0022664 0
0.002272 0
0.0022777 0
0.0022833 0
0.0022889 0
0.0022946 0
0.0023002 0
0.0023058 0
0.0023114 0
0.0023171 0
0.0023227 0
0.0023283 0
0.002334 0
0.0023396 0
0.0023452 0
0.0023508 0
0.0023565 0
0.0023621 0
0.0023677 0
0.0023734 0
0.002379 0
0.0023846 0
0.0023902 0
0.0023959 0
0.0024015 0
0.0024071 0
0.0024128 0
0.0024184 0
0.002424 0
0.0024296 0
0.0024353 0
0.0024409 0
0.0024465 0
0.0024522 0
0.0024578 0
0.0024634 0
0.002469 0
0.0024747 0
0.0024803 0
0.0024859 0
0.0024916 0
0.0024972 0
0.0025028 0
0.0025084 0
0.0025141 0
0.0025197 0
0.0025253 0
0.002531 0
0.0025366 0
0.0025422 0
0.0025478 0
0.0025535 0
0.0025591 0
0.0025647 0
0.0025704 0
0.002576 0
0.0025816 0
0.0025872 0
0.0025929 0
0.0025985 0
0.0026041 0
0.0026098 0
0.0026154 0
0.002621 0
0.0026266 0
0.0026323 0
0.0026379 0
0.0026435 0
0.0026492 0
0.0026548 0
0.0026604 0
0.002666 0
0.0026717 0
0.0026773 0
0.0026829 0
0.0026886 0
0.0026942 0
0.0026998 0
0.0027054 0
0.0027111 0
0.0027167 0
0.0027223 0
0.002728 0
0.0027336 0
0.0027392 0
0.0027448 0
0.0027505 0
0.0027561 0
0.0027617 0
0.0027674 0
0.002773 0
0.0027786 0
0.0027842 0
0.0027899 0
0.0027955 0
0.0028011 0
0.0028068 0
0.0028124 0
0.002818 0
0.0028236 0
0.0028293 0
0.0028349 0
0.0028405 0
0.0028462 0
0.0028518 0
0.0028574 0
0.002863 0
0.0028687 0
0.0028743 0
0.0028799 0
0.0028856 0
0.0028912 0
0.0028968 0
0.0029024 0
0.0029081 0
0.0029137 0
0.0029193 0
0.002925 0
0.0029306 0
0.0029362 0
0.0029418 0
0.0029475 0
0.0029531 0
0.0029587 0
0.0029644 0
0.00297 0
0.0029756 0
0.0029812 0
0.0029869 0
0.0029925 0
0.0029981 0
0.0030038 0
0.0030094 0
0.003015 0
0.0030206 0
0.0030263 0
0.0030319 0
0.0030375 0
0.0030432 0
0.0030488 0
0.0030544 0
0.00306 0
0.0030657 0
0.0030713 0
0.0030769 0
0.0030826 0
0.0030882 0
0.0030938 0
0.0030994 0
0.0031051 0
0.0031107 0
0.0031163 0
0.003122 0
0.0031276 0
0.0031332 0
0.0031388 0
0.0031445 0
0.0031501 0
0.0031557 0
0.0031614 0
0.003167 0
0.0031726 0
0.0031782 0
0.0031839 0
0.0031895 0
0.0031951 0
0.0032008 0
0.0032064 0
0.003212 0
0.0032176 0
0.0032233 0
0.0032289 0
0.0032345 0
0.0032402 0
0.0032458 0
0.0032514 0
0.003257 0
0.0032627 0
0.0032683 0
0.0032739 0
0.0032795 0
0.0032852 0
0.0032908 0
0.0032964 0
0.0033021 0
0.0033077 0
0.0033133 0
0.0033189 0
0.0033246 0
0.0033302 0
0.0033358 0
0.0033415 0
0.0033471 0
0.0033527 0
0.0033583 0
0.003364 0
0.0033696 0
0.0033752 0
0.0033809 0
0.0033865 0
0.0033921 0
0.0033977 0
0.0034034 0
0.003409 0
0.0034146 0
0.0034203 0
0.0034259 0
0.0034315 0
0.0034371 0
0.0034428 0
0.0034484 0
0.003454 0
0.0034597 0
0.0034653 0
0.0034709 0
0.0034765 0
0.0034822 0
0.0034878 0
0.0034934 0
0.0034991 0
0.0035047 0
0.0035103 0
0.0035159 0
0.0035216 0
0.0035272 0
0.0035328 0
0.0035385 0
0.0035441 0
0.0035497 0
0.0035553 0
0.003561 0
0.0035666 0
0.0035722 0
0.0035779 0
0.0035835 0
0.0035891 0
0.0035947 0
0.0036004 0
0.003606 0
0.0036116 0
0.0036173 0
0.0036229 0
0.0036285 0
0.0036341 0
0.0036398 0
0.0036454 0
0.003651 0
0.0036567 0
0.0036623 0
0.0036679 0
0.0036735 0
0.0036792 0
0.0036848 0
0.0036904 0
0.0036961 0
0.0037017 0
0.0037073 0
0.0037129 0
0.0037186 0
0.0037242 0
0.0037298 0
0.0037355 0
0.0037411 0
0.0037467 0
0.0037523 0
0.003758 0
0.0037636 0
0.0037692 0
0.0037749 0
0.0037805 0
0.0037861 0
0.0037917 0
0.0037974 0
0.003803 0
0.0038086 0
0.0038143 0
0.0038199 0
0.0038255 0
0.0038311 0
0.0038368 0
0.0038424 0
0.003848 0
0.0038537 0
0.0038593 0
0.0038649 0
0.0038705 0
0.0038762 0
0.0038818 0
0.0038874 0
0.0038931 0
0.0038987 0
0.0039043 0
0.0039099 0
0.0039156 0
0.0039212 0
0.0039268 0
0.0039325 0
0.0039381 0
0.0039437 0
0.0039493 0
0.003955 0
0.0039606 0
0.0039662 0
0.0039719 0
0.0039775 0
0.0039831 0
0.0039887 0
0.0039944 0
0.004 0
0.0040056 0
0.0040113 0
0.0040169 0
0.0040225 0
0.0040281 0
0.0040338 0
0.0040394 0
0.004045 0
0.0040507 0
0.0040563 0
0.0040619 0
0.0040675 0
0.0040732 0
0.0040788 0
0.0040844 0
0.0040901 0
0.0040957 0
0.0041013 0
0.0041069 0
0.0041126 0
0.0041182 0
0.0041238 0
0.0041295 0
0.0041351 0
0.0041407 0
0.0041463 0
0.004152 0
0.0041576 0
0.0041632 0
0.0041689 0
0.0041745 0
0.0041801 0
0.0041857 0
0.0041914 0
0.004197 0
0.0042026 0
0.0042083 0
0.0042139 0
0.0042195 0
0.0042251 0
0.0042308 0
0.0042364 0
0.004242 0
0.0042477 0
0.0042533 0
0.0042589 0
0.0042645 0
0.0042702 0
0.0042758 0
0.0042814 0
0.0042871 0
0.0042927 0
0.0042983 0
0.0043039 0
0.0043096 0
0.0043152 0
0.0043208 0
0.0043265 0
0.0043321 0
0.0043377 0
0.0043433 0
0.004349 0
0.0043546 0
0.0043602 0
0.0043659 0
0.0043715 0
0.0043771 0
0.0043827 0
0.0043884 0
0.004394 0
0.0043996 0
0.0044053 0
0.0044109 0
0.0044165 0
0.0044221 0
0.0044278 0
0.0044334 0
0.004439 0
0.0044447 1e-07
0.0044503 2e-07
0.0044559 4e-07
0.0044615 7e-07
0.0044672 1.4e-06
0.0044728 2.7e-06
0.0044784 4.7e-06
0.0044841 8.2e-06
0.0044897 1.41e-05
0.0044953 2.43e-05
0.0045009 3.69e-05
0.0045066 5.45e-05
0.0045122 8.07e-05
0.0045178 0.0001194
0.0045235 0.000152
0.0045291 0.0001876
0.0045347 0.0002314
0.0045403 0.0002856
0.004546 0.0003025
0.0045516 0.0003099
0.0045572 0.0003175
0.0045629 0.0003252
0.0045685 0.0002975
0.0045741 0.0002651
0.0045797 0.0002362
0.0045854 0.0002104
0.004591 0.0001805
0.0045966 0.0001533
0.0046023 0.0001302
0.0046079 0.0001107
0.0046135 9.77e-05
0.0046191 8.72e-05
0.0046248 7.78e-05
0.0046304 6.94e-05
0.004636 6.5e-05
0.0046417 6.17e-05
0.0046473 5.85e-05
0.0046529 5.55e-05
0.0046585 5.09e-05
0.0046642 4.62e-05
0.0046698 4.2e-05
0.0046754 3.81e-05
0.0046811 3.22e-05
0.0046867 2.66e-05
0.0046923 2.19e-05
0.0046979 1.81e-05
0.0047036 1.48e-05
0.0047092 1.21e-05
0.0047148 9.8e-06
0.0047205 8e-06
0.0047261 6.8e-06
0.0047317 5.8e-06
0.0047373 5e-06
0.004743 4.3e-06
0.0047486 3.7e-06
0.0047542 3.2e-06
0.0047598 2.8e-06
0.0047655 2.4e-06
0.0047711 2e-06
0.0047767 1.7e-06
0.0047824 1.4e-06
0.004788 1.2e-06
0.0047936 1e-06
0.0047992 9e-07
0.0048049 8e-07
0.0048105 7e-07
0.0048161 7e-07
0.0048218 7e-07
0.0048274 7e-07
0.004833 7e-07
0.0048386 9e-07
0.0048443 1.2e-06
0.0048499 1.5e-06
0.0048555 1.9e-06
0.0048612 2.8e-06
0.0048668 4.4e-06
0.0048724 6.8e-06
0.004878 1.05e-05
0.0048837 1.79e-05
0.0048893 3.17e-05
0.0048949 5.6e-05
0.0049006 9.9e-05
0.0049062 0.0001894
0.0049118 0.0003748
0.0049174 0.0007415
0.0049231 0.001467
0.0049287 0.0031228
0.0049343 0.0068677
0.00494 0.0151035
0.0049456 0.0332159
0.0049512 0.0751796
0.0049568 0.1724321
0.0049625 0.3954903
0.0049681 0.9070969
0.0049737 1.965839
0.0049794 4.1464609
0.004985 8.7459542
0.0049906 18.4474707
0.0049962 34.3685924
0.0050019 60.2194993
0.0050075 105.5145945
0.0050131 184.8791469
0.0050188 281.7373244
0.0050244 399.7629336
0.00503 567.2319186
0.0050356 804.8571352
0.0050413 1003.9081587
0.0050469 1169.6851798
0.0050525 1362.8372357
0.0050582 1587.8848112
0.0050638 1643.2462157
0.0050694 1593.8434483
0.005075 1545.9259322
0.0050807 1499.4490145
0.0050863 1310.5036423
0.0050919 1079.9395556
0.0050976 889.9398721
0.0051032 733.3678741
0.0051088 562.6254494
0.0051144 413.9962032
0.0051201 304.6304721
0.0051257 224.1559797
0.0051313 160.891057
0.005137 113.7654063
0.0051426 80.443052
0.0051482 56.8809521
0.0051538 40.6268401
0.0051595 29.1995283
0.0051651 20.9864329
0.0051707 15.0834753
0.0051764 10.9453813
0.005182 7.9916285
0.0051876 5.8349841
0.0051932 4.2603381
0.0051989 3.06878
0.0052045 2.1907366
0.0052101 1.5639201
0.0052158 1.1164492
0.0052214 0.779966
0.005227 0.5369026
0.0052326 0.3695859
0.0052383 0.2544106
0.0052439 0.1758015
0.0052495 0.1218107
0.0052552 0.0844012
0.0052608 0.0584806
0.0052664 0.0420452
0.005272 0.0310518
0.0052777 0.0229328
0.0052833 0.0169367
0.0052889 0.012959
0.0052946 0.0101823
0.0053002 0.0080006
0.0053058 0.0062863
0.0053114 0.0049787
0.0053171 0.0039674
0.0053227 0.0031615
0.0053283 0.0025193
0.005334 0.0019988
0.0053396 0.0015805
0.0053452 0.0012497
0.0053508 0.0009881
0.0053565 0.0007934
0.0053621 0.0006451
0.0053677 0.0005246
0.0053734 0.0004266
0.005379 0.0003631
0.0053846 0.0003213
0.0053902 0.0002843
0.0053959 0.0002516
0.0054015 0.0002337
0.0054071 0.0002263
0.0054128 0.0002193
0.0054184 0.0002124
0.005424 0.0002102
0.0054296 0.000212
0.0054353 0.0002139
0.0054409 0.0002158
0.0054465 0.0002178
0.0054522 0.00022
0.0054578 0.0002222
0.0054634 0.0002244
0.005469 0.0002307
0.0054747 0.0002412
0.0054803 0.0002522
0.0054859 0.0002637
0.0054916 0.0002906
0.0054972 0.0003372
0.0055028 0.0003913
0.0055084 0.0004541
0.0055141 0.0005551
0.0055197 0.0007155
0.0055253 0.0009221
0.005531 0.0011884
0.0055366 0.0015645
0.0055422 0.002106
0.0055478 0.0028348
0.0055535 0.003816
0.0055591 0.00514
0.0055647 0.0069282
0.0055704 0.0093385
0.005576 0.0125874
0.0055816 0.0170566
0.0055872 0.0232491
0.0055929 0.0316897
0.0055985 0.0431947
0.0056041 0.0594486
0.0056098 0.0827297
0.0056154 0.115128
0.005621 0.1602142
0.0056266 0.2209281
0.0056323 0.3013803
0.0056379 0.4111298
0.0056435 0.5608451
0.0056492 0.7366202
0.0056548 0.9238766
0.0056604 1.1587355
0.005666 1.4532978
0.0056717 1.7213638
0.0056773 1.897667
0.0056829 2.0920274
0.0056886 2.3062942
0.0056942 2.3913194
0.0056998 2.2905104
0.0057054 2.1939511
0.0057111 2.1014623
0.0057167 1.9001677
0.0057223 1.5910962
0.005728 1.3322967
0.0057336 1.1155922
0.0057392 0.8868163
0.0057448 0.6563257
0.0057505 0.4857414
0.0057561 0.3594933
0.0057617 0.2557627
0.0057674 0.1720587
0.005773 0.1157487
0.0057786 0.0778674
0.0057842 0.0514375
0.0057899 0.0330844
0.0057955 0.0212797
0.0058011 0.0136871
0.0058068 0.0088004
0.0058124 0.0056554
0.005818 0.0036343
0.0058236 0.0023355
0.0058293 0.0015066
0.0058349 0.0009777
0.0058405 0.0006344
0.0058462 0.0004117
0.0058518 0.000268
0.0058574 0.0001754
0.005863 0.0001147
0.0058687 7.51e-05
0.0058743 4.96e-05
0.0058799 3.34e-05
0.0058856 2.24e-05
0.0058912 1.51e-05
0.0058968 1.03e-05
0.0059024 7.4e-06
0.0059081 5.2e-06
0.0059137 3.7e-06
0.0059193 2.7e-06
0.005925 2.1e-06
0.0059306 1.6e-06
0.0059362 1.2e-06
0.0059418 9e-07
0.0059475 7e-07
0.0059531 6e-07
0.0059587 5e-07
0.0059644 4e-07
0.00597 3e-07
0.0059756 3e-07
0.0059812 2e-07
0.0059869 2e-07
0.0059925 2e-07
0.0059981 1e-07
0.0060038 1e-07
0.0060094 1e-07
0.006015 1e-07
0.0060206 1e-07
0.0060263 1e-07
0.0060319 1e-07
0.0060375 1e-07
0.0060432 1e-07
0.0060488 1e-07
0.0060544 1e-07
0.00606 1e-07
0.0060657 1e-07
0.0060713 1e-07
0.0060769 2e-07
0.0060826 2e-07
0.0060882 2e-07
0.0060938 2e-07
0.0060994 3e-07
0.0061051 3e-07
0.0061107 4e-07
0.0061163 4e-07
0.006122 5e-07
0.0061276 6e-07
0.0061332 7e-07
0.0061388 9e-07
0.0061445 1e-06
0.0061501 1.2e-06
0.0061557 1.4e-06
0.0061614 1.6e-06
0.006167 1.9e-06
0.0061726 2.2e-06
0.0061782 2.5e-06
0.0061839 2.9e-06
0.0061895 3.3e-06
0.0061951 3.7e-06
0.0062008 4.1e-06
0.0062064 4.6e-06
0.006212 5.1e-06
0.0062176 5.6e-06
0.0062233 6.1e-06
0.0062289 6.6e-06
0.0062345 7.2e-06
0.0062402 7.7e-06
0.0062458 8.2e-06
0.0062514 8.7e-06
0.006257 9.3e-06
0.0062627 9.7e-06
0.0062683 1.01e-05
0.0062739 1.05e-05
0.0062795 1.08e-05
0.0062852 1.09e-05
0.0062908 1.09e-05
0.0062964 1.09e-05
0.0063021 1.09e-05
0.0063077 1.05e-05
0.0063133 1.02e-05
0.0063189 9.8e-06
0.0063246 9.5e-06
0.0063302 9.1e-06
0.0063358 8.7e-06
0.0063415 8.3e-06
0.0063471 7.9e-06
0.0063527 7.6e-06
0.0063583 7.3e-06
0.006364 7.1e-06
0.0063696 6.8e-06
0.0063752 6.5e-06
0.0063809 6.3e-06
0.0063865 6.1e-06
0.0063921 5.8e-06
0.0063977 5.4e-06
0.0064034 5.1e-06
0.006409 4.8e-06
0.0064146 4.5e-06
0.0064203 4.2e-06
0.0064259 3.9e-06
0.0064315 3.6e-06
0.0064371 3.4e-06
0.0064428 3.3e-06
0.0064484 3.2e-06
0.006454 3.1e-06
0.0064597 3e-06
0.0064653 3.2e-06
0.0064709 3.4e-06
0.0064765 3.6e-06
0.0064822 3.9e-06
0.0064878 4.6e-06
0.0064934 5.4e-06
0.0064991 6.4e-06
0.0065047 7.6e-06
0.0065103 9.7e-06
0.0065159 1.26e-05
0.0065216 1.62e-05
0.0065272 2.12e-05
0.0065328 3.02e-05
0.0065385 4.31e-05
0.0065441 6.16e-05
0.0065497 8.95e-05
0.0065553 0.000143
0.006561 0.0002285
0.0065666 0.0003652
0.0065722 0.0005897
0.0065779 0.001013
0.0065835 0.0017399
0.0065891 0.0029885
0.0065947 0.0051229
0.0066004 0.008669
0.006606 0.0146698
0.0066116 0.0248244
0.0066173 0.0415731
0.0066229 0.064848
0.0066285 0.1011533
0.0066341 0.1577844
0.0066398 0.2431845
0.0066454 0.3433166
0.006651 0.4846785
0.0066567 0.6842467
0.0066623 0.9540419
0.0066679 1.2061707
0.0066735 1.5249308
0.0066792 1.927931
0.0066848 2.4020481
0.0066904 2.6429401
0.0066961 2.9079903
0.0067017 3.1996212
0.0067073 3.4707875
0.0067129 3.3017691
0.0067186 3.1409815
0.0067242 2.9880238
0.0067298 2.8183826
0.0067355 2.4393805
0.0067411 2.1113448
0.0067467 1.8274216
0.0067523 1.5790131
0.006758 1.3390825
0.0067636 1.1356093
0.0067692 0.9630538
0.0067749 0.8170585
0.0067805 0.6967579
0.0067861 0.5941699
0.0067917 0.5066866
0.0067974 0.4308364
0.006803 0.3520333
0.0068086 0.2876438
0.0068143 0.2350317
0.0068199 0.1911625
0.0068255 0.1447126
0.0068311 0.1095495
0.0068368 0.0829304
0.0068424 0.0627194
0.006848 0.0466239
0.0068537 0.034659
0.0068593 0.0257645
0.0068649 0.0192096
0.0068705 0.0152509
0.0068762 0.0121081
0.0068818 0.0096129
0.0068874 0.007647
0.0068931 0.0063978
0.0068987 0.0053528
0.0069043 0.0044784
0.0069099 0.0037411
0.0069156 0.0029722
0.0069212 0.0023613
0.0069268 0.001876
0.0069325 0.0014879
0.0069381 0.0010981
0.0069437 0.0008104
0.0069493 0.0005981
0.006955 0.0004417
0.0069606 0.0003421
0.0069662 0.000265
0.0069719 0.0002052
0.0069775 0.0001592
0.0069831 0.000147
0.0069887 0.0001358
0.0069944 0.0001254
0.007 0.0001158
0.0070056 0.0001284
0.0070113 0.0001423
0.0070169 0.0001578
0.0070225 0.0001749
0.0070281 0.0002149
0.0070338 0.0002642
0.0070394 0.0003249
0.007045 0.0003994
0.0070507 0.0005319
0.0070563 0.0007091
0.0070619 0.0009453
0.0070675 0.0012602
0.0070732 0.0019374
0.0070788 0.0029883
0.0070844 0.0046093
0.0070901 0.0071095
0.0070957 0.0131594
0.0071013 0.0244954
0.0071069 0.0455968
0.0071126 0.0848758
0.0071182 0.1778351
0.0071238 0.3743333
0.0071295 0.7879515
0.0071351 1.6585954
0.0071407 3.420428
0.0071463 7.0469296
0.007152 14.518422
0.0071576 29.9115487
0.0071632 54.76876
0.0071689 99.6279188
0.0071745 181.2296316
0.0071801 329.668428
0.0071857 533.9949305
0.0071914 858.562776
0.007197 1380.4064386
0.0072026 2219.4322756
0.0072083 3204.3335518
0.0072139 4590.3011948
0.0072195 6575.7402336
0.0072251 9419.939517
0.0072308 11253.2779807
0.0072364 13246.3912598
0.007242 15592.5128401
0.0072477 18354.1654403
0.0072533 16204.7762995
0.0072589 13940.8434151
0.0072645 11993.1995068
0.0072702 10317.6565526
0.0072758 6673.17689
0.0072814 4195.6297397
0.0072871 2637.9203193
0.0072927 1658.5409206
0.0072983 864.7131411
0.0073039 441.7823961
0.0073096 225.7068573
0.0073152 115.3137515
0.0073208 51.6639713
0.0073265 22.7921398
0.0073321 10.0550078
0.0073377 4.4358794
0.0073433 1.7646015
0.007349 0.6927908
0.0073546 0.2719929
0.0073602 0.1067857
0.0073659 0.0413157
0.0073715 0.0159532
0.0073771 0.00616
0.0073827 0.0023786
0.0073884 0.0010041
0.007394 0.0004295
0.0073996 0.0001837
0.0074053 7.86e-05
0.0074109 3.74e-05
0.0074165 1.81e-05
0.0074221 8.8e-06
0.0074278 4.2e-06
0.0074334 2.3e-06
0.007439 1.2e-06
0.0074447 7e-07
0.0074503 4e-07
0.0074559 2e-07
0.0074615 1e-07
0.0074672 1e-07
0.0074728 1e-07
0.0074784 0
0.0074841 0
0.0074897 0
0.0074953 0
0.0075009 0
0.0075066 0
0.0075122 0
0.0075178 0
0.0075235 0
0.0075291 0
0.0075347 0
0.0075403 0
0.007546 0
0.0075516 0
0.0075572 0
0.0075629 0
0.0075685 0
0.0075741 1e-07
0.0075797 1e-07
0.0075854 2e-07
0.007591 4e-07
0.0075966 9e-07
0.0076023 1.7e-06
0.0076079 3.5e-06
0.0076135 7.7e-06
0.0076191 1.71e-05
0.0076248 3.79e-05
0.0076304 8.43e-05
0.007636 0.0001919
0.0076417 0.00044
0.0076473 0.0010087
0.0076529 0.0023126
0.0076585 0.0052779
0.0076642 0.0120301
0.0076698 0.0274205
0.0076754 0.0625002
0.0076811 0.1323135
0.0076867 0.2741463
0.0076923 0.568016
0.0076979 1.1768978
0.0077036 2.0625863
0.0077092 3.435492
0.0077148 5.722236
0.0077205 9.5310903
0.0077261 13.047058
0.0077317 16.7836489
0.0077373 21.5903746
0.007743 27.7737147
0.0077486 30.6505417
0.0077542 32.1569144
0.0077598 33.7373203
0.0077655 35.3953979
0.0077711 33.1590288
0.0077767 29.8790158
0.0077824 26.923454
0.007788 24.2602494
0.0077936 19.6281211
0.0077992 15.2811026
0.0078049 11.8968135
0.0078105 9.2620393
0.0078161 6.5281161
0.0078218 4.4344329
0.0078274 3.0122313
0.007833 2.046155
0.0078386 1.3237197
0.0078443 0.840399
0.0078499 0.5335498
0.0078555 0.3387384
0.0078612 0.219457
0.0078668 0.1433351
0.0078724 0.0936172
0.007878 0.0611447
0.0078837 0.0420158
0.0078893 0.029486
0.0078949 0.0206928
0.0079006 0.0145219
0.0079062 0.0104233
0.0079118 0.0075543
0.0079174 0.005475
0.0079231 0.0039681
0.0079287 0.0028369
0.0079343 0.0020158
0.00794 0.0014324
0.0079456 0.0010179
0.0079512 0.0007249
0.0079568 0.0005168
0.0079625 0.0003684
0.0079681 0.0002626
0.0079737 0.0001976
0.0079794 0.0001526
0.007985 0.0001178
0.0079906 9.1e-05
0.0079962 7.57e-05
0.0080019 6.54e-05
0.0080075 5.64e-05
0.0080131 4.87e-05
0.0080188 4.37e-05
0.0080244 3.99e-05
0.00803 3.65e-05
0.0080356 3.34e-05
0.0080413 3.05e-05
0.0080469 2.78e-05
0.0080525 2.53e-05
0.0080582 2.31e-05
0.0080638 2.12e-05
0.0080694 1.96e-05
0.008075 1.81e-05
0.0080807 1.67e-05
0.0080863 1.61e-05
0.0080919 1.6e-05
0.0080976 1.59e-05
0.0081032 1.58e-05
0.0081088 1.67e-05
0.0081144 1.82e-05
0.0081201 1.99e-05
0.0081257 2.18e-05
0.0081313 2.44e-05
0.008137 2.77e-05
0.0081426 3.14e-05
0.0081482 3.57e-05
0.0081538 4.01e-05
0.0081595 4.49e-05
0.0081651 5.03e-05
0.0081707 5.63e-05
0.0081764 6.29e-05
0.008182 7.02e-05
0.0081876 7.84e-05
0.0081932 8.75e-05
0.0081989 9.96e-05
0.0082045 0.000115
0.0082101 0.0001327
0.0082158 0.0001531
0.0082214 0.0001781
0.008227 0.0002082
0.0082326 0.0002434
0.0082383 0.0002845
0.0082439 0.000323
0.0082495 0.0003593
0.0082552 0.0003997
0.0082608 0.0004447
0.0082664 0.0004752
0.008272 0.0004933
0.0082777 0.0005121
0.0082833 0.0005315
0.0082889 0.0005398
0.0082946 0.0005393
0.0083002 0.0005387
0.0083058 0.0005382
0.0083114 0.0005323
0.0083171 0.0005225
0.0083227 0.0005128
0.0083283 0.0005033
0.008334 0.0004832
0.0083396 0.0004559
0.0083452 0.0004301
0.0083508 0.0004057
0.0083565 0.0003717
0.0083621 0.0003325
0.0083677 0.0002973
0.0083734 0.0002659
0.008379 0.0002348
0.0083846 0.0002051
0.0083902 0.0001792
0.0083959 0.0001566
0.0084015 0.0001378
0.0084071 0.000122
0.0084128 0.000108
0.0084184 9.57e-05
0.008424 8.49e-05
0.0084296 7.54e-05
0.0084353 6.7e-05
0.0084409 5.95e-05
0.0084465 5.17e-05
0.0084522 4.4e-05
0.0084578 3.75e-05
0.0084634 3.19e-05
0.008469 2.65e-05
0.0084747 2.15e-05
0.0084803 1.75e-05
0.0084859 1.42e-05
0.0084916 1.15e-05
0.0084972 9.4e-06
0.0085028 7.6e-06
0.0085084 6.2e-06
0.0085141 5.1e-06
0.0085197 4.3e-06
0.0085253 3.7e-06
0.008531 3.1e-06
0.0085366 2.7e-06
0.0085422 2.3e-06
0.0085478 2e-06
0.0085535 1.7e-06
0.0085591 1.4e-06
0.0085647 1.2e-06
0.0085704 1e-06
0.008576 8e-07
0.0085816 7e-07
0.0085872 5e-07
0.0085929 4e-07
0.0085985 3e-07
0.0086041 3e-07
0.0086098 2e-07
0.0086154 2e-07
0.008621 1e-07
0.0086266 1e-07
0.0086323 1e-07
0.0086379 1e-07
0.0086435 1e-07
0.0086492 1e-07
0.0086548 0
0.0086604 0
0.008666 0
0.0086717 0
0.0086773 0
0.0086829 0
0.0086886 0
0.0086942 0
0.0086998 0
0.0087054 0
0.0087111 0
0.0087167 0
0.0087223 0
0.008728 0
0.0087336 0
0.0087392 0
0.0087448 0
0.0087505 0
0.0087561 0
0.0087617 0
0.0087674 0
0.008773 0
0.0087786 0
0.0087842 0
0.0087899 0
0.0087955 0
0.0088011 0
0.0088068 0
0.0088124 0
0.008818 0
0.0088236 0
0.0088293 0
0.0088349 0
0.0088405 0
0.0088462 0
0.0088518 0
0.0088574 0
0.008863 0
0.0088687 0
0.0088743 0
0.0088799 0
0.0088856 0
0.0088912 0
0.0088968 0
0.0089024 0
0.0089081 0
0.0089137 0
0.0089193 0
0.008925 0
0.0089306 0
0.0089362 0
0.0089418 0
0.0089475 0
0.0089531 0
0.0089587 0
0.0089644 0
0.00897 0
0.0089756 0
0.0089812 0
0.0089869 0
0.0089925 0
0.0089981 0
0.0090038 0
0.0090094 0
0.009015 0
0.0090206 0
0.0090263 0
0.0090319 0
0.0090375 0
0.0090432 0
0.0090488 0
0.0090544 0
0.00906 0
0.0090657 0
0.0090713 0
0.0090769 0
0.0090826 0
0.0090882 0
0.0090938 0
0.0090994 0
0.0091051 0
0.0091107 0
0.0091163 0
0.009122 0
0.0091276 0
0.0091332 0
0.0091388 0
0.0091445 0
0.0091501 0
0.0091557 0
0.0091614 0
0.009167 0
0.0091726 0
0.0091782 0
0.0091839 0
0.0091895 0
0.0091951 0
0.0092008 0
0.0092064 0
0.009212 0
0.0092176 0
0.0092233 0
0.0092289 0
0.0092345 0
0.0092402 0
0.0092458 0
0.0092514 0
0.009257 0
0.0092627 0
0.0092683 0
0.0092739 0
0.0092795 0
0.0092852 0
0.0092908 0
0.0092964 0
0.0093021 0
0.0093077 0
0.0093133 0
0.0093189 0
0.0093246 0
0.0093302 0
0.0093358 0
0.0093415 0
0.0093471 0
0.0093527 0
0.0093583 0
0.009364 0
0.0093696 0
0.0093752 0
0.0093809 0
0.0093865 0
0.0093921 1e-07
0.0093977 1e-07
0.0094034 1e-07
0.009409 1e-07
0.0094146 1e-07
0.0094203 1e-07
0.0094259 2e-07
0.0094315 2e-07
0.0094371 2e-07
0.0094428 2e-07
0.0094484 2e-07
0.009454 2e-07
0.0094597 2e-07
0.0094653 1e-07
0.0094709 1e-07
0.0094765 1e-07
0.0094822 1e-07
0.0094878 1e-07
0.0094934 0
0.0094991 0
0.0095047 0
0.0095103 0
0.0095159 0
0.0095216 0
0.0095272 0
0.0095328 0
0.0095385 0
0.0095441 0
0.0095497 0
0.0095553 0
0.009561 0
0.0095666 0
0.0095722 0
0.0095779 0
0.0095835 0
0.0095891 0
0.0095947 0
0.0096004 0
0.009606 0
0.0096116 0
0.0096173 0
0.0096229 0
0.0096285 0
0.0096341 0
0.0096398 0
0.0096454 0
0.009651 0
0.0096567 0
0.0096623 0
0.0096679 0
0.0096735 0
0.0096792 0
0.0096848 0
0.0096904 0
0.0096961 0
0.0097017 0
0.0097073 0
0.0097129 0
0.0097186 0
0.0097242 0
0.0097298 0
0.0097355 0
0.0097411 0
0.0097467 0
0.0097523 0
0.009758 0
0.0097636 0
0.0097692 0
0.0097749 0
0.0097805 0
0.0097861 0
0.0097917 0
0.0097974 0
0.009803 0
0.0098086 0
0.0098143 0
0.0098199 0
0.0098255 0
0.0098311 0
0.0098368 0
0.0098424 0
0.009848 0
0.0098537 0
0.0098593 0
0.0098649 0
0.0098705 0
0.0098762 0
0.0098818 0
0.0098874 0
0.0098931 1e-07
0.0098987 1e-07
0.0099043 1e-07
0.0099099 2e-07
0.0099156 3e-07
0.0099212 3e-07
0.0099268 4e-07
0.0099325 5e-07
0.0099381 5e-07
0.0099437 5e-07
0.0099493 5e-07
0.009955 5e-07
0.0099606 4e-07
0.0099662 3e-07
0.0099719 2e-07
0.0099775 2e-07
0.0099831 1e-07
0.0099887 1e-07
0.0099944 0
0.01 0
