0.001 0
0.0010056 0
0.0010113 0
0.0010169 0
0.0010225 0
0.0010281 0
0.0010338 0
0.0010394 0
0.001045 0
0.0010507 0
0.0010563 0
0.0010619 0
0.0010675 0
0.0010732 0
0.0010788 0
0.0010844 0
0.0010901 0
0.0010957 0
0.0011013 0
0.0011069 0
0.0011126 0
0.0011182 0
0.0011238 0
0.0011295 0
0.0011351 0
0.0011407 0
0.0011463 0
0.001152 0
0.0011576 0
0.0011632 0
0.0011689 0
0.0011745 0
0.0011801 0
0.0011857 0
0.0011914 0
0.001197 0
0.0012026 0
0.0012083 0
0.0012139 0
0.0012195 0
0.0012251 0
0.0012308 0
0.0012364 0
0.001242 0
0.0012477 0
0.0012533 0
0.0012589 0
0.0012645 0
0.0012702 0
0.0012758 0
0.0012814 0
0.0012871 0
0.0012927 0
0.0012983 0
0.0013039 0
0.0013096 0
0.0013152 0
0.0013208 0
0.0013265 0
0.0013321 0
0.0013377 0
0.0013433 0
0.001349 0
0.0013546 0
0.0013602 0
0.0013659 0
0.0013715 0
0.0013771 0
0.0013827 0
0.0013884 0
0.001394 0
0.0013996 0
0.0014053 0
0.0014109 0
0.0014165 0
0.0014221 0
0.0014278 0
0.0014334 0
0.001439 0
0.0014447 0
0.0014503 0
0.0014559 0
0.0014615 0
0.0014672 0
0.0014728 0
0.0014784 0
0.0014841 0
0.0014897 0
0.0014953 0
0.0015009 0
0.0015066 0
0.0015122 0
0.0015178 0
0.0015235 0
0.0015291 0
0.0015347 0
0.0015403 0
0.001546 0
0.0015516 0
0.0015572 0
0.0015629 0
0.0015685 0
0.0015741 0
0.0015797 0
0.0015854 0
0.001591 0
0.0015966 0
0.0016023 0
0.0016079 0
0.0016135 0
0.0016191 0
0.0016248 0
0.0016304 0
0.001636 0
0.0016417 0
0.0016473 0
0.0016529 0
0.0016585 0
0.0016642 0
0.0016698 0
0.0016754 0
0.0016811 0
0.0016867 0
0.0016923 0
0.0016979 0
0.0017036 0
0.0017092 0
0.0017148 0
0.0017205 0
0.0017261 0
0.0017317 0
0.0017373 0
0.001743 0
0.0017486 0
0.0017542 0
0.0017598 0
0.0017655 0
0.0017711 0
0.0017767 0
0.0017824 0
0.001788 0
0.0017936 0
0.0017992 0
0.0018049 0
0.0018105 1e-07
0.0018161 1e-07
0.0018218 1e-07
0.0018274 1e-07
0.001833 2e-07
0.0018386 2e-07
0.0018443 3e-07
0.0018499 4e-07
0.0018555 5e-07
0.0018612 6e-07
0.0018668 8e-07
0.0018724 1e-06
0.001878 1.3e-06
0.0018837 1.6e-06
0.0018893 2.1e-06
0.0018949 2.7e-06
0.0019006 3.5e-06
0.0019062 4.4e-06
0.0019118 5.7e-06
0.0019174 7.3e-06
0.0019231 9.3e-06
0.0019287 1.18e-05
0.0019343 1.51e-05
0.00194 1.92e-05
0.0019456 2.45e-05
0.0019512 3.11e-05
0.0019568 3.95e-05
0.0019625 5.01e-05
0.0019681 6.35e-05
0.0019737 8.03e-05
0.0019794 0.0001012
0.001985 0.0001276
0.0019906 0.0001609
0.0019962 0.0002021
0.0020019 0.0002532
0.0020075 0.0003171
0.0020131 0.0003973
0.0020188 0.0004953
0.0020244 0.0006159
0.00203 0.0007658
0.0020356 0.0009523
0.0020413 0.0011776
0.0020469 0.001452
0.0020525 0.0017904
0.0020582 0.0022075
0.0020638 0.0027056
0.0020694 0.0033051
0.002075 0.0040375
0.0020807 0.0049321
0.0020863 0.005986
0.0020919 0.0072386
0.0020976 0.0087532
0.0021032 0.0105848
0.0021088 0.0127118
0.0021144 0.0152051
0.0021201 0.0181874
0.0021257 0.0217547
0.0021313 0.0258349
0.002137 0.0305477
0.0021426 0.0361202
0.0021482 0.0427092
0.0021538 0.0501261
0.0021595 0.0585594
0.0021651 0.0684116
0.0021707 0.0799213
0.0021764 0.0926608
0.002182 0.1069081
0.0021876 0.1233462
0.0021932 0.1423117
0.0021989 0.162935
0.0022045 0.1855987
0.0022101 0.2114148
0.0022158 0.2408218
0.0022214 0.2722049
0.002227 0.3060547
0.0022326 0.3441138
0.0022383 0.3869058
0.0022439 0.4316609
0.0022495 0.4789685
0.0022552 0.5314608
0.0022608 0.5897059
0.0022664 0.6492845
0.002272 0.7108657
0.0022777 0.7782875
0.0022833 0.8521039
0.0022889 0.9257231
0.0022946 0.9998771
0.0023002 1.0799712
0.0023058 1.1664812
0.0023114 1.2501914
0.0023171 1.3319001
0.0023227 1.418949
0.0023283 1.5116872
0.002334 1.59803
0.0023396 1.6788789
0.0023452 1.7638181
0.0023508 1.8530547
0.0023565 1.9317398
0.0023621 2.0009481
0.0023677 2.072636
0.0023734 2.1468922
0.002379 2.2066609
0.0023846 2.2532675
0.0023902 2.3008584
0.0023959 2.3494546
0.0024015 2.3807984
0.0024071 2.3965012
0.0024128 2.4123077
0.0024184 2.4282183
0.002424 2.4260736
0.0024296 2.4077162
0.0024353 2.3894977
0.0024409 2.3714171
0.0024465 2.3367246
0.0024522 2.2873368
0.0024578 2.2389929
0.0024634 2.1916708
0.002469 2.1310486
0.0024747 2.0588987
0.0024803 1.9891915
0.0024859 1.9218443
0.0024916 1.8454851
0.0024972 1.7615425
0.0025028 1.681418
0.0025084 1.6049381
0.0025141 1.5236838
0.0025197 1.4386325
0.0025253 1.3583287
0.002531 1.2825074
0.0025366 1.2053238
0.0025422 1.1273107
0.0025478 1.0543469
0.0025535 0.9861055
0.0025591 0.9187533
0.0025647 0.8524719
0.0025704 0.7909721
0.002576 0.7339092
0.0025816 0.6788884
0.0025872 0.6258672
0.0025929 0.576987
0.0025985 0.5319243
0.0026041 0.4892424
0.0026098 0.4487892
0.0026154 0.4116808
0.002621 0.3776407
0.0026266 0.3458341
0.0026323 0.3160793
0.0026379 0.2888846
0.0026435 0.2640297
0.0026492 0.2410409
0.0026548 0.2197516
0.0026604 0.2003427
0.002666 0.1826481
0.0026717 0.1664034
0.0026773 0.1514749
0.0026829 0.1378856
0.0026886 0.1255154
0.0026942 0.1142186
0.0026998 0.1038955
0.0027054 0.0945055
0.0027111 0.0859641
0.0027167 0.0781912
0.0027223 0.0711169
0.002728 0.0646827
0.0027336 0.0588306
0.0027392 0.0535164
0.0027448 0.048693
0.0027505 0.0443044
0.0027561 0.0403112
0.0027617 0.0366893
0.0027674 0.0334072
0.002773 0.0304188
0.0027786 0.0276977
0.0027842 0.0252304
0.0027899 0.0229966
0.0027955 0.0209606
0.0028011 0.0191048
0.0028068 0.0174217
0.0028124 0.0158983
0.002818 0.0145082
0.0028236 0.0132395
0.0028293 0.0120882
0.0028349 0.0110459
0.0028405 0.0100935
0.0028462 0.0092232
0.0028518 0.0084326
0.0028574 0.0077166
0.002863 0.0070613
0.0028687 0.0064617
0.0028743 0.0059163
0.0028799 0.005422
0.0028856 0.0049691
0.0028912 0.0045539
0.0028968 0.0041758
0.0029024 0.0038328
0.0029081 0.003518
0.0029137 0.0032291
0.0029193 0.0029656
0.002925 0.0027263
0.0029306 0.0025063
0.0029362 0.002304
0.0029418 0.0021193
0.0029475 0.0019514
0.0029531 0.0017968
0.0029587 0.0016545
0.0029644 0.0015243
0.00297 0.0014058
0.0029756 0.0012965
0.0029812 0.0011957
0.0029869 0.0011034
0.0029925 0.0010193
0.0029981 0.0009416
0.0030038 0.0008698
0.0030094 0.000804
0.003015 0.0007439
0.0030206 0.0006884
0.0030263 0.000637
0.0030319 0.0005897
0.0030375 0.0005466
0.0030432 0.0005066
0.0030488 0.0004696
0.0030544 0.0004355
0.00306 0.0004043
0.0030657 0.0003754
0.0030713 0.0003486
0.0030769 0.0003238
0.0030826 0.0003012
0.0030882 0.0002802
0.0030938 0.0002606
0.0030994 0.0002425
0.0031051 0.000226
0.0031107 0.0002106
0.0031163 0.0001963
0.003122 0.000183
0.0031276 0.0001709
0.0031332 0.0001595
0.0031388 0.000149
0.0031445 0.0001392
0.0031501 0.0001302
0.0031557 0.0001218
0.0031614 0.000114
0.003167 0.0001067
0.0031726 1e-04
0.0031782 9.38e-05
0.0031839 8.79e-05
0.0031895 8.25e-05
0.0031951 7.75e-05
0.0032008 7.29e-05
0.0032064 6.85e-05
0.003212 6.44e-05
0.0032176 6.07e-05
0.0032233 5.72e-05
0.0032289 5.39e-05
0.0032345 5.08e-05
0.0032402 4.8e-05
0.0032458 4.53e-05
0.0032514 4.28e-05
0.003257 4.05e-05
0.0032627 3.84e-05
0.0032683 3.64e-05
0.0032739 3.44e-05
0.0032795 3.27e-05
0.0032852 3.11e-05
0.0032908 2.95e-05
0.0032964 2.81e-05
0.0033021 2.67e-05
0.0033077 2.55e-05
0.0033133 2.43e-05
0.0033189 2.32e-05
0.0033246 2.21e-05
0.0033302 2.12e-05
0.0033358 2.03e-05
0.0033415 1.94e-05
0.0033471 1.86e-05
0.0033527 1.79e-05
0.0033583 1.72e-05
0.003364 1.65e-05
0.0033696 1.59e-05
0.0033752 1.54e-05
0.0033809 1.49e-05
0.0033865 1.43e-05
0.0033921 1.39e-05
0.0033977 1.35e-05
0.0034034 1.31e-05
0.003409 1.27e-05
0.0034146 1.23e-05
0.0034203 1.2e-05
0.0034259 1.17e-05
0.0034315 1.14e-05
0.0034371 1.12e-05
0.0034428 1.09e-05
0.0034484 1.07e-05
0.003454 1.05e-05
0.0034597 1.03e-05
0.0034653 1.02e-05
0.0034709 1.01e-05
0.0034765 9.9e-06
0.0034822 9.8e-06
0.0034878 9.8e-06
0.0034934 9.7e-06
0.0034991 9.6e-06
0.0035047 9.6e-06
0.0035103 9.6e-06
0.0035159 9.6e-06
0.0035216 9.5e-06
0.0035272 9.6e-06
0.0035328 9.6e-06
0.0035385 9.7e-06
0.0035441 9.7e-06
0.0035497 9.8e-06
0.0035553 1e-05
0.003561 1.01e-05
0.0035666 1.02e-05
0.0035722 1.04e-05
0.0035779 1.06e-05
0.0035835 1.08e-05
0.0035891 1.11e-05
0.0035947 1.13e-05
0.0036004 1.17e-05
0.003606 1.2e-05
0.0036116 1.24e-05
0.0036173 1.28e-05
0.0036229 1.32e-05
0.0036285 1.38e-05
0.0036341 1.43e-05
0.0036398 1.48e-05
0.0036454 1.55e-05
0.003651 1.63e-05
0.0036567 1.7e-05
0.0036623 1.78e-05
0.0036679 1.88e-05
0.0036735 1.99e-05
0.0036792 2.1e-05
0.0036848 2.22e-05
0.0036904 2.36e-05
0.0036961 2.52e-05
0.0037017 2.68e-05
0.0037073 2.86e-05
0.0037129 3.07e-05
0.0037186 3.3e-05
0.0037242 3.54e-05
0.0037298 3.81e-05
0.0037355 4.13e-05
0.0037411 4.47e-05
0.0037467 4.84e-05
0.0037523 5.25e-05
0.003758 5.74e-05
0.0037636 6.27e-05
0.0037692 6.85e-05
0.0037749 7.49e-05
0.0037805 8.25e-05
0.0037861 9.08e-05
0.0037917 0.0001001
0.0037974 0.0001103
0.003803 0.0001224
0.0038086 0.0001359
0.0038143 0.0001509
0.0038199 0.0001676
0.0038255 0.0001874
0.0038311 0.0002096
0.0038368 0.0002344
0.0038424 0.0002622
0.003848 0.0002952
0.0038537 0.0003324
0.0038593 0.0003743
0.0038649 0.0004216
0.0038705 0.0004776
0.0038762 0.0005411
0.0038818 0.000613
0.0038874 0.0006947
0.0038931 0.0007913
0.0038987 0.0009014
0.0039043 0.0010268
0.0039099 0.0011698
0.0039156 0.0013387
0.0039212 0.0015321
0.0039268 0.0017533
0.0039325 0.0020067
0.0039381 0.0023054
0.0039437 0.0026485
0.0039493 0.0030426
0.003955 0.0034955
0.0039606 0.0040277
0.0039662 0.0046409
0.0039719 0.0053475
0.0039775 0.0061617
0.0039831 0.007115
0.0039887 0.0082157
0.0039944 0.0094868
0.004 0.0109545
0.0040056 0.0126659
0.0040113 0.0146447
0.0040169 0.0169326
0.0040225 0.019578
0.0040281 0.0226488
0.0040338 0.0262013
0.0040394 0.0303111
0.004045 0.0350655
0.0040507 0.0405587
0.0040563 0.0469122
0.0040619 0.0542611
0.0040675 0.0627611
0.0040732 0.0725345
0.0040788 0.0838283
0.0040844 0.0968805
0.0040901 0.111965
0.0040957 0.1292238
0.0041013 0.1491368
0.0041069 0.1721182
0.0041126 0.1986409
0.0041182 0.2288354
0.0041238 0.2636009
0.0041295 0.3036481
0.0041351 0.3497795
0.0041407 0.4020329
0.0041463 0.4620445
0.004152 0.5310139
0.0041576 0.6102784
0.0041632 0.6996064
0.0041689 0.8018971
0.0041745 0.9191439
0.0041801 1.0535335
0.0041857 1.2042059
0.0041914 1.376181
0.004197 1.5727162
0.0042026 1.797319
0.0042083 2.0478104
0.0042139 2.3327018
0.0042195 2.6572273
0.0042251 3.0269008
0.0042308 3.4369447
0.0042364 3.9015168
0.004242 4.4288851
0.0042477 5.0275378
0.0042533 5.6877983
0.0042589 6.4328036
0.0042645 7.2753919
0.0042702 8.2283452
0.0042758 9.2730662
0.0042814 10.4467445
0.0042871 11.7689735
0.0042927 13.2585551
0.0042983 14.8811437
0.0043039 16.6955678
0.0043096 18.7312204
0.0043152 21.0150756
0.0043208 23.4857969
0.0043265 26.2349813
0.0043321 29.3059779
0.0043377 32.7364571
0.0043433 36.4202059
0.004349 40.4975533
0.0043546 45.0313716
0.0043602 50.072764
0.0043659 55.4432456
0.0043715 61.3541857
0.0043771 67.8953055
0.0043827 75.1337902
0.0043884 82.778651
0.004394 91.1425366
0.0043996 100.3515022
0.0044053 110.490934
0.0044109 121.1009356
0.0044165 132.6349995
0.0044221 145.2676068
0.0044278 159.1033864
0.0044334 173.4383898
0.004439 188.9166505
0.0044447 205.7762465
0.0044503 224.1404529
0.0044559 242.9666208
0.0044615 263.1488897
0.0044672 285.0076192
0.0044728 308.6820663
0.0044784 332.6788537
0.0044841 358.2098567
0.0044897 385.7002032
0.0044953 415.3002602
0.0045009 444.9422893
0.0045066 476.2279794
0.0045122 509.7134927
0.0045178 545.5535077
0.0045235 580.9801605
0.0045291 618.0561228
0.0045347 657.4981332
0.0045403 699.4571838
0.004546 740.3496517
0.0045516 782.7628838
0.0045572 827.6058898
0.0045629 875.0178668
0.0045685 920.5071718
0.0045741 967.2351856
0.0045797 1016.3352692
0.0045854 1067.9278368
0.004591 1116.5563353
0.0045966 1165.9851313
0.0046023 1217.602089
0.0046079 1271.5040762
0.0046135 1321.2569299
0.0046191 1371.2321244
0.0046248 1423.0975795
0.0046304 1476.9247926
0.004636 1525.3381485
0.0046417 1573.2930708
0.0046473 1622.7556421
0.0046529 1673.7732613
0.0046585 1718.1146228
0.0046642 1761.2678787
0.0046698 1805.5049993
0.0046754 1850.8532073
0.0046811 1888.3587892
0.0046867 1923.9635317
0.0046923 1960.2395967
0.0046979 1997.1996419
0.0047036 2025.3445476
0.0047092 2050.9633746
0.0047148 2076.9062573
0.0047205 2103.1772946
0.0047261 2119.9474064
0.0047317 2133.7204734
0.0047373 2147.5830225
0.004743 2161.5356351
0.0047486 2165.665365
0.0047542 2166.5352117
0.0047598 2167.4054078
0.0047655 2168.2759534
0.0047711 2159.4146338
0.0047767 2147.2708534
0.0047824 2135.1953653
0.004788 2123.1877855
0.0047936 2101.9619133
0.0047992 2077.6748384
0.0048049 2053.6683879
0.0048105 2029.9393195
0.0048161 1997.890629
0.0048218 1963.2180529
0.0048274 1929.1472051
0.004833 1895.667643
0.0048386 1855.0683659
0.0048443 1812.4424948
0.0048499 1770.7960836
0.0048555 1730.106626
0.0048612 1683.6793063
0.0048668 1635.9075399
0.0048724 1589.4912226
0.004878 1544.3918958
0.0048837 1494.9837222
0.0048893 1444.9176892
0.0048949 1396.528335
0.0049006 1349.7595089
0.0049062 1300.0314847
0.0049118 1250.2654786
0.0049174 1202.4045459
0.0049231 1156.3757592
0.0049287 1108.5603725
0.0049343 1061.2095655
0.00494 1015.8812907
0.0049456 972.489158
0.0049512 928.2488993
0.0049568 884.8335788
0.0049625 843.4488453
0.0049681 803.9997256
0.0049737 764.3912815
0.0049794 725.8253952
0.004985 689.2052762
0.0049906 654.4327546
0.0049962 619.9580259
0.0050019 586.6184035
0.0050075 555.0716935
0.0050131 525.221478
0.0050188 495.9334521
0.0050244 467.7757735
0.00503 441.2168071
0.0050356 416.1657826
0.0050413 391.795897
0.0050469 368.4846556
0.0050525 346.5603964
0.0050582 325.9405963
0.0050638 306.0212552
0.0050694 287.049516
0.005075 269.2539267
0.0050807 252.5615722
0.0050863 236.5279458
0.0050919 221.3135367
0.0050976 207.0777783
0.0051032 193.75772
0.0051088 181.0227449
0.0051144 168.9768853
0.0051201 157.7325975
0.0051257 147.2365423
0.0051313 137.2399807
0.005137 127.8105493
0.0051426 119.0289916
0.0051482 110.8507938
0.0051538 103.0869296
0.0051595 95.7815832
0.0051651 88.9939366
0.0051707 82.6873026
0.0051764 76.7170274
0.005182 71.1120462
0.0051876 65.9165675
0.0051932 61.1006728
0.0051989 56.553323
0.0052045 52.2933839
0.0052101 48.3543293
0.0052158 44.7119882
0.0052214 41.2812017
0.005227 38.0740747
0.0052326 35.1161086
0.0052383 32.3879463
0.0052439 29.8245702
0.0052495 27.4334919
0.0052552 25.2341096
0.0052608 23.211055
0.0052664 21.3150573
0.005272 19.5505027
0.0052777 17.9320257
0.0052833 16.4475334
0.0052889 15.0600505
0.0052946 13.7718648
0.0053002 12.5938661
0.0053058 11.5166294
0.0053114 10.512723
0.0053171 9.5830678
0.0053227 8.7356233
0.0053283 7.9631196
0.005334 7.245462
0.0053396 6.5827281
0.0053452 5.9806136
0.0053508 5.4335739
0.0053565 4.927088
0.0053621 4.4607583
0.0053677 4.0385648
0.0053734 3.6563304
0.005379 3.303711
0.0053846 2.9800844
0.0053902 2.6881598
0.0053959 2.4248317
0.0054015 2.1828409
0.0054071 1.9615022
0.0054128 1.7626071
0.0054184 1.5838799
0.005424 1.4203045
0.0054296 1.2712293
0.0054353 1.1378011
0.0054409 1.0183775
0.0054465 0.9095482
0.0054522 0.8107448
0.0054578 0.7226743
0.0054634 0.6441709
0.005469 0.5729547
0.0054747 0.5085595
0.0054803 0.4514017
0.0054859 0.400668
0.0054916 0.3548613
0.0054972 0.3136168
0.0055028 0.2771661
0.0055084 0.2449519
0.0055141 0.2160096
0.0055197 0.190065
0.0055253 0.1672367
0.005531 0.1471502
0.0055366 0.1291961
0.0055422 0.113176
0.0055478 0.0991423
0.0055535 0.0868488
0.0055591 0.0759185
0.0055647 0.0662122
0.0055704 0.0577469
0.005576 0.0503639
0.0055816 0.0438352
0.0055872 0.0380663
0.0055929 0.0330567
0.0055985 0.0287063
0.0056041 0.0248805
0.0056098 0.0215171
0.0056154 0.0186084
0.005621 0.0160929
0.0056266 0.013893
0.0056323 0.0119689
0.0056379 0.0103114
0.0056435 0.0088833
0.0056492 0.0076413
0.0056548 0.0065606
0.0056604 0.0056328
0.005666 0.0048362
0.0056717 0.004147
0.0056773 0.0035504
0.0056829 0.0030397
0.0056886 0.0026024
0.0056942 0.002226
0.0056998 0.0019018
0.0057054 0.0016248
0.0057111 0.0013882
0.0057167 0.0011854
0.0057223 0.0010116
0.005728 0.0008632
0.0057336 0.0007366
0.0057392 0.0006286
0.0057448 0.0005364
0.0057505 0.0004577
0.0057561 0.0003906
0.0057617 0.0003334
0.0057674 0.0002849
0.005773 0.0002434
0.0057786 0.000208
0.0057842 0.0001779
0.0057899 0.0001524
0.0057955 0.0001305
0.0058011 0.0001118
0.0058068 9.6e-05
0.0058124 8.26e-05
0.005818 7.1e-05
0.0058236 6.11e-05
0.0058293 5.27e-05
0.0058349 4.56e-05
0.0058405 3.95e-05
0.0058462 3.42e-05
0.0058518 2.97e-05
0.0058574 2.59e-05
0.005863 2.26e-05
0.0058687 1.97e-05
0.0058743 1.72e-05
0.0058799 1.52e-05
0.0058856 1.34e-05
0.0058912 1.18e-05
0.0058968 1.04e-05
0.0059024 9.3e-06
0.0059081 8.3e-06
0.0059137 7.4e-06
0.0059193 6.6e-06
0.005925 5.9e-06
0.0059306 5.4e-06
0.0059362 4.8e-06
0.0059418 4.4e-06
0.0059475 4e-06
0.0059531 3.7e-06
0.0059587 3.4e-06
0.0059644 3.1e-06
0.00597 2.9e-06
0.0059756 2.7e-06
0.0059812 2.5e-06
0.0059869 2.3e-06
0.0059925 2.2e-06
0.0059981 2.1e-06
0.0060038 2e-06
0.0060094 1.9e-06
0.006015 1.8e-06
0.0060206 1.7e-06
0.0060263 1.7e-06
0.0060319 1.6e-06
0.0060375 1.6e-06
0.0060432 1.5e-06
0.0060488 1.5e-06
0.0060544 1.5e-06
0.00606 1.5e-06
0.0060657 1.4e-06
0.0060713 1.4e-06
0.0060769 1.4e-06
0.0060826 1.5e-06
0.0060882 1.5e-06
0.0060938 1.5e-06
0.0060994 1.5e-06
0.0061051 1.6e-06
0.0061107 1.6e-06
0.0061163 1.6e-06
0.006122 1.7e-06
0.0061276 1.8e-06
0.0061332 1.9e-06
0.0061388 1.9e-06
0.0061445 2e-06
0.0061501 2.2e-06
0.0061557 2.3e-06
0.0061614 2.4e-06
0.006167 2.6e-06
0.0061726 2.8e-06
0.0061782 3e-06
0.0061839 3.2e-06
0.0061895 3.5e-06
0.0061951 3.8e-06
0.0062008 4.1e-06
0.0062064 4.4e-06
0.006212 4.8e-06
0.0062176 5.3e-06
0.0062233 5.9e-06
0.0062289 6.4e-06
0.0062345 7.1e-06
0.0062402 7.9e-06
0.0062458 8.8e-06
0.0062514 9.7e-06
0.006257 1.08e-05
0.0062627 1.21e-05
0.0062683 1.36e-05
0.0062739 1.52e-05
0.0062795 1.7e-05
0.0062852 1.92e-05
0.0062908 2.16e-05
0.0062964 2.44e-05
0.0063021 2.75e-05
0.0063077 3.12e-05
0.0063133 3.53e-05
0.0063189 4.01e-05
0.0063246 4.54e-05
0.0063302 5.17e-05
0.0063358 5.89e-05
0.0063415 6.7e-05
0.0063471 7.63e-05
0.0063527 8.71e-05
0.0063583 9.94e-05
0.006364 0.0001135
0.0063696 0.0001297
0.0063752 0.0001483
0.0063809 0.0001697
0.0063865 0.0001941
0.0063921 0.000222
0.0063977 0.0002542
0.0064034 0.0002911
0.006409 0.0003334
0.0064146 0.0003817
0.0064203 0.0004372
0.0064259 0.0005007
0.0064315 0.0005735
0.0064371 0.0006568
0.0064428 0.0007518
0.0064484 0.0008606
0.006454 0.0009852
0.0064597 0.0011276
0.0064653 0.0012894
0.0064709 0.0014744
0.0064765 0.0016859
0.0064822 0.0019273
0.0064878 0.0022004
0.0064934 0.0025122
0.0064991 0.0028681
0.0065047 0.0032735
0.0065103 0.0037302
0.0065159 0.0042506
0.0065216 0.0048436
0.0065272 0.0055174
0.0065328 0.0062733
0.0065385 0.0071327
0.0065441 0.0081099
0.0065497 0.0092177
0.0065553 0.0104555
0.006561 0.0118595
0.0065666 0.013452
0.0065722 0.0152529
0.0065779 0.0172575
0.0065835 0.0195256
0.0065891 0.0220917
0.0065947 0.0249862
0.0066004 0.0281964
0.006606 0.0318189
0.0066116 0.0359069
0.0066173 0.0405063
0.0066229 0.0455891
0.0066285 0.0513097
0.0066341 0.0577481
0.0066398 0.0649734
0.0066454 0.0729301
0.006651 0.0818612
0.0066567 0.0918861
0.0066623 0.1031072
0.0066679 0.115421
0.0066735 0.1292056
0.0066792 0.1446363
0.0066848 0.1618635
0.0066904 0.1807012
0.0066961 0.2017311
0.0067017 0.2252086
0.0067073 0.2513506
0.0067129 0.2798306
0.0067186 0.3115377
0.0067242 0.3468374
0.0067298 0.3860394
0.0067355 0.4285805
0.0067411 0.4758096
0.0067467 0.5282433
0.0067523 0.5863168
0.006758 0.6490739
0.0067636 0.7185483
0.0067692 0.7954591
0.0067749 0.8804084
0.0067805 0.9717987
0.0067861 1.0726756
0.0067917 1.1840241
0.0067974 1.3066651
0.006803 1.4379723
0.0068086 1.5824746
0.0068143 1.7414981
0.0068199 1.9161447
0.0068255 2.1021752
0.0068311 2.3062667
0.0068368 2.5301725
0.0068424 2.77535
0.006848 3.0350907
0.0068537 3.31914
0.0068593 3.6297731
0.0068649 3.9688897
0.0068705 4.3260985
0.0068762 4.715457
0.0068818 5.1398586
0.0068874 5.6017481
0.0068931 6.0853913
0.0068987 6.6107913
0.0069043 7.1815532
0.0069099 7.8007874
0.0069156 8.4452265
0.0069212 9.1429041
0.0069268 9.8982183
0.0069325 10.7150883
0.0069381 11.5599309
0.0069437 12.4713861
0.0069493 13.4547059
0.006955 14.5147901
0.0069606 15.6043371
0.0069662 16.7756704
0.0069719 18.0349294
0.0069775 19.388202
0.0069831 20.7704632
0.0069887 22.2512712
0.0069944 23.8376518
0.007 25.5371317
0.0070056 27.2624252
0.0070113 29.1042798
0.0070169 31.0705705
0.0070225 33.1697042
0.0070281 35.2897545
0.0070338 37.5443357
0.0070394 39.9429568
0.007045 42.4948203
0.0070507 45.0594426
0.0070563 47.7764148
0.0070619 50.6572137
0.0070675 53.7117176
0.0070732 56.7671026
0.0070788 59.9918296
0.0070844 63.3997414
0.0070901 67.0012439
0.0070957 70.5876074
0.0071013 74.3587711
0.0071069 78.3314103
0.0071126 82.516289
0.0071182 86.6654276
0.0071238 91.0125734
0.0071295 95.5777724
0.0071351 100.3719622
0.0071407 105.104694
0.0071463 110.0456684
0.007152 115.2189181
0.0071576 120.6353625
0.0071632 125.9587808
0.0071689 131.4969748
0.0071745 137.2786738
0.0071801 143.3145844
0.0071857 149.2190151
0.0071914 155.3402944
0.007197 161.7126815
0.0072026 168.3464774
0.0072083 174.8020251
0.0072139 181.4712268
0.0072195 188.3948778
0.0072251 195.582686
0.0072308 202.5352886
0.0072364 209.6922113
0.007242 217.1020358
0.0072477 224.7736988
0.0072533 232.1407002
0.0072589 239.6956154
0.0072645 247.4964019
0.0072702 255.5510615
0.0072758 263.216465
0.0072814 271.0453487
0.0072871 279.1070879
0.0072927 287.4086085
0.0072983 295.2183967
0.0073039 303.1583206
0.0073096 311.3117895
0.0073152 319.6845466
0.0073208 327.4427463
0.0073265 335.2881781
0.0073321 343.3215842
0.0073377 351.5474683
0.0073433 359.0139823
0.007349 366.5150974
0.0073546 374.1729383
0.0073602 381.9907794
0.0073659 388.8823552
0.0073715 395.7468098
0.0073771 402.7324341
0.0073827 409.8413669
0.0073884 415.8373436
0.007394 421.7372042
0.0073996 427.7207715
0.0074053 433.7892331
0.0074109 438.5437745
0.0074165 443.1293008
0.0074221 447.7627746
0.0074278 452.4446972
0.0074334 455.6069041
0.007439 458.5284671
0.0074447 461.4687646
0.0074503 464.4279166
0.0074559 465.6703496
0.0074615 466.6087557
0.0074672 467.5490529
0.0074728 468.4912449
0.0074784 467.5458508
0.0074841 466.2496468
0.0074897 464.9570364
0.0074953 463.6680095
0.0075009 460.3662816
0.0075066 456.6923264
0.0075122 453.0476911
0.0075178 449.4321419
0.0075235 443.7438715
0.0075291 437.6949742
0.0075347 431.7285326
0.0075403 425.8434225
0.007546 417.90628
0.0075516 409.657767
0.0075572 401.5720608
0.0075629 393.6459479
0.0075685 383.7773028
0.0075741 373.6839589
0.0075797 363.8560699
0.0075854 354.2866544
0.007591 342.9704545
0.0075966 331.5473017
0.0076023 320.5046143
0.0076079 309.8297205
0.0076135 297.6753962
0.0076191 285.5505397
0.0076248 273.9195506
0.0076304 262.7623126
0.007636 250.4391022
0.0076417 238.2836657
0.0076473 226.7182115
0.0076529 215.7141039
0.0076585 203.8712563
0.0076642 192.3183441
0.0076698 181.4201086
0.0076754 171.139451
0.0076811 160.3279698
0.0076867 149.897037
0.0076923 140.1447404
0.0076979 131.0269279
0.0077036 121.639499
0.0077092 112.6823101
0.0077148 104.3847033
0.0077205 96.6981087
0.0077261 88.9396023
0.0077317 81.6185674
0.0077373 74.9001612
0.007743 68.7347784
0.0077486 62.627395
0.0077542 56.9281652
0.0077598 51.7475778
0.0077655 47.0384352
0.0077711 42.4561946
0.0077767 38.2272738
0.0077824 34.4195819
0.007788 30.9911614
0.0077936 27.7115211
0.0077992 24.7176948
0.0078049 22.0473079
0.0078105 19.6654174
0.0078161 17.4236296
0.0078218 15.3990275
0.0078274 13.6096814
0.007833 12.0282549
0.0078386 10.5626714
0.0078443 9.2527771
0.0078499 8.105325
0.0078555 7.1001703
0.0078612 6.1821687
0.0078668 5.3698535
0.0078724 4.6642737
0.007878 4.0514045
0.0078837 3.4993235
0.0078893 3.0154278
0.0078949 2.5984465
0.0079006 2.2391265
0.0079062 1.9195808
0.0079118 1.6419956
0.0079174 1.4045512
0.0079231 1.2014429
0.0079287 1.0229577
0.0079343 0.8691924
0.00794 0.7385403
0.0079456 0.6275271
0.0079512 0.5310347
0.0079568 0.4485361
0.0079625 0.378854
0.0079681 0.3199973
0.0079737 0.2693463
0.0079794 0.2263363
0.007985 0.1901943
0.0079906 0.1598235
0.0079962 0.1339197
0.0080019 0.1120561
0.0080075 0.093762
0.0080131 0.0784545
0.0080188 0.0655014
0.0080244 0.0546252
0.00803 0.0455549
0.0080356 0.0379908
0.0080413 0.0316338
0.0080469 0.0263191
0.0080525 0.0218973
0.0080582 0.0182184
0.0080638 0.0151445
0.0080694 0.0125834
0.008075 0.0104553
0.0080807 0.0086872
0.0080863 0.0072168
0.0080919 0.0059947
0.0080976 0.0049796
0.0081032 0.0041363
0.0081088 0.0034376
0.0081144 0.0028578
0.0081201 0.0023758
0.0081257 0.0019751
0.0081313 0.001644
0.008137 0.0013693
0.0081426 0.0011405
0.0081482 0.00095
0.0081538 0.0007927
0.0081595 0.0006623
0.0081651 0.0005533
0.0081707 0.0004623
0.0081764 0.0003871
0.008182 0.0003248
0.0081876 0.0002724
0.0081932 0.0002285
0.0081989 0.0001923
0.0082045 0.0001621
0.0082101 0.0001367
0.0082158 0.0001153
0.0082214 9.76e-05
0.008227 8.28e-05
0.0082326 7.02e-05
0.0082383 5.96e-05
0.0082439 5.07e-05
0.0082495 4.33e-05
0.0082552 3.7e-05
0.0082608 3.16e-05
0.0082664 2.71e-05
0.008272 2.34e-05
0.0082777 2.01e-05
0.0082833 1.73e-05
0.0082889 1.5e-05
0.0082946 1.3e-05
0.0083002 1.13e-05
0.0083058 9.8e-06
0.0083114 8.6e-06
0.0083171 7.5e-06
0.0083227 6.6e-06
0.0083283 5.8e-06
0.008334 5.1e-06
0.0083396 4.5e-06
0.0083452 4e-06
0.0083508 3.5e-06
0.0083565 3.1e-06
0.0083621 2.8e-06
0.0083677 2.5e-06
0.0083734 2.2e-06
0.008379 2e-06
0.0083846 1.8e-06
0.0083902 1.6e-06
0.0083959 1.5e-06
0.0084015 1.3e-06
0.0084071 1.2e-06
0.0084128 1.1e-06
0.0084184 1e-06
0.008424 9e-07
0.0084296 9e-07
0.0084353 8e-07
0.0084409 7e-07
0.0084465 7e-07
0.0084522 6e-07
0.0084578 6e-07
0.0084634 5e-07
0.008469 5e-07
0.0084747 5e-07
0.0084803 5e-07
0.0084859 4e-07
0.0084916 4e-07
0.0084972 4e-07
0.0085028 4e-07
0.0085084 3e-07
0.0085141 3e-07
0.0085197 3e-07
0.0085253 3e-07
0.008531 3e-07
0.0085366 3e-07
0.0085422 3e-07
0.0085478 3e-07
0.0085535 3e-07
0.0085591 2e-07
0.0085647 2e-07
0.0085704 2e-07
0.008576 2e-07
0.0085816 2e-07
0.0085872 2e-07
0.0085929 2e-07
0.0085985 2e-07
0.0086041 2e-07
0.0086098 2e-07
0.0086154 2e-07
0.008621 2e-07
0.0086266 2e-07
0.0086323 2e-07
0.0086379 2e-07
0.0086435 2e-07
0.0086492 2e-07
0.0086548 2e-07
0.0086604 2e-07
0.008666 2e-07
0.0086717 2e-07
0.0086773 2e-07
0.0086829 2e-07
0.0086886 2e-07
0.0086942 2e-07
0.0086998 2e-07
0.0087054 2e-07
0.0087111 3e-07
0.0087167 3e-07
0.0087223 3e-07
0.008728 3e-07
0.0087336 3e-07
0.0087392 3e-07
0.0087448 3e-07
0.0087505 3e-07
0.0087561 3e-07
0.0087617 3e-07
0.0087674 4e-07
0.008773 4e-07
0.0087786 4e-07
0.0087842 4e-07
0.0087899 4e-07
0.0087955 4e-07
0.0088011 5e-07
0.0088068 5e-07
0.0088124 5e-07
0.008818 5e-07
0.0088236 6e-07
0.0088293 6e-07
0.0088349 6e-07
0.0088405 7e-07
0.0088462 7e-07
0.0088518 8e-07
0.0088574 8e-07
0.008863 9e-07
0.0088687 9e-07
0.0088743 1e-06
0.0088799 1e-06
0.0088856 1.1e-06
0.0088912 1.2e-06
0.0088968 1.3e-06
0.0089024 1.4e-06
0.0089081 1.5e-06
0.0089137 1.6e-06
0.0089193 1.7e-06
0.008925 1.8e-06
0.0089306 1.9e-06
0.0089362 2.1e-06
0.0089418 2.2e-06
0.0089475 2.4e-06
0.0089531 2.6e-06
0.0089587 2.8e-06
0.0089644 3e-06
0.00897 3.2e-06
0.0089756 3.5e-06
0.0089812 3.7e-06
0.0089869 4e-06
0.0089925 4.4e-06
0.0089981 4.7e-06
0.0090038 5.1e-06
0.0090094 5.5e-06
0.009015 5.9e-06
0.0090206 6.4e-06
0.0090263 6.9e-06
0.0090319 7.5e-06
0.0090375 8.1e-06
0.0090432 8.8e-06
0.0090488 9.5e-06
0.0090544 1.03e-05
0.00906 1.11e-05
0.0090657 1.21e-05
0.0090713 1.31e-05
0.0090769 1.42e-05
0.0090826 1.53e-05
0.0090882 1.66e-05
0.0090938 1.8e-05
0.0090994 1.95e-05
0.0091051 2.12e-05
0.0091107 2.29e-05
0.0091163 2.49e-05
0.009122 2.69e-05
0.0091276 2.92e-05
0.0091332 3.17e-05
0.0091388 3.43e-05
0.0091445 3.72e-05
0.0091501 4.03e-05
0.0091557 4.37e-05
0.0091614 4.74e-05
0.009167 5.13e-05
0.0091726 5.56e-05
0.0091782 6.03e-05
0.0091839 6.53e-05
0.0091895 7.08e-05
0.0091951 7.66e-05
0.0092008 8.3e-05
0.0092064 8.99e-05
0.009212 9.74e-05
0.0092176 0.0001054
0.0092233 0.0001141
0.0092289 0.0001235
0.0092345 0.0001337
0.0092402 0.0001446
0.0092458 0.0001565
0.0092514 0.0001693
0.009257 0.0001831
0.0092627 0.0001979
0.0092683 0.000214
0.0092739 0.0002313
0.0092795 0.00025
0.0092852 0.00027
0.0092908 0.0002917
0.0092964 0.000315
0.0093021 0.0003402
0.0093077 0.0003672
0.0093133 0.0003962
0.0093189 0.0004276
0.0093246 0.0004614
0.0093302 0.0004974
0.0093358 0.0005363
0.0093415 0.0005782
0.0093471 0.0006233
0.0093527 0.0006714
0.0093583 0.0007231
0.009364 0.0007789
0.0093696 0.0008387
0.0093752 0.0009024
0.0093809 0.000971
0.0093865 0.0010448
0.0093921 0.0011239
0.0093977 0.001208
0.0094034 0.0012983
0.009409 0.0013954
0.0094146 0.0014994
0.0094203 0.0016097
0.0094259 0.0017281
0.0094315 0.0018552
0.0094371 0.0019912
0.0094428 0.002135
0.0094484 0.0022892
0.009454 0.0024545
0.0094597 0.0026312
0.0094653 0.0028175
0.0094709 0.003017
0.0094765 0.0032307
0.0094822 0.0034586
0.0094878 0.0036983
0.0094934 0.0039545
0.0094991 0.0042286
0.0095047 0.0045204
0.0095103 0.0048262
0.0095159 0.0051526
0.0095216 0.0055012
0.0095272 0.0058717
0.0095328 0.0062582
0.0095385 0.0066702
0.0095441 0.0071093
0.0095497 0.0075751
0.0095553 0.0080586
0.009561 0.0085729
0.0095666 0.0091201
0.0095722 0.0096992
0.0095779 0.0102967
0.0095835 0.010931
0.0095891 0.0116044
0.0095947 0.0123153
0.0096004 0.0130435
0.009606 0.0138147
0.0096116 0.0146316
0.0096173 0.0154915
0.0096229 0.0163648
0.0096285 0.0172873
0.0096341 0.0182618
0.0096398 0.0192845
0.0096454 0.0203124
0.009651 0.021395
0.0096567 0.0225354
0.0096623 0.0237279
0.0096679 0.0249117
0.0096735 0.0261545
0.0096792 0.0274593
0.0096848 0.0288183
0.0096904 0.030147
0.0096961 0.0315371
0.0097017 0.0329912
0.0097073 0.0344989
0.0097129 0.0359456
0.0097186 0.037453
0.0097242 0.0390236
0.0097298 0.0406439
0.0097355 0.042162
0.0097411 0.0437368
0.0097467 0.0453704
0.0097523 0.0470462
0.009758 0.0485678
0.0097636 0.0501387
0.0097692 0.0517603
0.0097749 0.0534131
0.0097805 0.0548501
0.0097861 0.0563257
0.0097917 0.057841
0.0097974 0.059374
0.009803 0.0606226
0.0098086 0.0618974
0.0098143 0.0631991
0.0098199 0.0645042
0.0098255 0.0654546
0.0098311 0.066419
0.0098368 0.0673976
0.0098424 0.0683668
0.009848 0.0689161
0.0098537 0.0694698
0.0098593 0.0700279
0.0098649 0.0705681
0.0098705 0.0706359
0.0098762 0.0707038
0.0098818 0.0707717
0.0098874 0.07082
0.0098931 0.0703637
0.0098987 0.0699104
0.0099043 0.06946
0.0099099 0.0689964
0.0099156 0.0680221
0.0099212 0.0670617
0.0099268 0.0661148
0.0099325 0.0651694
0.0099381 0.0637357
0.0099437 0.0623334
0.0099493 0.0609621
0.009955 0.0596135
0.0099606 0.0578251
0.0099662 0.0560903
0.0099719 0.0544075
0.0099775 0.052772
0.0099831 0.0507653
0.0099887 0.048835
0.0099944 0.0469781
0.01 0.0451917
