0.001 0.0007043
0.0010056 0.0008575
0.0010113 0.001044
0.0010169 0.001271
0.0010225 0.0015475
0.0010281 0.0018493
0.0010338 0.0022096
0.0010394 0.0026402
0.001045 0.0031546
0.0010507 0.003704
0.0010563 0.0043478
0.0010619 0.0051036
0.0010675 0.0059908
0.0010732 0.0069224
0.0010788 0.007996
0.0010844 0.009236
0.0010901 0.0106684
0.0010957 0.0121557
0.0011013 0.0138444
0.0011069 0.0157678
0.0011126 0.0179583
0.0011182 0.0202179
0.0011238 0.0227515
0.0011295 0.0256026
0.0011351 0.028811
0.0011407 0.032111
0.0011463 0.0357728
0.001152 0.0398521
0.0011576 0.0443966
0.0011632 0.0490691
0.0011689 0.0542096
0.0011745 0.0598886
0.0011801 0.0661626
0.0011857 0.0726208
0.0011914 0.0796763
0.001197 0.0874173
0.0012026 0.0959103
0.0012083 0.1046695
0.0012139 0.1141844
0.0012195 0.1245643
0.0012251 0.1358878
0.0012308 0.1475908
0.0012364 0.1602445
0.001242 0.173983
0.0012477 0.1888995
0.0012533 0.2043463
0.0012589 0.2209835
0.0012645 0.2389751
0.0012702 0.2584316
0.0012758 0.2786122
0.0012814 0.300277
0.0012871 0.3236263
0.0012927 0.3487913
0.0012983 0.374921
0.0013039 0.4028929
0.0013096 0.4329518
0.0013152 0.4652532
0.0013208 0.4988092
0.0013265 0.5346398
0.0013321 0.5730443
0.0013377 0.6142074
0.0013433 0.6569628
0.001349 0.7025092
0.0013546 0.7512132
0.0013602 0.8032938
0.0013659 0.8573473
0.0013715 0.9147992
0.0013771 0.9761011
0.0013827 1.0415109
0.0013884 1.1093069
0.001394 1.1812046
0.0013996 1.2577622
0.0014053 1.3392818
0.0014109 1.4236183
0.0014165 1.5128556
0.0014221 1.6076866
0.0014278 1.708462
0.0014334 1.8124817
0.001439 1.9222919
0.0014447 2.0387551
0.0014503 2.1622742
0.0014559 2.2894352
0.0014615 2.4233552
0.0014672 2.5651089
0.0014728 2.7151544
0.0014784 2.8691755
0.0014841 3.0309833
0.0014897 3.2019163
0.0014953 3.3824891
0.0015009 3.5672639
0.0015066 3.7608833
0.0015122 3.9650117
0.0015178 4.1802196
0.0015235 4.3996907
0.0015291 4.6290539
0.0015347 4.8703741
0.0015403 5.1242747
0.001546 5.3822568
0.0015516 5.651112
0.0015572 5.9333972
0.0015629 6.229783
0.0015685 6.5297205
0.0015741 6.8413712
0.0015797 7.1678963
0.0015854 7.5100058
0.001591 7.854649
0.0015966 8.2116062
0.0016023 8.5847856
0.0016079 8.9749241
0.0016135 9.3659101
0.0016191 9.7694465
0.0016248 10.1903695
0.0016304 10.6294283
0.001636 11.0667586
0.0016417 11.5163569
0.0016473 11.9842206
0.0016529 12.4710917
0.0016585 12.9525144
0.0016642 13.4452243
0.0016698 13.9566767
0.0016754 14.4875847
0.0016811 15.0079161
0.0016867 15.5376631
0.0016923 16.0861091
0.0016979 16.6539141
0.0017036 17.2043766
0.0017092 17.7613125
0.0017148 18.3362775
0.0017205 18.929855
0.0017261 19.4975611
0.0017317 20.0676016
0.0017373 20.6543082
0.001743 21.2581681
0.0017486 21.8259345
0.0017542 22.3906841
0.0017598 22.9700466
0.0017655 23.5644003
0.0017711 24.1111086
0.0017767 24.6483929
0.0017824 25.1976498
0.001788 25.7591463
0.0017936 26.2608416
0.0017992 26.7460281
0.0018049 27.2401788
0.0018105 27.7434592
0.0018161 28.1752702
0.0018218 28.5834194
0.0018274 28.9974812
0.001833 29.4175411
0.0018386 29.7563034
0.0018443 30.0649695
0.0018499 30.3768373
0.0018555 30.6919403
0.0018612 30.9191584
0.0018668 31.1114031
0.0018724 31.3048431
0.001878 31.4994858
0.0018837 31.6040636
0.0018893 31.671071
0.0018949 31.7382203
0.0019006 31.8055121
0.0019062 31.7856377
0.0019118 31.7283206
0.0019174 31.6711069
0.0019231 31.6139964
0.0019287 31.4777331
0.0019343 31.3069528
0.00194 31.1370991
0.0019456 30.968167
0.0019512 30.7326413
0.0019568 30.468035
0.0019625 30.2057069
0.0019681 29.9456375
0.0019737 29.6350903
0.0019794 29.3028705
0.001985 28.9743751
0.0019906 28.6495622
0.0019962 28.2927861
0.0020019 27.9230863
0.0020075 27.5582174
0.0020131 27.1981162
0.0020188 26.8258569
0.0020244 26.4501915
0.00203 26.0797868
0.0020356 25.7145692
0.0020413 25.3573479
0.0020469 25.0065918
0.0020525 24.6606875
0.0020582 24.3195679
0.0020638 24.0061838
0.0020694 23.709264
0.002075 23.4160167
0.0020807 23.1263965
0.0020863 22.8831923
0.0020919 22.666515
0.0020976 22.4518894
0.0021032 22.2392961
0.0021088 22.090153
0.0021144 21.9776868
0.0021201 21.8657932
0.0021257 21.7544692
0.0021313 21.7214096
0.002137 21.7352693
0.0021426 21.7491379
0.0021482 21.7630153
0.0021538 21.8671815
0.0021595 22.0284544
0.0021651 22.1909166
0.0021707 22.3545771
0.0021764 22.6172047
0.002182 22.9466409
0.0021876 23.2808755
0.0021932 23.6199786
0.0021989 24.0628747
0.0022045 24.5810229
0.0022101 25.1103285
0.0022158 25.6510316
0.0022214 26.2961455
0.002227 27.0226831
0.0022326 27.7692942
0.0022383 28.5365335
0.0022439 29.4045812
0.0022495 30.3570109
0.0022552 31.3402903
0.0022608 32.3554187
0.0022664 33.4641114
0.002272 34.6565124
0.0022777 35.8914012
0.0022833 37.1702919
0.0022889 38.5331907
0.0022946 39.9759741
0.0023002 41.4727791
0.0023058 43.0256283
0.0023114 44.6526278
0.0023171 46.3540029
0.0023227 48.1202046
0.0023283 49.953703
0.002334 51.853555
0.0023396 53.8227601
0.0023452 55.8667484
0.0023508 57.9883597
0.0023565 60.1728654
0.0023621 62.4245926
0.0023677 64.7605816
0.0023734 67.1839856
0.002379 69.6730179
0.0023846 72.2322553
0.0023902 74.8854988
0.0023959 77.6362015
0.0024015 80.4628109
0.0024071 83.3695934
0.0024128 86.3813858
0.0024184 89.5019816
0.002424 92.7173162
0.0024296 96.0313865
0.0024353 99.4639143
0.0024409 103.0191338
0.0024465 106.6974654
0.0024522 110.5033241
0.0024578 114.4449365
0.0024634 118.5271447
0.002469 122.7717137
0.0024747 127.1848713
0.0024803 131.7566646
0.0024859 136.4927957
0.0024916 141.4434502
0.0024972 146.6188805
0.0025028 151.9836803
0.0025084 157.5447786
0.0025141 163.3885372
0.0025197 169.5324573
0.0025253 175.907408
0.002531 182.5220769
0.0025366 189.5078645
0.0025422 196.8940472
0.0025478 204.5681108
0.0025535 212.5412757
0.0025591 221.0001316
0.0025647 229.9919046
0.0025704 239.3495235
0.002576 249.0878733
0.0025816 259.4597208
0.0025872 270.538328
0.0025929 282.089978
0.0025985 294.1348691
0.0026041 307.0019652
0.0026098 320.8003595
0.0026154 335.2189312
0.002621 350.2855546
0.0026266 366.4099289
0.0026323 383.7469521
0.0026379 401.9042924
0.0026435 420.920764
0.0026492 441.27631
0.0026548 463.1771797
0.0026604 486.1650057
0.002666 510.2937345
0.0026717 536.0699989
0.0026773 563.7417792
0.0026829 592.8419689
0.0026886 623.4443021
0.0026942 655.9752697
0.0026998 690.6787484
0.0027054 727.2181674
0.0027111 765.6906547
0.0027167 806.2299903
0.0027223 848.9599181
0.002728 893.9545181
0.0027336 941.3338173
0.0027392 990.5788692
0.0027448 1041.467099
0.0027505 1094.9695699
0.0027561 1151.2205812
0.0027617 1208.5395635
0.0027674 1266.0051434
0.002773 1326.2031891
0.0027786 1389.2636281
0.0027842 1451.7917139
0.0027899 1511.7521951
0.0027955 1574.1891055
0.0028011 1639.2047241
0.0028068 1701.3489814
0.0028124 1757.1794892
0.002818 1814.8420995
0.0028236 1874.3969333
0.0028293 1928.5271353
0.0028349 1972.4520845
0.0028405 2017.3774869
0.0028462 2063.3261293
0.0028518 2101.9601783
0.0028574 2127.6931955
0.002863 2153.7412463
0.0028687 2180.1081875
0.0028743 2198.6638569
0.0028799 2203.8266875
0.0028856 2209.0016414
0.0028912 2214.1887469
0.0028968 2212.5335816
0.0029024 2199.1871288
0.0029081 2185.9211845
0.0029137 2172.735263
0.0029193 2154.5494417
0.002925 2127.625328
0.0029306 2101.0376687
0.0029362 2074.7822596
0.0029418 2045.4536017
0.0029475 2010.4181694
0.0029531 1975.9828394
0.0029587 1942.1373329
0.0029644 1906.6945956
0.00297 1867.8631865
0.0029756 1829.8226112
0.0029812 1792.5567636
0.0029869 1754.5613914
0.0029925 1714.5258479
0.0029981 1675.4038345
0.0030038 1637.1745064
0.0030094 1598.5745792
0.003015 1558.432807
0.0030206 1519.2990341
0.0030263 1481.1479484
0.0030319 1442.6730021
0.0030375 1402.5877916
0.0030432 1363.6163637
0.0030488 1325.7277715
0.0030544 1287.443778
0.00306 1247.2237069
0.0030657 1208.260121
0.0030713 1170.5137675
0.0030769 1132.3326049
0.0030826 1091.9014077
0.0030882 1052.9138514
0.0030938 1015.3183892
0.0030994 977.3742012
0.0031051 937.0740131
0.0031107 898.4355276
0.0031163 861.3902273
0.003122 824.237608
0.0031276 784.9297654
0.0031332 747.4965114
0.0031388 711.8484471
0.0031445 676.455528
0.0031501 639.402455
0.0031557 604.3789761
0.0031614 571.2739198
0.003167 538.8232801
0.0031726 505.3907626
0.0031782 474.0326418
0.0031839 444.620207
0.0031895 416.1970488
0.0031951 387.4909238
0.0032008 360.7647303
0.0032064 335.8819075
0.003212 312.181912
0.0032176 288.7705535
0.0032233 267.1148755
0.0032289 247.0832149
0.0032345 228.2622793
0.0032402 210.0928014
0.0032458 193.3695981
0.0032514 177.9775471
0.003257 163.6868808
0.0032627 150.1991512
0.0032683 137.8228048
0.0032739 126.4662641
0.0032795 116.0221788
0.0032852 106.3731138
0.0032908 97.52652
0.0032964 89.4156593
0.0033021 82.0067233
0.0033077 75.2943696
0.0033133 69.1314305
0.0033189 63.4729357
0.0033246 58.3243589
0.0033302 53.7411988
0.0033358 49.518186
0.0033415 45.6270199
0.0033471 42.0909407
0.0033527 38.9925001
0.0033583 36.1221451
0.003364 33.4630855
0.0033696 31.0441579
0.0033752 28.9550435
0.0033809 27.0065159
0.0033865 25.1891143
0.0033921 23.5311541
0.0033977 22.1190624
0.0034034 20.7917097
0.003409 19.5440106
0.0034146 18.401174
0.0034203 17.4418492
0.0034259 16.5325378
0.0034315 15.6706323
0.0034371 14.8775091
0.0034428 14.2227543
0.0034484 13.596815
0.003454 12.9984231
0.0034597 12.4452611
0.0034653 11.9981478
0.0034709 11.5670977
0.0034765 11.1515336
0.0034822 10.7659081
0.0034878 10.463197
0.0034934 10.1689974
0.0034991 9.88307
0.0035047 9.6171623
0.0035103 9.4174504
0.0035159 9.2218858
0.0035216 9.0303823
0.0035272 8.8524539
0.0035328 8.7283866
0.0035385 8.6060582
0.0035441 8.4854442
0.0035497 8.3742031
0.0035553 8.3073883
0.003561 8.2411065
0.0035666 8.1753537
0.0035722 8.1162129
0.0035779 8.0938562
0.0035835 8.071561
0.0035891 8.0493273
0.0035947 8.0318566
0.0036004 8.0444629
0.003606 8.057089
0.0036116 8.069735
0.0036173 8.0858452
0.0036229 8.1255773
0.0036285 8.1655047
0.0036341 8.2056283
0.0036398 8.2482134
0.0036454 8.3076826
0.003651 8.3675807
0.0036567 8.4279106
0.0036623 8.4898168
0.0036679 8.5612277
0.0036735 8.6332393
0.0036792 8.7058566
0.0036848 8.7791719
0.0036904 8.853853
0.0036961 8.9291693
0.0037017 9.0051263
0.0037073 9.0808731
0.0037129 9.1492893
0.0037186 9.218221
0.0037242 9.287672
0.0037298 9.3560177
0.0037355 9.40834
0.0037411 9.460955
0.0037467 9.5138643
0.0037523 9.5649026
0.003758 9.5920878
0.0037636 9.6193503
0.0037692 9.6466902
0.0037749 9.6716778
0.0037805 9.6668138
0.0037861 9.6619522
0.0037917 9.657093
0.0037974 9.6498184
0.003803 9.6093217
0.0038086 9.5689949
0.0038143 9.5288374
0.0038199 9.486672
0.0038255 9.4109013
0.0038311 9.3357358
0.0038368 9.2611706
0.0038424 9.1854151
0.003848 9.0784545
0.0038537 8.9727394
0.0038593 8.8682554
0.0038649 8.7636497
0.0038705 8.6323315
0.0038762 8.5029811
0.0038818 8.3755689
0.0038874 8.249153
0.0038931 8.1016621
0.0038987 7.9568084
0.0039043 7.8145445
0.0039099 7.6742633
0.0039156 7.5187564
0.0039212 7.3664005
0.0039268 7.2171319
0.0039325 7.0705848
0.0039381 6.9141543
0.0039437 6.7611846
0.0039493 6.6115993
0.003955 6.4651874
0.0039606 6.3133059
0.0039662 6.1649924
0.0039719 6.0201631
0.0039775 5.8786939
0.0039831 5.7350947
0.0039887 5.5950032
0.0039944 5.4583337
0.004 5.3250026
0.0040056 5.1918597
0.0040113 5.0620458
0.0040169 4.9354778
0.0040225 4.8120743
0.0040281 4.6903426
0.0040338 4.57168
0.0040394 4.4560195
0.004045 4.3432851
0.0040507 4.2330232
0.0040563 4.1255549
0.0040619 4.020815
0.0040675 3.9187343
0.0040732 3.8194647
0.0040788 3.7227148
0.0040844 3.6284156
0.0040901 3.5365051
0.0040957 3.4474649
0.0041013 3.3606829
0.0041069 3.2760854
0.0041126 3.1936175
0.0041182 3.1139382
0.0041238 3.0362739
0.0041295 2.9605467
0.0041351 2.8867082
0.0041407 2.8155327
0.0041463 2.7461499
0.004152 2.678477
0.0041576 2.6124717
0.0041632 2.5490219
0.0041689 2.4871635
0.0041745 2.4268062
0.0041801 2.3679137
0.0041857 2.311521
0.0041914 2.2565382
0.004197 2.2028633
0.0042026 2.1504652
0.0042083 2.1005756
0.0042139 2.051933
0.0042195 2.0044168
0.0042251 1.9580009
0.0042308 1.9141642
0.0042364 1.8714285
0.004242 1.829647
0.0042477 1.7887982
0.0042533 1.7506488
0.0042589 1.7134707
0.0042645 1.6770822
0.0042702 1.6414665
0.0042758 1.6087029
0.0042814 1.5767971
0.0042871 1.545524
0.0042927 1.5148713
0.0042983 1.4872388
0.0043039 1.4603671
0.0043096 1.433981
0.0043152 1.4080717
0.0043208 1.3853515
0.0043265 1.3633132
0.0043321 1.3416255
0.0043377 1.3202828
0.0043433 1.3022889
0.004349 1.2849181
0.0043546 1.267779
0.0043602 1.2508684
0.0043659 1.2374525
0.0043715 1.2246233
0.0043771 1.2119271
0.0043827 1.1993626
0.0043884 1.190425
0.004394 1.1820635
0.0043996 1.1737607
0.0044053 1.1655163
0.0044109 1.161022
0.0044165 1.1571219
0.0044221 1.1532348
0.0044278 1.1493608
0.0044334 1.1493576
0.004439 1.1499985
0.0044447 1.1506399
0.0044503 1.1512816
0.0044559 1.1559186
0.0044615 1.1612857
0.0044672 1.1666777
0.0044728 1.1720947
0.0044784 1.1816412
0.0044841 1.1920429
0.0044897 1.2025362
0.0044953 1.2131218
0.0045009 1.2279833
0.0045066 1.2438678
0.0045122 1.2599577
0.0045178 1.2762558
0.0045235 1.2969876
0.0045291 1.3189553
0.0045347 1.3412951
0.0045403 1.3640132
0.004546 1.3913291
0.0045516 1.42014
0.0045572 1.4495475
0.0045629 1.479564
0.0045685 1.5143394
0.0045741 1.5509139
0.0045797 1.5883719
0.0045854 1.6267345
0.004591 1.6700023
0.0045966 1.715415
0.0046023 1.7620625
0.0046079 1.8099786
0.0046135 1.86292
0.0046191 1.918387
0.0046248 1.9755055
0.0046304 2.0343247
0.004636 2.0982565
0.0046417 2.165123
0.0046473 2.2341203
0.0046529 2.3053164
0.0046585 2.3816832
0.0046642 2.4614165
0.0046698 2.543819
0.0046754 2.6289802
0.0046811 2.7193599
0.0046867 2.8135603
0.0046923 2.9110239
0.0046979 3.0118637
0.0047036 3.1179955
0.0047092 3.2284332
0.0047148 3.3427826
0.0047205 3.4611822
0.0047261 3.585023
0.0047317 3.7137043
0.0047373 3.8470045
0.004743 3.9850893
0.0047486 4.1288944
0.0047542 4.27815
0.0047598 4.4328009
0.0047655 4.5930424
0.0047711 4.7594531
0.0047767 4.9320269
0.0047824 5.1108582
0.004788 5.2961737
0.0047936 5.4882804
0.0047992 5.6873818
0.0048049 5.8937061
0.0048105 6.1075154
0.0048161 6.3288492
0.0048218 6.5581149
0.0048274 6.7956859
0.004833 7.0418631
0.0048386 7.2962559
0.0048443 7.5595584
0.0048499 7.8323629
0.0048555 8.1150121
0.0048612 8.4062537
0.0048668 8.7072816
0.0048724 9.0190893
0.004878 9.3420628
0.0048837 9.6732834
0.0048893 10.0148219
0.0048949 10.3684193
0.0049006 10.7345013
0.0049062 11.1072223
0.0049118 11.4900882
0.0049174 11.8861514
0.0049231 12.295867
0.0049287 12.7087131
0.0049343 13.1303609
0.00494 13.565998
0.0049456 14.0160886
0.0049512 14.46326
0.0049568 14.9162032
0.0049625 15.3833312
0.0049681 15.8650881
0.0049737 16.3348541
0.0049794 16.8052257
0.004985 17.289142
0.0049906 17.7869929
0.0049962 18.2606674
0.0050019 18.72744
0.0050075 19.206144
0.0050131 19.6970845
0.0050188 20.1490911
0.0050244 20.5845915
0.00503 21.0295047
0.0050356 21.4840342
0.0050413 21.8836372
0.0050469 22.2558787
0.0050525 22.634452
0.0050582 23.0194649
0.0050638 23.3344118
0.0050694 23.6113312
0.005075 23.891537
0.0050807 24.1750681
0.0050863 24.3767508
0.0050919 24.5317264
0.0050976 24.6876873
0.0051032 24.8446397
0.0051088 24.9136398
0.0051144 24.9309463
0.0051201 24.9482648
0.0051257 24.9655954
0.0051313 24.8960112
0.005137 24.7745472
0.0051426 24.6536757
0.0051482 24.533394
0.0051538 24.3345029
0.0051595 24.0884959
0.0051651 23.8449759
0.0051707 23.6039177
0.0051764 23.2985535
0.005182 22.9549459
0.0051876 22.6164058
0.0051932 22.2828586
0.0051989 21.9030391
0.0052045 21.4964222
0.0052101 21.0973539
0.0052158 20.705694
0.0052214 20.2869354
0.005227 19.8536605
0.0052326 19.4296392
0.0052383 19.0146738
0.0052439 18.5906736
0.0052495 18.1637996
0.0052552 17.7467274
0.0052608 17.3392319
0.0052664 16.9381748
0.005272 16.5443213
0.0052777 16.1596257
0.0052833 15.7838753
0.0052889 15.4268406
0.0052946 15.0852009
0.0053002 14.7511271
0.0053058 14.4244516
0.0053114 14.1257015
0.0053171 13.848829
0.0053227 13.5773834
0.0053283 13.3112582
0.005334 13.0798077
0.0053396 12.875507
0.0053452 12.6743974
0.0053508 12.476429
0.0053565 12.31826
0.0053621 12.1919651
0.0053677 12.066965
0.0053734 11.9432465
0.005379 11.8637199
0.0053846 11.8209676
0.0053902 11.7783693
0.0053959 11.7359245
0.0054015 11.7421955
0.0054071 11.7910646
0.0054128 11.840137
0.0054184 11.8894136
0.005424 11.9928822
0.0054296 12.1464727
0.0054353 12.3020302
0.0054409 12.45958
0.0054465 12.6785517
0.0054522 12.957694
0.0054578 13.2429822
0.0054634 13.5345516
0.005469 13.8973327
0.0054747 14.333723
0.0054803 14.7838164
0.0054859 15.2480432
0.0054916 15.79662
0.0054972 16.4364506
0.0055028 17.1021971
0.0055084 17.7949091
0.0055141 18.589107
0.0055197 19.496929
0.0055253 20.4490856
0.005531 21.447742
0.0055366 22.5692321
0.0055422 23.8311718
0.0055478 25.1636718
0.0055535 26.5706773
0.0055591 28.1253293
0.0055647 29.8498595
0.0055704 31.6801309
0.005576 33.6226271
0.0055816 35.7385931
0.0055872 38.052032
0.0055929 40.515225
0.0055985 43.137866
0.0056041 45.9558829
0.0056098 48.989247
0.0056154 52.2228314
0.005621 55.6698517
0.0056266 59.3224946
0.0056323 63.1872608
0.0056379 67.3038103
0.0056435 71.6885465
0.0056492 76.2676665
0.0056548 81.0212909
0.0056604 86.0712001
0.005666 91.4358608
0.0056717 96.9525402
0.0056773 102.560065
0.0056829 108.4919168
0.0056886 114.7668541
0.0056942 121.1144416
0.0056998 127.4180697
0.0057054 134.049782
0.0057111 141.0266541
0.0057167 147.9613588
0.0057223 154.6719083
0.005728 161.686804
0.0057336 169.019849
0.0057392 176.1713545
0.0057448 182.891174
0.0057505 189.8673119
0.0057561 197.1095452
0.0057617 204.0252883
0.0057674 210.3020459
0.005773 216.7719055
0.0057786 223.4408078
0.0057842 229.6553307
0.0057899 235.0544659
0.0057955 240.5805333
0.0058011 246.2365171
0.0058068 251.3476202
0.0058124 255.523927
0.005818 259.7696259
0.0058236 264.08587
0.0058293 267.8169119
0.0058349 270.5661773
0.0058405 273.3436651
0.0058462 276.1496651
0.0058518 278.3829457
0.0058574 279.662049
0.005863 280.9470294
0.0058687 282.237914
0.0058743 283.0143274
0.0058799 282.9287458
0.0058856 282.84319
0.0058912 282.7576601
0.0058968 282.2479153
0.0059024 281.0146089
0.0059081 279.7866915
0.0059137 278.5641396
0.0059193 277.0231624
0.005925 274.9214651
0.0059306 272.8357128
0.0059362 270.7657846
0.0059418 268.4832578
0.0059475 265.8062467
0.0059531 263.1559278
0.0059587 260.5320348
0.0059644 257.7894058
0.00597 254.8047065
0.0059756 251.8545641
0.0059812 248.9385786
0.0059869 245.9783224
0.0059925 242.9025573
0.0059981 239.8652521
0.0060038 236.8659261
0.0060094 233.8743891
0.006015 230.8612991
0.0060206 227.8870279
0.0060263 224.9510753
0.0060319 222.0530887
0.0060375 219.1927275
0.0060432 216.3692117
0.0060488 213.5820669
0.0060544 210.8440723
0.00606 208.1695154
0.0060657 205.5288852
0.0060713 202.9217514
0.0060769 200.360133
0.0060826 197.8584247
0.0060882 195.3879528
0.0060938 192.9483274
0.0060994 190.5403902
0.0061051 188.1653201
0.0061107 185.8198551
0.0061163 183.5036261
0.006122 181.1995923
0.0061276 178.8848041
0.0061332 176.5995868
0.0061388 174.3435627
0.0061445 172.0786662
0.0061501 169.7502214
0.0061557 167.4532834
0.0061614 165.1874259
0.006167 162.893508
0.0061726 160.4813024
0.0061782 158.1048179
0.0061839 155.7635255
0.0061895 153.3795539
0.0061951 150.8270342
0.0062008 148.3169931
0.0062064 145.8487237
0.006212 143.3295748
0.0062176 140.6012156
0.0062233 137.9247922
0.0062289 135.2993161
0.0062345 132.6221589
0.0062402 129.7082604
0.0062458 126.8583845
0.0062514 124.0711243
0.006257 121.2389144
0.0062627 118.1574684
0.0062683 115.1543414
0.0062739 112.2275428
0.0062795 109.2694051
0.0062852 106.0649843
0.0062908 102.954536
0.0062964 99.9353044
0.0063021 96.9038634
0.0063077 93.6436466
0.0063133 90.493116
0.0063189 87.4485814
0.0063246 84.4145196
0.0063302 81.1816953
0.0063358 78.0726786
0.0063415 75.082728
0.0063471 72.1270553
0.0063527 69.0120486
0.0063583 66.0315722
0.006364 63.1798159
0.0063696 60.3846066
0.0063752 57.474937
0.0063809 54.7054717
0.0063865 52.0694548
0.0063921 49.5081783
0.0063977 46.878254
0.0064034 44.3880339
0.006409 42.0300968
0.0064146 39.7590284
0.0064203 37.4616015
0.0064259 35.2969287
0.0064315 33.2573388
0.0064371 31.3096449
0.0064428 29.3706726
0.0064484 27.5517786
0.006454 25.8455269
0.0064597 24.2292367
0.0064653 22.6472785
0.0064709 21.1686084
0.0064765 19.7864826
0.0064822 18.4866574
0.0064878 17.2367847
0.0064934 16.0714152
0.0064991 14.9848357
0.0065047 13.9691229
0.0065103 13.0100533
0.0065159 12.1168299
0.0065216 11.284932
0.0065272 10.5108322
0.0065328 9.7932259
0.0065385 9.1246127
0.0065441 8.5016477
0.0065497 7.9236097
0.0065553 7.3974989
0.006561 6.9063207
0.0065666 6.4477557
0.0065722 6.0226839
0.0065779 5.6427338
0.0065835 5.2867535
0.0065891 4.9532307
0.0065947 4.6438067
0.0066004 4.3720734
0.006606 4.1162407
0.0066116 3.8753781
0.0066173 3.6513512
0.0066229 3.4579519
0.0066285 3.2747963
0.0066341 3.1013418
0.0066398 2.9393691
0.0066454 2.8018101
0.006651 2.6706887
0.0066567 2.5457037
0.0066623 2.428398
0.0066679 2.3302777
0.0066735 2.236122
0.0066792 2.1457707
0.0066848 2.0604742
0.0066904 1.990066
0.0066961 1.9220638
0.0067017 1.8563852
0.0067073 1.7939891
0.0067129 1.7429792
0.0067186 1.6934197
0.0067242 1.6452694
0.0067298 1.5992248
0.0067355 1.5617077
0.0067411 1.5250706
0.0067467 1.4892931
0.0067523 1.4548506
0.006758 1.4265862
0.0067636 1.3988709
0.0067692 1.371694
0.0067749 1.3453539
0.0067805 1.3232488
0.0067861 1.3015069
0.0067917 1.2801223
0.0067974 1.2592576
0.006803 1.2410199
0.0068086 1.2230463
0.0068143 1.2053331
0.0068199 1.1879452
0.0068255 1.1718675
0.0068311 1.1560075
0.0068368 1.1403621
0.0068424 1.1249314
0.006848 1.1097628
0.0068537 1.0947988
0.0068593 1.0800365
0.0068649 1.0654385
0.0068705 1.0503123
0.0068762 1.0354008
0.0068818 1.0207011
0.0068874 1.0061595
0.0068931 0.9905502
0.0068987 0.9751832
0.0069043 0.9600545
0.0069099 0.9451101
0.0069156 0.9287981
0.0069212 0.9127677
0.0069268 0.897014
0.0069325 0.8814917
0.0069381 0.8645195
0.0069437 0.8478741
0.0069493 0.8315491
0.006955 0.8155126
0.0069606 0.7981257
0.0069662 0.7811095
0.0069719 0.764456
0.0069775 0.7481463
0.0069831 0.7307202
0.0069887 0.7137
0.0069944 0.6970763
0.007 0.6808397
0.0070056 0.6638006
0.0070113 0.6471878
0.0070169 0.6309909
0.0070225 0.6151993
0.0070281 0.5989575
0.0070338 0.5831382
0.0070394 0.5677368
0.007045 0.5527421
0.0070507 0.5376192
0.0070563 0.5229023
0.0070619 0.5085882
0.0070675 0.4946659
0.0070732 0.4808764
0.0070788 0.4674656
0.0070844 0.4544289
0.0070901 0.4417558
0.0070957 0.4294016
0.0071013 0.4173919
0.0071069 0.4057181
0.0071126 0.3943708
0.0071182 0.3834547
0.0071238 0.3728452
0.0071295 0.3625292
0.0071351 0.3524986
0.0071407 0.3429481
0.0071463 0.3336656
0.007152 0.3246344
0.0071576 0.3158476
0.0071632 0.3075414
0.0071689 0.2994668
0.0071745 0.2916042
0.0071801 0.2839481
0.0071857 0.2767412
0.0071914 0.2697327
0.007197 0.2629017
0.0072026 0.2562437
0.0072083 0.2499865
0.0072139 0.2438985
0.0072195 0.2379587
0.0072251 0.2321636
0.0072308 0.2267152
0.0072364 0.2214109
0.007242 0.2162308
0.0072477 0.2111718
0.0072533 0.2064083
0.0072589 0.2017679
0.0072645 0.1972319
0.0072702 0.1927978
0.0072758 0.1886164
0.0072814 0.1845406
0.0072871 0.1805529
0.0072927 0.1766513
0.0072983 0.1729713
0.0073039 0.1693824
0.0073096 0.165868
0.0073152 0.1624266
0.0073208 0.1591879
0.0073265 0.156029
0.0073321 0.1529328
0.0073377 0.149898
0.0073433 0.1470597
0.007349 0.1442921
0.0073546 0.1415765
0.0073602 0.1389121
0.0073659 0.1364487
0.0073715 0.1340492
0.0073771 0.1316919
0.0073827 0.1293761
0.0073884 0.1272748
0.007394 0.1252328
0.0073996 0.1232235
0.0074053 0.1212465
0.0074109 0.1195044
0.0074165 0.1178189
0.0074221 0.116157
0.0074278 0.1145187
0.0074334 0.1131404
0.007439 0.1118178
0.0074447 0.1105107
0.0074503 0.1092188
0.0074559 0.1082149
0.0074615 0.107268
0.0074672 0.1063295
0.0074728 0.1053992
0.0074784 0.1047855
0.0074841 0.1042331
0.0074897 0.1036836
0.0074953 0.103137
0.0075009 0.1029356
0.0075066 0.1028024
0.0075122 0.1026694
0.0075178 0.1025366
0.0075235 0.1027763
0.0075291 0.1030947
0.0075347 0.1034142
0.0075403 0.1037346
0.007546 0.1044524
0.0075516 0.1052633
0.0075572 0.1060805
0.0075629 0.1069041
0.0075685 0.1081467
0.0075741 0.1095007
0.0075797 0.1108716
0.0075854 0.1122596
0.007591 0.1140837
0.0075966 0.116041
0.0076023 0.1180318
0.0076079 0.1200568
0.0076135 0.122528
0.0076191 0.1251573
0.0076248 0.1278429
0.0076304 0.1305862
0.007636 0.1337767
0.0076417 0.1371514
0.0076473 0.1406113
0.0076529 0.1441584
0.0076585 0.1481418
0.0076642 0.1523347
0.0076698 0.1566463
0.0076754 0.1610799
0.0076811 0.1659239
0.0076867 0.170999
0.0076923 0.1762293
0.0076979 0.1816196
0.0077036 0.1873771
0.0077092 0.1933806
0.0077148 0.1995764
0.0077205 0.2059707
0.0077261 0.212671
0.0077317 0.2196224
0.0077373 0.2268009
0.007743 0.2342141
0.0077486 0.2418553
0.0077542 0.2497409
0.0077598 0.2578837
0.0077655 0.2662919
0.0077711 0.2748373
0.0077767 0.2836083
0.0077824 0.2926592
0.007788 0.301999
0.0077936 0.3113785
0.0077992 0.3209543
0.0078049 0.3308246
0.0078105 0.3409985
0.0078161 0.3511168
0.0078218 0.3613946
0.0078274 0.3719733
0.007833 0.3828617
0.0078386 0.3936105
0.0078443 0.4044797
0.0078499 0.415649
0.0078555 0.4271268
0.0078612 0.4384009
0.0078668 0.4497592
0.0078724 0.4614116
0.007878 0.473366
0.0078837 0.4850791
0.0078893 0.496848
0.0078949 0.5089024
0.0079006 0.5212492
0.0079062 0.5333462
0.0079118 0.5454823
0.0079174 0.5578946
0.0079231 0.5705893
0.0079287 0.583053
0.0079343 0.5955524
0.00794 0.6083198
0.0079456 0.6213609
0.0079512 0.6342108
0.0079568 0.6471049
0.0079625 0.6602612
0.0079681 0.6736849
0.0079737 0.6869674
0.0079794 0.7003102
0.007985 0.7139121
0.0079906 0.7277781
0.0079962 0.7415482
0.0080019 0.7553948
0.0080075 0.7695
0.0080131 0.7838685
0.0080188 0.7981641
0.0080244 0.8125428
0.00803 0.8271805
0.0080356 0.8420819
0.0080413 0.8568926
0.0080469 0.8717708
0.0080525 0.8869072
0.0080582 0.9023065
0.0080638 0.9175386
0.0080694 0.9327865
0.008075 0.9482879
0.0080807 0.9640468
0.0080863 0.979488
0.0080919 0.9948441
0.0080976 1.010441
0.0081032 1.0262824
0.0081088 1.0415716
0.0081144 1.0566151
0.0081201 1.0718758
0.0081257 1.0873569
0.0081313 1.1019671
0.008137 1.1161059
0.0081426 1.1304262
0.0081482 1.1449302
0.0081538 1.1581724
0.0081595 1.1706578
0.0081651 1.1832777
0.0081707 1.1960338
0.0081764 1.2070926
0.008182 1.2170666
0.0081876 1.2271229
0.0081932 1.2372624
0.0081989 1.2452685
0.0082045 1.2518504
0.0082101 1.258467
0.0082158 1.2651186
0.0082214 1.2692555
0.008227 1.2716603
0.0082326 1.2740697
0.0082383 1.2764836
0.0082439 1.2761156
0.0082495 1.2737871
0.0082552 1.2714628
0.0082608 1.2691428
0.0082664 1.2639383
0.008272 1.256667
0.0082777 1.2494376
0.0082833 1.2422498
0.0082889 1.2322688
0.0082946 1.2202635
0.0083002 1.2083751
0.0083058 1.1966025
0.0083114 1.1823208
0.0083171 1.1662084
0.0083227 1.1503156
0.0083283 1.1346394
0.008334 1.1168976
0.0083396 1.0976475
0.0083452 1.0787292
0.0083508 1.060137
0.0083565 1.0400252
0.0083621 1.0188138
0.0083677 0.998035
0.0083734 0.9776799
0.008379 0.9563867
0.0083846 0.9344372
0.0083902 0.9129914
0.0083959 0.8920378
0.0084015 0.8706997
0.0084071 0.8491352
0.0084128 0.8281048
0.0084184 0.8075953
0.008424 0.7871807
0.0084296 0.7669201
0.0084353 0.7471809
0.0084409 0.7279498
0.0084465 0.7091931
0.0084522 0.6909012
0.0084578 0.6730811
0.0084634 0.6557207
0.008469 0.6391089
0.0084747 0.6231984
0.0084803 0.607684
0.0084859 0.5925558
0.0084916 0.5783548
0.0084972 0.5650239
0.0085028 0.5520003
0.0085084 0.5392769
0.0085141 0.5275814
0.0085197 0.5168702
0.0085253 0.5063764
0.008531 0.4960957
0.0085366 0.4868865
0.0085422 0.4787358
0.0085478 0.4707214
0.0085535 0.4628413
0.0085591 0.4560382
0.0085647 0.4503414
0.0085704 0.4447157
0.008576 0.4391603
0.0085816 0.4346648
0.0085872 0.4313072
0.0085929 0.4279756
0.0085985 0.4246697
0.0086041 0.4223944
0.0086098 0.4212788
0.0086154 0.4201661
0.008621 0.4190564
0.0086266 0.4189411
0.0086323 0.4199989
0.0086379 0.4210594
0.0086435 0.4221225
0.0086492 0.4241382
0.0086548 0.4273275
0.0086604 0.4305409
0.008666 0.4337784
0.0086717 0.4379169
0.0086773 0.4432073
0.0086829 0.4485617
0.0086886 0.4539807
0.0086942 0.4602311
0.0086998 0.4675736
0.0087054 0.4750331
0.0087111 0.4826117
0.0087167 0.490922
0.0087223 0.5002052
0.008728 0.5096639
0.0087336 0.5193015
0.0087392 0.5295271
0.0087448 0.5405237
0.0087505 0.5517487
0.0087561 0.5632068
0.0087617 0.5750525
0.0087674 0.5873644
0.008773 0.5999399
0.0087786 0.6127846
0.0087842 0.6257539
0.0087899 0.6387732
0.0087955 0.6520632
0.0088011 0.6656299
0.0088068 0.679002
0.0088124 0.6919096
0.008818 0.7050625
0.0088236 0.7184654
0.0088293 0.7313229
0.0088349 0.7431437
0.0088405 0.7551555
0.0088462 0.7673614
0.0088518 0.7786799
0.0088574 0.7883985
0.008863 0.7982383
0.0088687 0.808201
0.0088743 0.8169925
0.0088799 0.8237101
0.0088856 0.8304829
0.0088912 0.8373115
0.0088968 0.8427888
0.0089024 0.8458791
0.0089081 0.8489807
0.0089137 0.8520937
0.0089193 0.8538059
0.008925 0.8530214
0.0089306 0.8522377
0.0089362 0.8514547
0.0089418 0.8493514
0.0089475 0.8448475
0.0089531 0.8403675
0.0089587 0.8359112
0.0089644 0.8303196
0.00897 0.8225926
0.0089756 0.8149375
0.0089812 0.8073537
0.0089869 0.7988826
0.0089925 0.7886503
0.0089981 0.778549
0.0090038 0.7685771
0.0090094 0.757985
0.009015 0.746049
0.0090206 0.7343009
0.0090263 0.7227379
0.0090319 0.7108043
0.0090375 0.6979315
0.0090432 0.6852919
0.0090488 0.6728812
0.0090544 0.6603092
0.00906 0.6471523
0.0090657 0.6342576
0.0090713 0.6216197
0.0090769 0.60898
0.0090826 0.5960399
0.0090882 0.5833748
0.0090938 0.5709787
0.0090994 0.5586907
0.0091051 0.5463136
0.0091107 0.5342108
0.0091163 0.5223761
0.009122 0.5107166
0.0091276 0.4991126
0.0091332 0.4877722
0.0091388 0.4766895
0.0091445 0.4658162
0.0091501 0.4550873
0.0091557 0.4446055
0.0091614 0.4343651
0.009167 0.4243446
0.0091726 0.4145148
0.0091782 0.4049128
0.0091839 0.3955332
0.0091895 0.3863687
0.0091951 0.377411
0.0092008 0.368661
0.0092064 0.3601139
0.009212 0.3517684
0.0092176 0.3436258
0.0092233 0.3356718
0.0092289 0.3279018
0.0092345 0.320316
0.0092402 0.3129178
0.0092458 0.3056906
0.0092514 0.2986302
0.009257 0.2917356
0.0092627 0.2850082
0.0092683 0.2784359
0.0092739 0.2720151
0.0092795 0.2657428
0.0092852 0.2596163
0.0092908 0.253631
0.0092964 0.2477838
0.0093021 0.2420696
0.0093077 0.236482
0.0093133 0.2310233
0.0093189 0.2256906
0.0093246 0.2204781
0.0093302 0.2153761
0.0093358 0.2103922
0.0093415 0.2055237
0.0093471 0.2007645
0.0093527 0.1961039
0.0093583 0.1915515
0.009364 0.1871049
0.0093696 0.1827585
0.0093752 0.1785025
0.0093809 0.1743456
0.0093865 0.1702856
0.0093921 0.1663181
0.0093977 0.1624357
0.0094034 0.1586439
0.009409 0.1549406
0.0094146 0.1513231
0.0094203 0.1477872
0.0094259 0.144334
0.0094315 0.1409614
0.0094371 0.1376682
0.0094428 0.1344543
0.0094484 0.1313155
0.009454 0.1282499
0.0094597 0.1252575
0.0094653 0.1223421
0.0094709 0.1194947
0.0094765 0.1167135
0.0094822 0.1139995
0.0094878 0.1113599
0.0094934 0.1087814
0.0094991 0.1062627
0.0095047 0.1038052
0.0095103 0.1014188
0.0095159 0.0990873
0.0095216 0.0968094
0.0095272 0.0945869
0.0095328 0.0924315
0.0095385 0.0903253
0.0095441 0.088267
0.0095497 0.0862586
0.0095553 0.0843127
0.009561 0.0824107
0.0095666 0.0805515
0.0095722 0.0787372
0.0095779 0.0769804
0.0095835 0.0752627
0.0095891 0.0735834
0.0095947 0.0719442
0.0096004 0.0703578
0.009606 0.0688063
0.0096116 0.067289
0.0096173 0.0658076
0.0096229 0.0643748
0.0096285 0.0629732
0.0096341 0.0616021
0.0096398 0.0602632
0.0096454 0.0589696
0.009651 0.0577038
0.0096567 0.0564652
0.0096623 0.0552554
0.0096679 0.054089
0.0096735 0.0529472
0.0096792 0.0518295
0.0096848 0.0507378
0.0096904 0.0496886
0.0096961 0.0486611
0.0097017 0.0476549
0.0097073 0.046672
0.0097129 0.0457321
0.0097186 0.0448112
0.0097242 0.0439088
0.0097298 0.0430272
0.0097355 0.04219
0.0097411 0.041369
0.0097467 0.040564
0.0097523 0.0397775
0.009758 0.0390371
0.0097636 0.0383105
0.0097692 0.0375974
0.0097749 0.0369004
0.0097805 0.0362514
0.0097861 0.0356137
0.0097917 0.0349872
0.0097974 0.0343746
0.009803 0.0338112
0.0098086 0.033257
0.0098143 0.0327119
0.0098199 0.0321784
0.0098255 0.0316946
0.0098311 0.0312181
0.0098368 0.0307487
0.0098424 0.0302888
0.009848 0.0298781
0.0098537 0.029473
0.0098593 0.0290734
0.0098649 0.0286812
0.0098705 0.0283368
0.0098762 0.0279966
0.0098818 0.0276604
0.0098874 0.0273299
0.0098931 0.0270448
0.0098987 0.0267628
0.0099043 0.0264836
0.0099099 0.0262087
0.0099156 0.0259761
0.0099212 0.0257457
0.0099268 0.0255173
0.0099325 0.0252917
0.0099381 0.0251053
0.0099437 0.0249202
0.0099493 0.0247365
0.009955 0.0245546
0.0099606 0.0244083
0.0099662 0.0242629
0.0099719 0.0241183
0.0099775 0.0239748
0.0099831 0.0238634
0.0099887 0.0237525
0.0099944 0.023642
0.01 0.0235322
