0.001 0
0.0010056 0
0.0010113 0
0.0010169 0
0.0010225 0
0.0010281 0
0.0010338 0
0.0010394 0
0.001045 0
0.0010507 0
0.0010563 0
0.0010619 0
0.0010675 0
0.0010732 0
0.0010788 0
0.0010844 0
0.0010901 0
0.0010957 0
0.0011013 0
0.0011069 0
0.0011126 0
0.0011182 0
0.0011238 0
0.0011295 0
0.0011351 0
0.0011407 0
0.0011463 0
0.001152 0
0.0011576 0
0.0011632 0
0.0011689 0
0.0011745 0
0.0011801 0
0.0011857 0
0.0011914 0
0.001197 0
0.0012026 0
0.0012083 0
0.0012139 0
0.0012195 0
0.0012251 0
0.0012308 0
0.0012364 0
0.001242 0
0.0012477 0
0.0012533 0
0.0012589 0
0.0012645 0
0.0012702 0
0.0012758 0
0.0012814 0
0.0012871 0
0.0012927 0
0.0012983 0
0.0013039 0
0.0013096 0
0.0013152 0
0.0013208 0
0.0013265 0
0.0013321 0
0.0013377 0
0.0013433 0
0.001349 0
0.0013546 0
0.0013602 0
0.0013659 0
0.0013715 0
0.0013771 0
0.0013827 0
0.0013884 0
0.001394 0
0.0013996 0
0.0014053 0
0.0014109 0
0.0014165 0
0.0014221 0
0.0014278 0
0.0014334 0
0.001439 0
0.0014447 0
0.0014503 0
0.0014559 0
0.0014615 0
0.0014672 0
0.0014728 0
0.0014784 0
0.0014841 0
0.0014897 0
0.0014953 0
0.0015009 0
0.0015066 0
0.0015122 0
0.0015178 0
0.0015235 0
0.0015291 0
0.0015347 0
0.0015403 0
0.001546 0
0.0015516 0
0.0015572 0
0.0015629 0
0.0015685 0
0.0015741 0
0.0015797 0
0.0015854 0
0.001591 0
0.0015966 0
0.0016023 0
0.0016079 0
0.0016135 0
0.0016191 0
0.0016248 0
0.0016304 0
0.001636 0
0.0016417 0
0.0016473 0
0.0016529 0
0.0016585 0
0.0016642 0
0.0016698 0
0.0016754 0
0.0016811 0
0.0016867 0
0.0016923 0
0.0016979 0
0.0017036 0
0.0017092 0
0.0017148 0
0.0017205 0
0.0017261 0
0.0017317 0
0.0017373 0
0.001743 0
0.0017486 0
0.0017542 0
0.0017598 0
0.0017655 0
0.0017711 0
0.0017767 0
0.0017824 0
0.001788 0
0.0017936 0
0.0017992 0
0.0018049 0
0.0018105 0
0.0018161 0
0.0018218 0
0.0018274 0
0.001833 0
0.0018386 0
0.0018443 0
0.0018499 0
0.0018555 0
0.0018612 0
0.0018668 0
0.0018724 0
0.001878 0
0.0018837 0
0.0018893 0
0.0018949 0
0.0019006 0
0.0019062 0
0.0019118 0
0.0019174 0
0.0019231 0
0.0019287 0
0.0019343 0
0.00194 0
0.0019456 0
0.0019512 0
0.0019568 0
0.0019625 0
0.0019681 0
0.0019737 0
0.0019794 0
0.001985 0
0.0019906 0
0.0019962 0
0.0020019 0
0.0020075 0
0.0020131 0
0.0020188 0
0.0020244 0
0.00203 0
0.0020356 0
0.0020413 0
0.0020469 0
0.0020525 0
0.0020582 0
0.0020638 0
0.0020694 0
0.002075 0
0.0020807 0
0.0020863 0
0.0020919 0
0.0020976 0
0.0021032 0
0.0021088 0
0.0021144 0
0.0021201 0
0.0021257 0
0.0021313 0
0.002137 0
0.0021426 0
0.0021482 0
0.0021538 0
0.0021595 0
0.0021651 0
0.0021707 0
0.0021764 0
0.002182 0
0.0021876 0
0.0021932 0
0.0021989 0
0.0022045 0
0.0022101 0
0.0022158 0
0.0022214 0
0.002227 0
0.0022326 0
0.0022383 0
0.0022439 0
0.0022495 0
0.0022552 0
0.0022608 0
0.0022664 0
0.002272 0
0.0022777 0
0.0022833 0
0.0022889 0
0.0022946 0
0.0023002 0
0.0023058 0
0.0023114 0
0.0023171 0
0.0023227 0
0.0023283 0
0.002334 0
0.0023396 0
0.0023452 0
0.0023508 0
0.0023565 0
0.0023621 0
0.0023677 0
0.0023734 0
0.002379 0
0.0023846 0
0.0023902 0
0.0023959 0
0.0024015 0
0.0024071 0
0.0024128 0
0.0024184 0
0.002424 0
0.0024296 0
0.0024353 0
0.0024409 0
0.0024465 0
0.0024522 0
0.0024578 0
0.0024634 0
0.002469 0
0.0024747 0
0.0024803 0
0.0024859 0
0.0024916 0
0.0024972 0
0.0025028 0
0.0025084 0
0.0025141 0
0.0025197 0
0.0025253 0
0.002531 0
0.0025366 0
0.0025422 0
0.0025478 0
0.0025535 0
0.0025591 0
0.0025647 0
0.0025704 0
0.002576 0
0.0025816 0
0.0025872 0
0.0025929 0
0.0025985 0
0.0026041 0
0.0026098 0
0.0026154 0
0.002621 0
0.0026266 0
0.0026323 0
0.0026379 0
0.0026435 0
0.0026492 0
0.0026548 0
0.0026604 0
0.002666 0
0.0026717 0
0.0026773 0
0.0026829 0
0.0026886 0
0.0026942 0
0.0026998 0
0.0027054 0
0.0027111 0
0.0027167 0
0.0027223 0
0.002728 0
0.0027336 0
0.0027392 0
0.0027448 0
0.0027505 0
0.0027561 0
0.0027617 0
0.0027674 0
0.002773 0
0.0027786 0
0.0027842 0
0.0027899 0
0.0027955 0
0.0028011 0
0.0028068 0
0.0028124 0
0.002818 0
0.0028236 0
0.0028293 0
0.0028349 0
0.0028405 0
0.0028462 0
0.0028518 0
0.0028574 0
0.002863 0
0.0028687 0
0.0028743 0
0.0028799 0
0.0028856 0
0.0028912 0
0.0028968 0
0.0029024 0
0.0029081 0
0.0029137 0
0.0029193 0
0.002925 0
0.0029306 0
0.0029362 0
0.0029418 0
0.0029475 0
0.0029531 0
0.0029587 0
0.0029644 0
0.00297 0
0.0029756 0
0.0029812 0
0.0029869 0
0.0029925 0
0.0029981 0
0.0030038 0
0.0030094 0
0.003015 0
0.0030206 0
0.0030263 0
0.0030319 0
0.0030375 0
0.0030432 0
0.0030488 0
0.0030544 0
0.00306 0
0.0030657 0
0.0030713 0
0.0030769 0
0.0030826 0
0.0030882 0
0.0030938 0
0.0030994 0
0.0031051 0
0.0031107 0
0.0031163 0
0.003122 0
0.0031276 0
0.0031332 0
0.0031388 0
0.0031445 0
0.0031501 0
0.0031557 0
0.0031614 0
0.003167 0
0.0031726 0
0.0031782 0
0.0031839 0
0.0031895 0
0.0031951 0
0.0032008 0
0.0032064 0
0.003212 0
0.0032176 0
0.0032233 0
0.0032289 0
0.0032345 0
0.0032402 0
0.0032458 0
0.0032514 0
0.003257 0
0.0032627 0
0.0032683 0
0.0032739 1e-07
0.0032795 1e-07
0.0032852 1e-07
0.0032908 1e-07
0.0032964 1e-07
0.0033021 2e-07
0.0033077 2e-07
0.0033133 3e-07
0.0033189 3e-07
0.0033246 4e-07
0.0033302 4e-07
0.0033358 5e-07
0.0033415 6e-07
0.0033471 8e-07
0.0033527 9e-07
0.0033583 1.1e-06
0.003364 1.4e-06
0.0033696 1.7e-06
0.0033752 2.1e-06
0.0033809 2.7e-06
0.0033865 3.3e-06
0.0033921 4.2e-06
0.0033977 5.2e-06
0.0034034 6.5e-06
0.003409 8.1e-06
0.0034146 1.01e-05
0.0034203 1.24e-05
0.0034259 1.51e-05
0.0034315 1.85e-05
0.0034371 2.24e-05
0.0034428 2.63e-05
0.0034484 3.09e-05
0.003454 3.62e-05
0.0034597 4.22e-05
0.0034653 4.78e-05
0.0034709 5.4e-05
0.0034765 6.11e-05
0.0034822 6.88e-05
0.0034878 7.61e-05
0.0034934 8.41e-05
0.0034991 9.29e-05
0.0035047 0.0001025
0.0035103 0.0001122
0.0035159 0.0001227
0.0035216 0.0001342
0.0035272 0.0001465
0.0035328 0.0001582
0.0035385 0.0001709
0.0035441 0.0001846
0.0035497 0.0001986
0.0035553 0.0002083
0.003561 0.0002186
0.0035666 0.0002293
0.0035722 0.000239
0.0035779 0.0002392
0.0035835 0.0002394
0.0035891 0.0002396
0.0035947 0.0002382
0.0036004 0.0002268
0.003606 0.0002159
0.0036116 0.0002055
0.0036173 0.0001948
0.0036229 0.0001797
0.0036285 0.0001658
0.0036341 0.000153
0.0036398 0.0001411
0.0036454 0.00013
0.003651 0.0001198
0.0036567 0.0001104
0.0036623 0.000102
0.0036679 9.58e-05
0.0036735 9e-05
0.0036792 8.45e-05
0.0036848 7.95e-05
0.0036904 7.59e-05
0.0036961 7.24e-05
0.0037017 6.91e-05
0.0037073 6.6e-05
0.0037129 6.26e-05
0.0037186 5.94e-05
0.0037242 5.64e-05
0.0037298 5.34e-05
0.0037355 4.92e-05
0.0037411 4.54e-05
0.0037467 4.18e-05
0.0037523 3.84e-05
0.003758 3.42e-05
0.0037636 3.05e-05
0.0037692 2.72e-05
0.0037749 2.42e-05
0.0037805 2.12e-05
0.0037861 1.87e-05
0.0037917 1.64e-05
0.0037974 1.44e-05
0.003803 1.29e-05
0.0038086 1.16e-05
0.0038143 1.04e-05
0.0038199 9.4e-06
0.0038255 8.8e-06
0.0038311 8.3e-06
0.0038368 7.9e-06
0.0038424 7.4e-06
0.003848 7.4e-06
0.0038537 7.3e-06
0.0038593 7.3e-06
0.0038649 7.3e-06
0.0038705 7.5e-06
0.0038762 7.7e-06
0.0038818 7.9e-06
0.0038874 8.1e-06
0.0038931 8.4e-06
0.0038987 8.6e-06
0.0039043 8.9e-06
0.0039099 9.1e-06
0.0039156 9.2e-06
0.0039212 9.2e-06
0.0039268 9.3e-06
0.0039325 9.3e-06
0.0039381 9e-06
0.0039437 8.8e-06
0.0039493 8.5e-06
0.003955 8.3e-06
0.0039606 7.9e-06
0.0039662 7.5e-06
0.0039719 7.2e-06
0.0039775 6.9e-06
0.0039831 6.6e-06
0.0039887 6.4e-06
0.0039944 6.1e-06
0.004 5.9e-06
0.0040056 5.8e-06
0.0040113 5.8e-06
0.0040169 5.7e-06
0.0040225 5.6e-06
0.0040281 5.8e-06
0.0040338 5.9e-06
0.0040394 6e-06
0.004045 6.2e-06
0.0040507 6.5e-06
0.0040563 6.8e-06
0.0040619 7.2e-06
0.0040675 7.6e-06
0.0040732 8.1e-06
0.0040788 8.6e-06
0.0040844 9.1e-06
0.0040901 9.7e-06
0.0040957 1.03e-05
0.0041013 1.1e-05
0.0041069 1.16e-05
0.0041126 1.24e-05
0.0041182 1.3e-05
0.0041238 1.36e-05
0.0041295 1.42e-05
0.0041351 1.49e-05
0.0041407 1.54e-05
0.0041463 1.59e-05
0.004152 1.64e-05
0.0041576 1.69e-05
0.0041632 1.72e-05
0.0041689 1.76e-05
0.0041745 1.8e-05
0.0041801 1.84e-05
0.0041857 1.87e-05
0.0041914 1.91e-05
0.004197 1.94e-05
0.0042026 1.98e-05
0.0042083 2.03e-05
0.0042139 2.08e-05
0.0042195 2.14e-05
0.0042251 2.19e-05
0.0042308 2.27e-05
0.0042364 2.36e-05
0.004242 2.45e-05
0.0042477 2.54e-05
0.0042533 2.68e-05
0.0042589 2.83e-05
0.0042645 2.98e-05
0.0042702 3.15e-05
0.0042758 3.36e-05
0.0042814 3.6e-05
0.0042871 3.85e-05
0.0042927 4.12e-05
0.0042983 4.45e-05
0.0043039 4.81e-05
0.0043096 5.2e-05
0.0043152 5.62e-05
0.0043208 6.09e-05
0.0043265 6.61e-05
0.0043321 7.16e-05
0.0043377 7.77e-05
0.0043433 8.4e-05
0.004349 9.09e-05
0.0043546 9.83e-05
0.0043602 0.0001063
0.0043659 0.0001142
0.0043715 0.0001227
0.0043771 0.0001318
0.0043827 0.0001415
0.0043884 0.0001509
0.004394 0.0001607
0.0043996 0.0001711
0.0044053 0.0001822
0.0044109 0.0001927
0.0044165 0.0002036
0.0044221 0.0002152
0.0044278 0.0002274
0.0044334 0.0002389
0.004439 0.0002507
0.0044447 0.0002632
0.0044503 0.0002762
0.0044559 0.0002885
0.0044615 0.0003009
0.0044672 0.000314
0.0044728 0.0003276
0.0044784 0.00034
0.0044841 0.0003526
0.0044897 0.0003657
0.0044953 0.0003793
0.0045009 0.0003916
0.0045066 0.0004039
0.0045122 0.0004167
0.0045178 0.0004299
0.0045235 0.0004422
0.0045291 0.0004545
0.0045347 0.0004673
0.0045403 0.0004803
0.004546 0.0004932
0.0045516 0.0005063
0.0045572 0.0005198
0.0045629 0.0005337
0.0045685 0.0005481
0.0045741 0.000563
0.0045797 0.0005782
0.0045854 0.0005939
0.004591 0.0006109
0.0045966 0.0006287
0.0046023 0.0006469
0.0046079 0.0006657
0.0046135 0.0006868
0.0046191 0.0007089
0.0046248 0.0007319
0.0046304 0.0007555
0.004636 0.000783
0.0046417 0.0008123
0.0046473 0.0008428
0.0046529 0.0008744
0.0046585 0.000912
0.0046642 0.0009527
0.0046698 0.0009951
0.0046754 0.0010395
0.0046811 0.0010921
0.0046867 0.0011492
0.0046923 0.0012094
0.0046979 0.0012727
0.0047036 0.0013454
0.0047092 0.0014242
0.0047148 0.0015077
0.0047205 0.001596
0.0047261 0.0016929
0.0047317 0.0017969
0.0047373 0.0019072
0.004743 0.0020243
0.0047486 0.0021483
0.0047542 0.0022798
0.0047598 0.0024194
0.0047655 0.0025675
0.0047711 0.0027253
0.0047767 0.0028929
0.0047824 0.0030709
0.004788 0.0032599
0.0047936 0.0034711
0.0047992 0.0037
0.0048049 0.0039441
0.0048105 0.0042043
0.0048161 0.0045075
0.0048218 0.004843
0.0048274 0.0052034
0.004833 0.0055907
0.0048386 0.0060397
0.0048443 0.0065385
0.0048499 0.0070784
0.0048555 0.007663
0.0048612 0.0083088
0.0048668 0.0090147
0.0048724 0.0097806
0.004878 0.0106115
0.0048837 0.0114676
0.0048893 0.0123723
0.0048949 0.0133484
0.0049006 0.0144016
0.0049062 0.0154177
0.0049118 0.0164506
0.0049174 0.0175526
0.0049231 0.0187285
0.0049287 0.0198373
0.0049343 0.0209433
0.00494 0.0221108
0.0049456 0.0233435
0.0049512 0.0245566
0.0049568 0.0257899
0.0049625 0.0270851
0.0049681 0.0284454
0.0049737 0.0298558
0.0049794 0.0313269
0.004985 0.0328704
0.0049906 0.03449
0.0049962 0.0361213
0.0050019 0.0377945
0.0050075 0.0395451
0.0050131 0.0413769
0.0050188 0.0429802
0.0050244 0.0444801
0.00503 0.0460323
0.0050356 0.0476388
0.0050413 0.0486602
0.0050469 0.0493607
0.0050525 0.0500713
0.0050582 0.0507922
0.0050638 0.0507622
0.0050694 0.0503211
0.005075 0.0498839
0.0050807 0.0494505
0.0050863 0.0484875
0.0050919 0.0472506
0.0050976 0.0460451
0.0051032 0.0448705
0.0051088 0.0435502
0.0051144 0.0421697
0.0051201 0.0408329
0.0051257 0.0395385
0.0051313 0.0383156
0.005137 0.0371482
0.0051426 0.0360164
0.0051482 0.0349191
0.0051538 0.0338669
0.0051595 0.0328535
0.0051651 0.0318705
0.0051707 0.0309168
0.0051764 0.0298634
0.005182 0.0287665
0.0051876 0.02771
0.0051932 0.0266922
0.0051989 0.0254883
0.0052045 0.0241983
0.0052101 0.0229736
0.0052158 0.0218109
0.0052214 0.0205285
0.005227 0.0192074
0.0052326 0.0179713
0.0052383 0.0168148
0.0052439 0.0156823
0.0052495 0.0145929
0.0052552 0.0135793
0.0052608 0.012636
0.0052664 0.0118127
0.005272 0.0110801
0.0052777 0.0103929
0.0052833 0.0097483
0.0052889 0.009242
0.0052946 0.0088324
0.0053002 0.0084409
0.0053058 0.0080668
0.0053114 0.0078065
0.0053171 0.0076281
0.0053227 0.0074538
0.0053283 0.0072835
0.005334 0.0071899
0.0053396 0.0071553
0.0053452 0.0071208
0.0053508 0.0070865
0.0053565 0.0070923
0.0053621 0.0071312
0.0053677 0.0071702
0.0053734 0.0072094
0.005379 0.0072611
0.0053846 0.0073235
0.0053902 0.0073864
0.0053959 0.0074499
0.0054015 0.0075142
0.0054071 0.0075794
0.0054128 0.0076451
0.0054184 0.0077113
0.005424 0.0077842
0.0054296 0.0078633
0.0054353 0.0079432
0.0054409 0.0080239
0.0054465 0.0081304
0.0054522 0.0082617
0.0054578 0.0083951
0.0054634 0.0085307
0.005469 0.0087235
0.0054747 0.0089747
0.0054803 0.009233
0.0054859 0.0094989
0.0054916 0.0098715
0.0054972 0.0103614
0.0055028 0.0108755
0.0055084 0.0114151
0.0055141 0.0121433
0.0055197 0.0130949
0.0055253 0.0141212
0.005531 0.0152279
0.0055366 0.0166644
0.0055422 0.018519
0.0055478 0.0205799
0.0055535 0.0228703
0.0055591 0.0257439
0.0055647 0.0293825
0.0055704 0.0335353
0.005576 0.0382751
0.0055816 0.0440314
0.0055872 0.0511003
0.0055929 0.059304
0.0055985 0.0688247
0.0056041 0.0799718
0.0056098 0.0930549
0.0056154 0.1082783
0.005621 0.1259921
0.0056266 0.1459395
0.0056323 0.168141
0.0056379 0.19372
0.0056435 0.2231903
0.0056492 0.2556331
0.0056548 0.2907
0.0056604 0.3305774
0.005666 0.3759249
0.0056717 0.4271557
0.0056773 0.4848875
0.0056829 0.5504221
0.0056886 0.6248139
0.0056942 0.7154158
0.0056998 0.8283606
0.0057054 0.9591364
0.0057111 1.110558
0.0057167 1.307657
0.0057223 1.5745944
0.005728 1.8960227
0.0057336 2.2830655
0.0057392 2.800328
0.0057448 3.5230678
0.0057505 4.4323402
0.0057561 5.5762878
0.0057617 7.1006891
0.0057674 9.1979633
0.005773 11.9146927
0.0057786 15.4338408
0.0057842 20.0024176
0.0057899 25.9423231
0.0057955 33.6461393
0.0058011 43.6376761
0.0058068 56.0180844
0.0058124 70.8048843
0.005818 89.4948781
0.0058236 113.1183716
0.0058293 140.8958164
0.0058349 171.5301768
0.0058405 208.8252321
0.0058462 254.229188
0.0058518 305.9238188
0.0058574 361.3052232
0.005863 426.7123261
0.0058687 503.9600801
0.0058743 592.0108475
0.0058799 689.2863455
0.0058856 802.5455415
0.0058912 934.414776
0.0058968 1086.1086725
0.0059024 1258.7643067
0.0059081 1458.8665203
0.0059137 1690.7784189
0.0059193 1952.2128424
0.005925 2239.1335265
0.0059306 2568.2235259
0.0059362 2945.6805506
0.0059418 3345.3528968
0.0059475 3731.096484
0.0059531 4161.31912
0.0059587 4641.1495636
0.0059644 5097.1172575
0.00597 5437.0145026
0.0059756 5799.5775276
0.0059812 6186.3177819
0.0059869 6489.6931276
0.0059925 6589.4654841
0.0059981 6690.7717379
0.0060038 6793.6354712
0.0060094 6803.0859758
0.006015 6624.1200508
0.0060206 6449.8621073
0.0060263 6280.1882943
0.0060319 6054.0244402
0.0060375 5714.9113083
0.0060432 5394.7934278
0.0060488 5092.6067893
0.0060544 4769.214387
0.00606 4389.9528953
0.0060657 4040.8513561
0.0060713 3719.5113641
0.0060769 3395.816705
0.0060826 3043.8711955
0.0060882 2728.4016364
0.0060938 2445.6276272
0.0060994 2172.6669314
0.0061051 1890.5005954
0.0061107 1644.9794718
0.0061163 1431.3444117
0.006122 1235.3437076
0.0061276 1045.4400943
0.0061332 884.7294758
0.0061388 748.7241494
0.0061445 630.2432879
0.0061501 523.4584632
0.0061557 434.7666496
0.0061614 361.1022705
0.006167 299.3966307
0.0061726 247.1147636
0.0061782 203.9625704
0.0061839 168.3457902
0.0061895 139.0869683
0.0061951 115.2220743
0.0062008 95.4519791
0.0062064 79.074087
0.006212 65.6262273
0.0062176 54.7449295
0.0062233 45.6678287
0.0062289 38.0957761
0.0062345 31.8059707
0.0062402 26.6197726
0.0062458 22.2792223
0.0062514 18.6464308
0.006257 15.5919729
0.0062627 13.0024025
0.0062683 10.8429172
0.0062739 9.0420869
0.0062795 7.5246929
0.0062852 6.2210057
0.0062908 5.1431881
0.0062964 4.2521074
0.0063021 3.50866
0.0063077 2.876946
0.0063133 2.3589685
0.0063189 1.9342499
0.0063246 1.5853599
0.0063302 1.297603
0.0063358 1.0620765
0.0063415 0.8693002
0.0063471 0.7128876
0.0063527 0.5886745
0.0063583 0.4861042
0.006364 0.4014057
0.0063696 0.3328074
0.0063752 0.2801458
0.0063809 0.2358171
0.0063865 0.1985027
0.0063921 0.1678829
0.0063977 0.1446404
0.0064034 0.1246158
0.006409 0.1073634
0.0064146 0.0928085
0.0064203 0.0813354
0.0064259 0.0712805
0.0064315 0.0624687
0.0064371 0.0547725
0.0064428 0.0481247
0.0064484 0.0422837
0.006454 0.0371516
0.0064597 0.0325654
0.0064653 0.0282405
0.0064709 0.0244901
0.0064765 0.0212377
0.0064822 0.0183491
0.0064878 0.0155751
0.0064934 0.0132205
0.0064991 0.0112218
0.0065047 0.0094991
0.0065103 0.0079301
0.0065159 0.0066202
0.0065216 0.0055266
0.0065272 0.004614
0.0065328 0.0038534
0.0065385 0.0032182
0.0065441 0.0026877
0.0065497 0.0022517
0.0065553 0.0019198
0.006561 0.0016368
0.0065666 0.0013955
0.0065722 0.0011952
0.0065779 0.0010517
0.0065835 0.0009255
0.0065891 0.0008145
0.0065947 0.0007193
0.0066004 0.0006496
0.006606 0.0005868
0.0066116 0.00053
0.0066173 0.0004791
0.0066229 0.0004356
0.0066285 0.000396
0.0066341 0.00036
0.0066398 0.0003267
0.0066454 0.0002921
0.006651 0.0002612
0.0066567 0.0002336
0.0066623 0.0002082
0.0066679 0.0001806
0.0066735 0.0001567
0.0066792 0.000136
0.0066848 0.0001176
0.0066904 9.93e-05
0.0066961 8.38e-05
0.0067017 7.08e-05
0.0067073 5.97e-05
0.0067129 4.99e-05
0.0067186 4.16e-05
0.0067242 3.48e-05
0.0067298 2.91e-05
0.0067355 2.45e-05
0.0067411 2.06e-05
0.0067467 1.73e-05
0.0067523 1.46e-05
0.006758 1.25e-05
0.0067636 1.07e-05
0.0067692 9.2e-06
0.0067749 7.9e-06
0.0067805 6.8e-06
0.0067861 5.9e-06
0.0067917 5.1e-06
0.0067974 4.4e-06
0.006803 3.8e-06
0.0068086 3.3e-06
0.0068143 2.9e-06
0.0068199 2.5e-06
0.0068255 2.1e-06
0.0068311 1.8e-06
0.0068368 1.6e-06
0.0068424 1.3e-06
0.006848 1.1e-06
0.0068537 1e-06
0.0068593 8e-07
0.0068649 7e-07
0.0068705 6e-07
0.0068762 5e-07
0.0068818 4e-07
0.0068874 3e-07
0.0068931 3e-07
0.0068987 2e-07
0.0069043 2e-07
0.0069099 2e-07
0.0069156 1e-07
0.0069212 1e-07
0.0069268 1e-07
0.0069325 1e-07
0.0069381 1e-07
0.0069437 1e-07
0.0069493 1e-07
0.006955 1e-07
0.0069606 0
0.0069662 0
0.0069719 0
0.0069775 0
0.0069831 0
0.0069887 0
0.0069944 0
0.007 0
0.0070056 0
0.0070113 0
0.0070169 0
0.0070225 0
0.0070281 0
0.0070338 0
0.0070394 0
0.007045 0
0.0070507 0
0.0070563 0
0.0070619 0
0.0070675 0
0.0070732 0
0.0070788 0
0.0070844 0
0.0070901 0
0.0070957 0
0.0071013 0
0.0071069 0
0.0071126 0
0.0071182 0
0.0071238 0
0.0071295 0
0.0071351 0
0.0071407 0
0.0071463 0
0.007152 0
0.0071576 0
0.0071632 0
0.0071689 0
0.0071745 0
0.0071801 0
0.0071857 0
0.0071914 0
0.007197 0
0.0072026 0
0.0072083 0
0.0072139 0
0.0072195 0
0.0072251 0
0.0072308 0
0.0072364 0
0.007242 0
0.0072477 0
0.0072533 0
0.0072589 0
0.0072645 0
0.0072702 0
0.0072758 0
0.0072814 0
0.0072871 0
0.0072927 0
0.0072983 0
0.0073039 0
0.0073096 0
0.0073152 0
0.0073208 0
0.0073265 0
0.0073321 0
0.0073377 0
0.0073433 0
0.007349 0
0.0073546 0
0.0073602 0
0.0073659 0
0.0073715 0
0.0073771 0
0.0073827 0
0.0073884 0
0.007394 0
0.0073996 0
0.0074053 0
0.0074109 0
0.0074165 0
0.0074221 0
0.0074278 0
0.0074334 0
0.007439 0
0.0074447 0
0.0074503 0
0.0074559 0
0.0074615 0
0.0074672 0
0.0074728 0
0.0074784 0
0.0074841 0
0.0074897 0
0.0074953 0
0.0075009 0
0.0075066 0
0.0075122 0
0.0075178 1e-07
0.0075235 1e-07
0.0075291 1e-07
0.0075347 1e-07
0.0075403 1e-07
0.007546 1e-07
0.0075516 1e-07
0.0075572 1e-07
0.0075629 1e-07
0.0075685 1e-07
0.0075741 1e-07
0.0075797 1e-07
0.0075854 1e-07
0.007591 2e-07
0.0075966 2e-07
0.0076023 2e-07
0.0076079 2e-07
0.0076135 3e-07
0.0076191 3e-07
0.0076248 3e-07
0.0076304 4e-07
0.007636 4e-07
0.0076417 4e-07
0.0076473 5e-07
0.0076529 5e-07
0.0076585 6e-07
0.0076642 7e-07
0.0076698 7e-07
0.0076754 8e-07
0.0076811 9e-07
0.0076867 1e-06
0.0076923 1.1e-06
0.0076979 1.2e-06
0.0077036 1.4e-06
0.0077092 1.5e-06
0.0077148 1.7e-06
0.0077205 1.9e-06
0.0077261 2.1e-06
0.0077317 2.3e-06
0.0077373 2.6e-06
0.007743 2.9e-06
0.0077486 3.2e-06
0.0077542 3.6e-06
0.0077598 4e-06
0.0077655 4.4e-06
0.0077711 4.9e-06
0.0077767 5.3e-06
0.0077824 5.8e-06
0.007788 6.3e-06
0.0077936 6.7e-06
0.0077992 7.1e-06
0.0078049 7.4e-06
0.0078105 7.9e-06
0.0078161 8.1e-06
0.0078218 8.3e-06
0.0078274 8.4e-06
0.007833 8.6e-06
0.0078386 8.6e-06
0.0078443 8.6e-06
0.0078499 8.6e-06
0.0078555 8.6e-06
0.0078612 8.5e-06
0.0078668 8.5e-06
0.0078724 8.4e-06
0.007878 8.3e-06
0.0078837 8.1e-06
0.0078893 8e-06
0.0078949 7.8e-06
0.0079006 7.7e-06
0.0079062 7.4e-06
0.0079118 7.2e-06
0.0079174 6.9e-06
0.0079231 6.6e-06
0.0079287 6.2e-06
0.0079343 5.7e-06
0.00794 5.3e-06
0.0079456 4.9e-06
0.0079512 4.4e-06
0.0079568 3.8e-06
0.0079625 3.4e-06
0.0079681 2.9e-06
0.0079737 2.5e-06
0.0079794 2.1e-06
0.007985 1.8e-06
0.0079906 1.5e-06
0.0079962 1.2e-06
0.0080019 1e-06
0.0080075 9e-07
0.0080131 7e-07
0.0080188 6e-07
0.0080244 5e-07
0.00803 4e-07
0.0080356 4e-07
0.0080413 3e-07
0.0080469 3e-07
0.0080525 2e-07
0.0080582 2e-07
0.0080638 2e-07
0.0080694 2e-07
0.008075 2e-07
0.0080807 1e-07
0.0080863 1e-07
0.0080919 1e-07
0.0080976 1e-07
0.0081032 1e-07
0.0081088 1e-07
0.0081144 1e-07
0.0081201 1e-07
0.0081257 1e-07
0.0081313 0
0.008137 0
0.0081426 0
0.0081482 0
0.0081538 0
0.0081595 0
0.0081651 0
0.0081707 0
0.0081764 0
0.008182 0
0.0081876 0
0.0081932 0
0.0081989 0
0.0082045 0
0.0082101 0
0.0082158 0
0.0082214 0
0.008227 0
0.0082326 0
0.0082383 0
0.0082439 0
0.0082495 0
0.0082552 0
0.0082608 0
0.0082664 0
0.008272 0
0.0082777 0
0.0082833 0
0.0082889 0
0.0082946 0
0.0083002 0
0.0083058 0
0.0083114 0
0.0083171 0
0.0083227 0
0.0083283 0
0.008334 0
0.0083396 0
0.0083452 0
0.0083508 0
0.0083565 0
0.0083621 0
0.0083677 0
0.0083734 0
0.008379 0
0.0083846 0
0.0083902 0
0.0083959 0
0.0084015 0
0.0084071 0
0.0084128 0
0.0084184 0
0.008424 0
0.0084296 0
0.0084353 0
0.0084409 0
0.0084465 0
0.0084522 0
0.0084578 0
0.0084634 0
0.008469 0
0.0084747 0
0.0084803 0
0.0084859 0
0.0084916 0
0.0084972 0
0.0085028 0
0.0085084 0
0.0085141 0
0.0085197 0
0.0085253 0
0.008531 0
0.0085366 0
0.0085422 0
0.0085478 0
0.0085535 0
0.0085591 0
0.0085647 0
0.0085704 0
0.008576 0
0.0085816 0
0.0085872 0
0.0085929 0
0.0085985 0
0.0086041 0
0.0086098 0
0.0086154 0
0.008621 0
0.0086266 0
0.0086323 0
0.0086379 0
0.0086435 0
0.0086492 0
0.0086548 0
0.0086604 0
0.008666 0
0.0086717 0
0.0086773 0
0.0086829 0
0.0086886 0
0.0086942 0
0.0086998 0
0.0087054 0
0.0087111 0
0.0087167 0
0.0087223 0
0.008728 0
0.0087336 0
0.0087392 0
0.0087448 0
0.0087505 0
0.0087561 0
0.0087617 0
0.0087674 0
0.008773 0
0.0087786 0
0.0087842 0
0.0087899 0
0.0087955 0
0.0088011 0
0.0088068 0
0.0088124 0
0.008818 0
0.0088236 0
0.0088293 0
0.0088349 0
0.0088405 0
0.0088462 0
0.0088518 0
0.0088574 0
0.008863 0
0.0088687 0
0.0088743 0
0.0088799 0
0.0088856 0
0.0088912 0
0.0088968 0
0.0089024 0
0.0089081 0
0.0089137 0
0.0089193 0
0.008925 0
0.0089306 0
0.0089362 0
0.0089418 0
0.0089475 0
0.0089531 0
0.0089587 0
0.0089644 0
0.00897 0
0.0089756 0
0.0089812 0
0.0089869 0
0.0089925 0
0.0089981 0
0.0090038 0
0.0090094 0
0.009015 0
0.0090206 0
0.0090263 0
0.0090319 0
0.0090375 0
0.0090432 0
0.0090488 0
0.0090544 0
0.00906 0
0.0090657 0
0.0090713 0
0.0090769 0
0.0090826 0
0.0090882 0
0.0090938 0
0.0090994 0
0.0091051 0
0.0091107 0
0.0091163 0
0.009122 0
0.0091276 0
0.0091332 0
0.0091388 0
0.0091445 0
0.0091501 0
0.0091557 0
0.0091614 0
0.009167 0
0.0091726 0
0.0091782 0
0.0091839 0
0.0091895 0
0.0091951 0
0.0092008 0
0.0092064 0
0.009212 0
0.0092176 0
0.0092233 0
0.0092289 0
0.0092345 0
0.0092402 0
0.0092458 0
0.0092514 0
0.009257 0
0.0092627 0
0.0092683 0
0.0092739 0
0.0092795 0
0.0092852 0
0.0092908 0
0.0092964 0
0.0093021 0
0.0093077 0
0.0093133 0
0.0093189 0
0.0093246 0
0.0093302 0
0.0093358 0
0.0093415 0
0.0093471 0
0.0093527 0
0.0093583 0
0.009364 0
0.0093696 0
0.0093752 0
0.0093809 0
0.0093865 0
0.0093921 0
0.0093977 0
0.0094034 0
0.009409 0
0.0094146 0
0.0094203 0
0.0094259 0
0.0094315 0
0.0094371 0
0.0094428 0
0.0094484 0
0.009454 0
0.0094597 0
0.0094653 0
0.0094709 0
0.0094765 0
0.0094822 0
0.0094878 0
0.0094934 0
0.0094991 0
0.0095047 0
0.0095103 0
0.0095159 0
0.0095216 0
0.0095272 0
0.0095328 0
0.0095385 0
0.0095441 0
0.0095497 0
0.0095553 0
0.009561 0
0.0095666 0
0.0095722 0
0.0095779 0
0.0095835 0
0.0095891 0
0.0095947 0
0.0096004 0
0.009606 0
0.0096116 0
0.0096173 0
0.0096229 0
0.0096285 0
0.0096341 0
0.0096398 0
0.0096454 0
0.009651 0
0.0096567 0
0.0096623 0
0.0096679 0
0.0096735 0
0.0096792 0
0.0096848 0
0.0096904 0
0.0096961 0
0.0097017 0
0.0097073 0
0.0097129 0
0.0097186 0
0.0097242 0
0.0097298 0
0.0097355 0
0.0097411 0
0.0097467 0
0.0097523 0
0.009758 0
0.0097636 0
0.0097692 0
0.0097749 0
0.0097805 0
0.0097861 0
0.0097917 0
0.0097974 0
0.009803 0
0.0098086 0
0.0098143 0
0.0098199 0
0.0098255 0
0.0098311 0
0.0098368 0
0.0098424 0
0.009848 0
0.0098537 0
0.0098593 0
0.0098649 0
0.0098705 0
0.0098762 0
0.0098818 0
0.0098874 0
0.0098931 0
0.0098987 0
0.0099043 0
0.0099099 0
0.0099156 0
0.0099212 0
0.0099268 0
0.0099325 0
0.0099381 0
0.0099437 0
0.0099493 0
0.009955 0
0.0099606 0
0.0099662 0
0.0099719 0
0.0099775 0
0.0099831 0
0.0099887 0
0.0099944 0
0.01 0
