0.001 0
0.0010056 0
0.0010113 0
0.0010169 0
0.0010225 0
0.0010281 0
0.0010338 0
0.0010394 0
0.001045 0
0.0010507 0
0.0010563 0
0.0010619 0
0.0010675 0
0.0010732 0
0.0010788 0
0.0010844 0
0.0010901 0
0.0010957 0
0.0011013 0
0.0011069 0
0.0011126 0
0.0011182 0
0.0011238 0
0.0011295 0
0.0011351 0
0.0011407 0
0.0011463 0
0.001152 0
0.0011576 0
0.0011632 0
0.0011689 0
0.0011745 0
0.0011801 0
0.0011857 0
0.0011914 0
0.001197 0
0.0012026 0
0.0012083 0
0.0012139 0
0.0012195 0
0.0012251 0
0.0012308 0
0.0012364 0
0.001242 0
0.0012477 0
0.0012533 0
0.0012589 0
0.0012645 0
0.0012702 0
0.0012758 0
0.0012814 0
0.0012871 0
0.0012927 0
0.0012983 0
0.0013039 0
0.0013096 0
0.0013152 0
0.0013208 0
0.0013265 0
0.0013321 0
0.0013377 0
0.0013433 0
0.001349 0
0.0013546 0
0.0013602 0
0.0013659 0
0.0013715 0
0.0013771 0
0.0013827 0
0.0013884 0
0.001394 0
0.0013996 0
0.0014053 0
0.0014109 0
0.0014165 0
0.0014221 0
0.0014278 0
0.0014334 0
0.001439 0
0.0014447 0
0.0014503 0
0.0014559 0
0.0014615 0
0.0014672 0
0.0014728 0
0.0014784 0
0.0014841 0
0.0014897 0
0.0014953 0
0.0015009 0
0.0015066 0
0.0015122 0
0.0015178 0
0.0015235 0
0.0015291 0
0.0015347 0
0.0015403 0
0.001546 0
0.0015516 0
0.0015572 0
0.0015629 0
0.0015685 0
0.0015741 0
0.0015797 0
0.0015854 0
0.001591 0
0.0015966 0
0.0016023 0
0.0016079 0
0.0016135 0
0.0016191 0
0.0016248 0
0.0016304 0
0.001636 0
0.0016417 0
0.0016473 0
0.0016529 0
0.0016585 0
0.0016642 0
0.0016698 0
0.0016754 0
0.0016811 0
0.0016867 0
0.0016923 0
0.0016979 0
0.0017036 0
0.0017092 0
0.0017148 0
0.0017205 0
0.0017261 0
0.0017317 0
0.0017373 0
0.001743 0
0.0017486 0
0.0017542 0
0.0017598 0
0.0017655 0
0.0017711 0
0.0017767 0
0.0017824 0
0.001788 0
0.0017936 0
0.0017992 0
0.0018049 0
0.0018105 0
0.0018161 0
0.0018218 0
0.0018274 0
0.001833 0
0.0018386 0
0.0018443 0
0.0018499 0
0.0018555 0
0.0018612 0
0.0018668 0
0.0018724 0
0.001878 0
0.0018837 0
0.0018893 0
0.0018949 0
0.0019006 0
0.0019062 0
0.0019118 0
0.0019174 0
0.0019231 0
0.0019287 0
0.0019343 0
0.00194 0
0.0019456 0
0.0019512 0
0.0019568 0
0.0019625 0
0.0019681 0
0.0019737 0
0.0019794 0
0.001985 0
0.0019906 0
0.0019962 0
0.0020019 0
0.0020075 0
0.0020131 0
0.0020188 0
0.0020244 0
0.00203 0
0.0020356 0
0.0020413 0
0.0020469 0
0.0020525 0
0.0020582 0
0.0020638 0
0.0020694 0
0.002075 0
0.0020807 0
0.0020863 0
0.0020919 0
0.0020976 0
0.0021032 0
0.0021088 0
0.0021144 0
0.0021201 0
0.0021257 0
0.0021313 0
0.002137 0
0.0021426 0
0.0021482 0
0.0021538 0
0.0021595 0
0.0021651 0
0.0021707 0
0.0021764 0
0.002182 0
0.0021876 0
0.0021932 0
0.0021989 0
0.0022045 0
0.0022101 0
0.0022158 0
0.0022214 0
0.002227 0
0.0022326 0
0.0022383 0
0.0022439 0
0.0022495 0
0.0022552 0
0.0022608 0
0.0022664 0
0.002272 0
0.0022777 0
0.0022833 0
0.0022889 0
0.0022946 0
0.0023002 0
0.0023058 0
0.0023114 0
0.0023171 0
0.0023227 0
0.0023283 0
0.002334 0
0.0023396 0
0.0023452 0
0.0023508 0
0.0023565 0
0.0023621 0
0.0023677 0
0.0023734 0
0.002379 0
0.0023846 0
0.0023902 0
0.0023959 0
0.0024015 0
0.0024071 0
0.0024128 0
0.0024184 0
0.002424 0
0.0024296 0
0.0024353 0
0.0024409 0
0.0024465 0
0.0024522 0
0.0024578 0
0.0024634 0
0.002469 0
0.0024747 0
0.0024803 0
0.0024859 0
0.0024916 0
0.0024972 0
0.0025028 0
0.0025084 0
0.0025141 0
0.0025197 0
0.0025253 0
0.002531 0
0.0025366 0
0.0025422 0
0.0025478 0
0.0025535 0
0.0025591 0
0.0025647 0
0.0025704 0
0.002576 0
0.0025816 0
0.0025872 0
0.0025929 0
0.0025985 0
0.0026041 0
0.0026098 0
0.0026154 0
0.002621 0
0.0026266 0
0.0026323 0
0.0026379 0
0.0026435 0
0.0026492 0
0.0026548 0
0.0026604 0
0.002666 0
0.0026717 0
0.0026773 0
0.0026829 0
0.0026886 0
0.0026942 0
0.0026998 0
0.0027054 0
0.0027111 0
0.0027167 0
0.0027223 0
0.002728 0
0.0027336 0
0.0027392 0
0.0027448 0
0.0027505 0
0.0027561 0
0.0027617 0
0.0027674 0
0.002773 0
0.0027786 0
0.0027842 0
0.0027899 0
0.0027955 0
0.0028011 0
0.0028068 0
0.0028124 0
0.002818 0
0.0028236 0
0.0028293 0
0.0028349 0
0.0028405 1e-07
0.0028462 1e-07
0.0028518 1e-07
0.0028574 1e-07
0.002863 1e-07
0.0028687 1e-07
0.0028743 1e-07
0.0028799 1e-07
0.0028856 1e-07
0.0028912 1e-07
0.0028968 1e-07
0.0029024 2e-07
0.0029081 2e-07
0.0029137 2e-07
0.0029193 2e-07
0.002925 2e-07
0.0029306 3e-07
0.0029362 3e-07
0.0029418 3e-07
0.0029475 4e-07
0.0029531 4e-07
0.0029587 5e-07
0.0029644 6e-07
0.00297 7e-07
0.0029756 8e-07
0.0029812 1e-06
0.0029869 1.1e-06
0.0029925 1.3e-06
0.0029981 1.6e-06
0.0030038 1.9e-06
0.0030094 2.2e-06
0.003015 2.5e-06
0.0030206 2.9e-06
0.0030263 3.4e-06
0.0030319 3.9e-06
0.0030375 4.4e-06
0.0030432 5e-06
0.0030488 5.6e-06
0.0030544 6.3e-06
0.00306 7.1e-06
0.0030657 7.9e-06
0.0030713 8.8e-06
0.0030769 9.9e-06
0.0030826 1.11e-05
0.0030882 1.25e-05
0.0030938 1.4e-05
0.0030994 1.58e-05
0.0031051 1.79e-05
0.0031107 2.02e-05
0.0031163 2.29e-05
0.003122 2.58e-05
0.0031276 2.88e-05
0.0031332 3.21e-05
0.0031388 3.58e-05
0.0031445 3.92e-05
0.0031501 4.12e-05
0.0031557 4.33e-05
0.0031614 4.54e-05
0.003167 4.62e-05
0.0031726 4.34e-05
0.0031782 4.08e-05
0.0031839 3.83e-05
0.0031895 3.46e-05
0.0031951 2.83e-05
0.0032008 2.31e-05
0.0032064 1.88e-05
0.003212 1.49e-05
0.0032176 1.09e-05
0.0032233 7.9e-06
0.0032289 5.8e-06
0.0032345 4.2e-06
0.0032402 3e-06
0.0032458 2.1e-06
0.0032514 1.5e-06
0.003257 1.1e-06
0.0032627 9e-07
0.0032683 7e-07
0.0032739 6e-07
0.0032795 5e-07
0.0032852 5e-07
0.0032908 5e-07
0.0032964 6e-07
0.0033021 6e-07
0.0033077 9e-07
0.0033133 1.2e-06
0.0033189 1.7e-06
0.0033246 2.4e-06
0.0033302 3.7e-06
0.0033358 5.7e-06
0.0033415 8.8e-06
0.0033471 1.34e-05
0.0033527 1.97e-05
0.0033583 2.89e-05
0.003364 4.26e-05
0.0033696 6.18e-05
0.0033752 8.5e-05
0.0033809 0.000117
0.0033865 0.000161
0.0033921 0.0002188
0.0033977 0.0002828
0.0034034 0.0003654
0.003409 0.0004722
0.0034146 0.0006019
0.0034203 0.0007254
0.0034259 0.0008743
0.0034315 0.0010536
0.0034371 0.0012523
0.0034428 0.0014013
0.0034484 0.0015681
0.003454 0.0017547
0.0034597 0.0019423
0.0034653 0.002046
0.0034709 0.0021553
0.0034765 0.0022704
0.0034822 0.0023778
0.0034878 0.0024223
0.0034934 0.0024675
0.0034991 0.0025136
0.0035047 0.002557
0.0035103 0.0025826
0.0035159 0.0026086
0.0035216 0.0026347
0.0035272 0.0026639
0.0035328 0.0027079
0.0035385 0.0027527
0.0035441 0.0027983
0.0035497 0.0028496
0.0035553 0.0029311
0.003561 0.0030149
0.0035666 0.0031011
0.0035722 0.003195
0.0035779 0.0033246
0.0035835 0.0034594
0.0035891 0.0035997
0.0035947 0.0037507
0.0036004 0.0039418
0.003606 0.0041427
0.0036116 0.0043537
0.0036173 0.0045808
0.0036229 0.004857
0.0036285 0.0051498
0.0036341 0.0054603
0.0036398 0.0057944
0.0036454 0.0061864
0.003651 0.0066048
0.0036567 0.0070516
0.0036623 0.0075293
0.0036679 0.0080451
0.0036735 0.0085963
0.0036792 0.0091852
0.0036848 0.0098018
0.0036904 0.0103454
0.0036961 0.0109192
0.0037017 0.0115248
0.0037073 0.0121256
0.0037129 0.0123913
0.0037186 0.0126629
0.0037242 0.0129404
0.0037298 0.0131613
0.0037355 0.0127601
0.0037411 0.0123711
0.0037467 0.0119939
0.0037523 0.01157
0.003758 0.0105563
0.0037636 0.0096314
0.0037692 0.0087875
0.0037749 0.0079868
0.0037805 0.0069233
0.0037861 0.0060014
0.0037917 0.0052023
0.0037974 0.0044982
0.003803 0.0037555
0.0038086 0.0031354
0.0038143 0.0026178
0.0038199 0.0021805
0.0038255 0.0017522
0.0038311 0.0014081
0.0038368 0.0011315
0.0038424 0.0009067
0.003848 0.0006911
0.0038537 0.0005267
0.0038593 0.0004014
0.0038649 0.0003052
0.0038705 0.0002208
0.0038762 0.0001597
0.0038818 0.0001156
0.0038874 8.37e-05
0.0038931 6.16e-05
0.0038987 4.54e-05
0.0039043 3.35e-05
0.0039099 2.48e-05
0.0039156 2.19e-05
0.0039212 1.94e-05
0.0039268 1.72e-05
0.0039325 1.53e-05
0.0039381 1.89e-05
0.0039437 2.34e-05
0.0039493 2.89e-05
0.003955 3.59e-05
0.0039606 6.15e-05
0.0039662 0.0001053
0.0039719 0.0001802
0.0039775 0.000309
0.0039831 0.0006175
0.0039887 0.001234
0.0039944 0.0024659
0.004 0.0049276
0.0040056 0.009317
0.0040113 0.0176165
0.0040169 0.0333088
0.0040225 0.0629796
0.0040281 0.1003223
0.0040338 0.1595992
0.0040394 0.2539008
0.004045 0.403922
0.0040507 0.5442912
0.0040563 0.7315844
0.0040619 0.983326
0.0040675 1.3216932
0.0040732 1.5946416
0.0040788 1.919169
0.0040844 2.3097413
0.0040901 2.7797994
0.0040957 3.1625585
0.0041013 3.5917518
0.0041069 4.0791912
0.0041126 4.6327814
0.0041182 5.1272436
0.0041238 5.6687537
0.0041295 6.267455
0.0041351 6.9293878
0.0041407 7.5736649
0.0041463 8.2733508
0.004152 9.0376765
0.0041576 9.8726138
0.0041632 10.7263311
0.0041689 11.6503598
0.0041745 12.6539898
0.0041801 13.7440784
0.0041857 14.884183
0.0041914 16.1158248
0.004197 17.4493829
0.0042026 18.8932908
0.0042083 20.3974663
0.0042139 22.0167628
0.0042195 23.7646107
0.0042251 25.6512152
0.0042308 27.5159606
0.0042364 29.501348
0.004242 31.6299891
0.0042477 33.9122202
0.0042533 35.8497599
0.0042589 37.849821
0.0042645 39.9614657
0.0042702 42.1909192
0.0042758 43.3916243
0.0042814 44.5105721
0.0042871 45.6583744
0.0042927 46.8357753
0.0042983 46.2345774
0.0043039 45.4517241
0.0043096 44.6821262
0.0043152 43.9255592
0.0043208 41.3661673
0.0043265 38.7595302
0.0043321 36.3171472
0.0043377 34.0286678
0.0043433 30.7234331
0.004349 27.6087572
0.0043546 24.8098405
0.0043602 22.294672
0.0043659 19.4580923
0.0043715 16.9147544
0.0043771 14.7038523
0.0043827 12.781934
0.0043884 10.7872764
0.004394 9.0644993
0.0043996 7.6168576
0.0044053 6.4004109
0.0044109 5.1740292
0.0044165 4.1573694
0.0044221 3.340476
0.0044278 2.6840963
0.0044334 2.0570153
0.004439 1.5640545
0.0044447 1.1892311
0.0044503 0.9042336
0.0044559 0.6593534
0.0044615 0.4772421
0.0044672 0.3454294
0.0044728 0.2500229
0.0044784 0.1785517
0.0044841 0.1271903
0.0044897 0.0906033
0.0044953 0.0645408
0.0045009 0.0473349
0.0045066 0.034917
0.0045122 0.0257568
0.0045178 0.0189998
0.0045235 0.0149818
0.0045291 0.0119794
0.0045347 0.0095787
0.0045403 0.0076591
0.004546 0.006807
0.0045516 0.0061921
0.0045572 0.0056328
0.0045629 0.005124
0.0045685 0.0055908
0.0045741 0.0063626
0.0045797 0.0072409
0.0045854 0.0082404
0.004591 0.0123393
0.0045966 0.0197513
0.0046023 0.0316157
0.0046079 0.0506068
0.0046135 0.1024196
0.0046191 0.2200417
0.0046248 0.4727448
0.0046304 1.0156607
0.004636 2.2245464
0.0046417 4.8974107
0.0046473 10.7818077
0.0046529 23.7364978
0.0046585 44.9975008
0.0046642 81.8178697
0.0046698 148.7674576
0.0046754 270.5002774
0.0046811 415.7047379
0.0046867 608.313865
0.0046923 890.1648804
0.0046979 1302.6063681
0.0047036 1686.9730331
0.0047092 2105.1386927
0.0047148 2626.9589547
0.0047205 3278.1276471
0.0047261 3784.2555877
0.0047317 4262.0687982
0.0047373 4800.2123587
0.004743 5406.303788
0.0047486 5799.7265121
0.0047542 6122.6681088
0.0047598 6463.5918078
0.0047655 6823.4988921
0.0047711 6979.0100566
0.0047767 7060.8908988
0.0047824 7143.7324033
0.004788 7227.5458412
0.0047936 7139.6827063
0.0047992 6992.9540702
0.0048049 6849.2408753
0.0048105 6708.4811506
0.0048161 6418.1816244
0.0048218 6087.1846295
0.0048274 5773.257736
0.004833 5475.5206084
0.0048386 5050.653885
0.0048443 4609.0676774
0.0048499 4206.0900109
0.0048555 3838.3452834
0.0048612 3391.2204055
0.0048668 2957.6487353
0.0048724 2579.5097326
0.004878 2249.7162632
0.0048837 1900.9323074
0.0048893 1585.2584412
0.0048949 1322.0062154
0.0049006 1102.4703532
0.0049062 896.8079623
0.0049118 721.7494286
0.0049174 580.8626368
0.0049231 467.4772012
0.0049287 369.4589903
0.0049343 289.6408235
0.00494 227.0666267
0.0049456 178.0110011
0.0049512 137.1216601
0.0049568 104.77116
0.0049625 80.0529687
0.0049681 61.1664298
0.0049737 45.7045394
0.0049794 33.7890608
0.004985 24.980027
0.0049906 18.4675672
0.0049962 13.3082089
0.0050019 9.4697496
0.0050075 6.7384093
0.0050131 4.7948638
0.0050188 3.3481865
0.0050244 2.3155664
0.00503 1.6014185
0.0050356 1.1075222
0.0050413 0.7670321
0.0050469 0.5316171
0.0050525 0.368455
0.0050582 0.25537
0.0050638 0.1815001
0.0050694 0.1307834
0.005075 0.0942385
0.0050807 0.0679054
0.0050863 0.05061
0.0050919 0.0384455
0.0050976 0.0292048
0.0051032 0.0221852
0.0051088 0.0172368
0.0051144 0.0135694
0.0051201 0.0106823
0.0051257 0.0084094
0.0051313 0.0066755
0.005137 0.0053256
0.0051426 0.0042488
0.0051482 0.0033896
0.0051538 0.0027405
0.0051595 0.0022341
0.0051651 0.0018213
0.0051707 0.0014848
0.0051764 0.0012723
0.005182 0.0011257
0.0051876 0.000996
0.0051932 0.0008812
0.0051989 0.0008661
0.0052045 0.0009126
0.0052101 0.0009617
0.0052158 0.0010134
0.0052214 0.0012206
0.005227 0.001611
0.0052326 0.0021262
0.0052383 0.0028061
0.0052439 0.0041088
0.0052495 0.0064731
0.0052552 0.0101979
0.0052608 0.0160661
0.0052664 0.0264788
0.005272 0.0450955
0.0052777 0.0768011
0.0052833 0.1307982
0.0052889 0.2212748
0.0052946 0.3724641
0.0053002 0.6269559
0.0053058 1.0553328
0.0053114 1.6863944
0.0053171 2.5885993
0.0053227 3.9734752
0.0053283 6.0992465
0.005334 8.6158408
0.0053396 11.3906708
0.0053452 15.0591667
0.0053508 19.9091435
0.0053565 24.1690421
0.0053621 27.3538547
0.0053677 30.9583378
0.0053734 35.0377923
0.005379 36.9912014
0.0053846 36.8193599
0.0053902 36.6483168
0.0053959 36.4780682
0.0054015 34.4300159
0.0054071 31.0237921
0.0054128 27.9545523
0.0054184 25.1889578
0.005424 21.7972984
0.0054296 18.1880638
0.0054353 15.1764526
0.0054409 12.6635092
0.0054465 10.2701275
0.0054522 8.112064
0.0054578 6.4074747
0.0054634 5.0610711
0.005469 3.9304588
0.0054747 3.0034044
0.0054803 2.2950089
0.0054859 1.7536985
0.0054916 1.3265489
0.0054972 0.9934708
0.0055028 0.744024
0.0055084 0.5572099
0.0055141 0.4129157
0.0055197 0.3027229
0.0055253 0.2219367
0.005531 0.1627096
0.0055366 0.1174528
0.0055422 0.0834198
0.0055478 0.0592482
0.0055535 0.0420805
0.0055591 0.0293203
0.0055647 0.0200118
0.0055704 0.0136586
0.005576 0.0093223
0.0055816 0.0062663
0.0055872 0.0041412
0.0055929 0.0027368
0.0055985 0.0018087
0.0056041 0.0011939
0.0056098 0.000787
0.0056154 0.0005188
0.005621 0.000342
0.0056266 0.0002291
0.0056323 0.0001565
0.0056379 0.0001069
0.0056435 7.3e-05
0.0056492 5.11e-05
0.0056548 3.68e-05
0.0056604 2.66e-05
0.005666 1.91e-05
0.0056717 1.41e-05
0.0056773 1.06e-05
0.0056829 7.9e-06
0.0056886 6e-06
0.0056942 4.5e-06
0.0056998 3.5e-06
0.0057054 2.6e-06
0.0057111 2e-06
0.0057167 1.5e-06
0.0057223 1.2e-06
0.005728 9e-07
0.0057336 7e-07
0.0057392 5e-07
0.0057448 4e-07
0.0057505 3e-07
0.0057561 3e-07
0.0057617 2e-07
0.0057674 2e-07
0.005773 1e-07
0.0057786 1e-07
0.0057842 1e-07
0.0057899 1e-07
0.0057955 1e-07
0.0058011 1e-07
0.0058068 1e-07
0.0058124 1e-07
0.005818 1e-07
0.0058236 1e-07
0.0058293 1e-07
0.0058349 1e-07
0.0058405 1e-07
0.0058462 1e-07
0.0058518 1e-07
0.0058574 1e-07
0.005863 1e-07
0.0058687 1e-07
0.0058743 1e-07
0.0058799 1e-07
0.0058856 1e-07
0.0058912 1e-07
0.0058968 1e-07
0.0059024 2e-07
0.0059081 2e-07
0.0059137 3e-07
0.0059193 4e-07
0.005925 6e-07
0.0059306 8e-07
0.0059362 1.2e-06
0.0059418 1.8e-06
0.0059475 2.7e-06
0.0059531 4e-06
0.0059587 6e-06
0.0059644 8.5e-06
0.00597 1.1e-05
0.0059756 1.42e-05
0.0059812 1.83e-05
0.0059869 2.24e-05
0.0059925 2.47e-05
0.0059981 2.72e-05
0.0060038 3e-05
0.0060094 3.18e-05
0.006015 3.12e-05
0.0060206 3.07e-05
0.0060263 3.01e-05
0.0060319 2.9e-05
0.0060375 2.69e-05
0.0060432 2.49e-05
0.0060488 2.31e-05
0.0060544 2.12e-05
0.00606 1.91e-05
0.0060657 1.71e-05
0.0060713 1.54e-05
0.0060769 1.37e-05
0.0060826 1.2e-05
0.0060882 1.05e-05
0.0060938 9.2e-06
0.0060994 7.9e-06
0.0061051 6.7e-06
0.0061107 5.6e-06
0.0061163 4.7e-06
0.006122 3.9e-06
0.0061276 3.1e-06
0.0061332 2.5e-06
0.0061388 2e-06
0.0061445 1.6e-06
0.0061501 1.2e-06
0.0061557 9e-07
0.0061614 7e-07
0.006167 5e-07
0.0061726 4e-07
0.0061782 3e-07
0.0061839 2e-07
0.0061895 2e-07
0.0061951 1e-07
0.0062008 1e-07
0.0062064 1e-07
0.006212 0
0.0062176 0
0.0062233 0
0.0062289 0
0.0062345 0
0.0062402 0
0.0062458 0
0.0062514 0
0.006257 0
0.0062627 0
0.0062683 0
0.0062739 0
0.0062795 0
0.0062852 0
0.0062908 0
0.0062964 0
0.0063021 0
0.0063077 0
0.0063133 0
0.0063189 0
0.0063246 0
0.0063302 0
0.0063358 0
0.0063415 0
0.0063471 0
0.0063527 0
0.0063583 0
0.006364 0
0.0063696 0
0.0063752 0
0.0063809 0
0.0063865 0
0.0063921 0
0.0063977 0
0.0064034 0
0.006409 0
0.0064146 0
0.0064203 0
0.0064259 0
0.0064315 0
0.0064371 0
0.0064428 0
0.0064484 0
0.006454 0
0.0064597 0
0.0064653 0
0.0064709 0
0.0064765 0
0.0064822 0
0.0064878 0
0.0064934 0
0.0064991 0
0.0065047 0
0.0065103 0
0.0065159 0
0.0065216 0
0.0065272 0
0.0065328 0
0.0065385 0
0.0065441 0
0.0065497 0
0.0065553 0
0.006561 0
0.0065666 0
0.0065722 0
0.0065779 0
0.0065835 0
0.0065891 0
0.0065947 0
0.0066004 0
0.006606 0
0.0066116 0
0.0066173 0
0.0066229 0
0.0066285 0
0.0066341 0
0.0066398 0
0.0066454 0
0.006651 0
0.0066567 0
0.0066623 1e-07
0.0066679 1e-07
0.0066735 1e-07
0.0066792 1e-07
0.0066848 2e-07
0.0066904 2e-07
0.0066961 3e-07
0.0067017 3e-07
0.0067073 4e-07
0.0067129 4e-07
0.0067186 5e-07
0.0067242 5e-07
0.0067298 5e-07
0.0067355 5e-07
0.0067411 4e-07
0.0067467 4e-07
0.0067523 4e-07
0.006758 4e-07
0.0067636 3e-07
0.0067692 3e-07
0.0067749 3e-07
0.0067805 2e-07
0.0067861 2e-07
0.0067917 2e-07
0.0067974 2e-07
0.006803 1e-07
0.0068086 1e-07
0.0068143 1e-07
0.0068199 1e-07
0.0068255 1e-07
0.0068311 1e-07
0.0068368 1e-07
0.0068424 1e-07
0.006848 0
0.0068537 0
0.0068593 0
0.0068649 0
0.0068705 0
0.0068762 0
0.0068818 0
0.0068874 0
0.0068931 0
0.0068987 0
0.0069043 0
0.0069099 0
0.0069156 0
0.0069212 0
0.0069268 0
0.0069325 0
0.0069381 0
0.0069437 0
0.0069493 0
0.006955 0
0.0069606 0
0.0069662 0
0.0069719 0
0.0069775 0
0.0069831 0
0.0069887 0
0.0069944 0
0.007 0
0.0070056 0
0.0070113 0
0.0070169 0
0.0070225 0
0.0070281 0
0.0070338 0
0.0070394 0
0.007045 0
0.0070507 0
0.0070563 0
0.0070619 0
0.0070675 0
0.0070732 0
0.0070788 0
0.0070844 0
0.0070901 0
0.0070957 0
0.0071013 0
0.0071069 0
0.0071126 0
0.0071182 0
0.0071238 0
0.0071295 0
0.0071351 0
0.0071407 0
0.0071463 0
0.007152 0
0.0071576 0
0.0071632 0
0.0071689 0
0.0071745 0
0.0071801 0
0.0071857 0
0.0071914 0
0.007197 0
0.0072026 0
0.0072083 0
0.0072139 0
0.0072195 0
0.0072251 0
0.0072308 0
0.0072364 0
0.007242 0
0.0072477 0
0.0072533 0
0.0072589 0
0.0072645 0
0.0072702 0
0.0072758 0
0.0072814 0
0.0072871 0
0.0072927 1e-07
0.0072983 1e-07
0.0073039 1e-07
0.0073096 2e-07
0.0073152 2e-07
0.0073208 2e-07
0.0073265 3e-07
0.0073321 3e-07
0.0073377 3e-07
0.0073433 3e-07
0.007349 3e-07
0.0073546 3e-07
0.0073602 3e-07
0.0073659 3e-07
0.0073715 3e-07
0.0073771 3e-07
0.0073827 3e-07
0.0073884 3e-07
0.007394 3e-07
0.0073996 3e-07
0.0074053 2e-07
0.0074109 2e-07
0.0074165 2e-07
0.0074221 2e-07
0.0074278 1e-07
0.0074334 1e-07
0.007439 1e-07
0.0074447 1e-07
0.0074503 1e-07
0.0074559 0
0.0074615 0
0.0074672 0
0.0074728 0
0.0074784 0
0.0074841 0
0.0074897 0
0.0074953 0
0.0075009 0
0.0075066 0
0.0075122 0
0.0075178 0
0.0075235 0
0.0075291 0
0.0075347 0
0.0075403 0
0.007546 0
0.0075516 0
0.0075572 0
0.0075629 0
0.0075685 0
0.0075741 0
0.0075797 0
0.0075854 0
0.007591 0
0.0075966 0
0.0076023 0
0.0076079 0
0.0076135 0
0.0076191 0
0.0076248 0
0.0076304 0
0.007636 0
0.0076417 0
0.0076473 0
0.0076529 0
0.0076585 0
0.0076642 0
0.0076698 0
0.0076754 0
0.0076811 0
0.0076867 0
0.0076923 0
0.0076979 0
0.0077036 0
0.0077092 0
0.0077148 0
0.0077205 0
0.0077261 0
0.0077317 0
0.0077373 0
0.007743 0
0.0077486 0
0.0077542 0
0.0077598 0
0.0077655 0
0.0077711 0
0.0077767 0
0.0077824 0
0.007788 0
0.0077936 0
0.0077992 0
0.0078049 0
0.0078105 0
0.0078161 0
0.0078218 0
0.0078274 0
0.007833 0
0.0078386 0
0.0078443 0
0.0078499 0
0.0078555 0
0.0078612 0
0.0078668 0
0.0078724 0
0.007878 0
0.0078837 0
0.0078893 0
0.0078949 0
0.0079006 0
0.0079062 0
0.0079118 0
0.0079174 0
0.0079231 0
0.0079287 0
0.0079343 0
0.00794 0
0.0079456 0
0.0079512 0
0.0079568 0
0.0079625 0
0.0079681 0
0.0079737 0
0.0079794 0
0.007985 0
0.0079906 0
0.0079962 0
0.0080019 0
0.0080075 0
0.0080131 0
0.0080188 0
0.0080244 0
0.00803 0
0.0080356 0
0.0080413 0
0.0080469 0
0.0080525 0
0.0080582 0
0.0080638 0
0.0080694 0
0.008075 0
0.0080807 0
0.0080863 0
0.0080919 0
0.0080976 0
0.0081032 0
0.0081088 0
0.0081144 0
0.0081201 0
0.0081257 0
0.0081313 0
0.008137 0
0.0081426 0
0.0081482 0
0.0081538 0
0.0081595 0
0.0081651 0
0.0081707 0
0.0081764 0
0.008182 0
0.0081876 0
0.0081932 0
0.0081989 0
0.0082045 0
0.0082101 0
0.0082158 0
0.0082214 0
0.008227 0
0.0082326 0
0.0082383 0
0.0082439 0
0.0082495 0
0.0082552 0
0.0082608 0
0.0082664 0
0.008272 0
0.0082777 0
0.0082833 0
0.0082889 0
0.0082946 0
0.0083002 0
0.0083058 0
0.0083114 0
0.0083171 0
0.0083227 0
0.0083283 0
0.008334 0
0.0083396 0
0.0083452 0
0.0083508 0
0.0083565 0
0.0083621 0
0.0083677 0
0.0083734 0
0.008379 0
0.0083846 0
0.0083902 0
0.0083959 0
0.0084015 0
0.0084071 0
0.0084128 0
0.0084184 0
0.008424 0
0.0084296 0
0.0084353 0
0.0084409 0
0.0084465 0
0.0084522 0
0.0084578 0
0.0084634 0
0.008469 0
0.0084747 0
0.0084803 0
0.0084859 0
0.0084916 0
0.0084972 0
0.0085028 0
0.0085084 0
0.0085141 0
0.0085197 0
0.0085253 0
0.008531 0
0.0085366 0
0.0085422 0
0.0085478 0
0.0085535 0
0.0085591 0
0.0085647 0
0.0085704 0
0.008576 0
0.0085816 0
0.0085872 0
0.0085929 0
0.0085985 0
0.0086041 0
0.0086098 0
0.0086154 0
0.008621 0
0.0086266 0
0.0086323 0
0.0086379 0
0.0086435 0
0.0086492 0
0.0086548 0
0.0086604 0
0.008666 0
0.0086717 0
0.0086773 0
0.0086829 0
0.0086886 0
0.0086942 0
0.0086998 0
0.0087054 0
0.0087111 0
0.0087167 0
0.0087223 0
0.008728 0
0.0087336 0
0.0087392 0
0.0087448 0
0.0087505 0
0.0087561 0
0.0087617 0
0.0087674 0
0.008773 0
0.0087786 0
0.0087842 0
0.0087899 0
0.0087955 0
0.0088011 0
0.0088068 0
0.0088124 0
0.008818 0
0.0088236 0
0.0088293 0
0.0088349 0
0.0088405 0
0.0088462 0
0.0088518 0
0.0088574 0
0.008863 0
0.0088687 0
0.0088743 0
0.0088799 0
0.0088856 0
0.0088912 0
0.0088968 0
0.0089024 0
0.0089081 0
0.0089137 0
0.0089193 0
0.008925 0
0.0089306 0
0.0089362 0
0.0089418 0
0.0089475 0
0.0089531 0
0.0089587 0
0.0089644 0
0.00897 0
0.0089756 0
0.0089812 0
0.0089869 0
0.0089925 0
0.0089981 0
0.0090038 0
0.0090094 0
0.009015 0
0.0090206 0
0.0090263 0
0.0090319 0
0.0090375 0
0.0090432 0
0.0090488 0
0.0090544 0
0.00906 0
0.0090657 0
0.0090713 0
0.0090769 0
0.0090826 0
0.0090882 0
0.0090938 0
0.0090994 0
0.0091051 0
0.0091107 0
0.0091163 0
0.009122 0
0.0091276 0
0.0091332 0
0.0091388 0
0.0091445 0
0.0091501 0
0.0091557 0
0.0091614 0
0.009167 0
0.0091726 0
0.0091782 0
0.0091839 0
0.0091895 0
0.0091951 0
0.0092008 0
0.0092064 0
0.009212 0
0.0092176 0
0.0092233 0
0.0092289 0
0.0092345 0
0.0092402 0
0.0092458 0
0.0092514 0
0.009257 0
0.0092627 0
0.0092683 0
0.0092739 0
0.0092795 0
0.0092852 0
0.0092908 0
0.0092964 0
0.0093021 0
0.0093077 0
0.0093133 0
0.0093189 0
0.0093246 0
0.0093302 0
0.0093358 0
0.0093415 0
0.0093471 0
0.0093527 0
0.0093583 0
0.009364 0
0.0093696 0
0.0093752 0
0.0093809 0
0.0093865 0
0.0093921 0
0.0093977 0
0.0094034 0
0.009409 0
0.0094146 0
0.0094203 0
0.0094259 0
0.0094315 0
0.0094371 0
0.0094428 0
0.0094484 0
0.009454 0
0.0094597 0
0.0094653 0
0.0094709 0
0.0094765 0
0.0094822 0
0.0094878 0
0.0094934 0
0.0094991 0
0.0095047 0
0.0095103 0
0.0095159 0
0.0095216 0
0.0095272 0
0.0095328 0
0.0095385 0
0.0095441 0
0.0095497 0
0.0095553 0
0.009561 0
0.0095666 0
0.0095722 0
0.0095779 0
0.0095835 0
0.0095891 0
0.0095947 0
0.0096004 0
0.009606 0
0.0096116 0
0.0096173 0
0.0096229 0
0.0096285 0
0.0096341 0
0.0096398 0
0.0096454 0
0.009651 0
0.0096567 0
0.0096623 0
0.0096679 0
0.0096735 0
0.0096792 0
0.0096848 0
0.0096904 0
0.0096961 0
0.0097017 0
0.0097073 0
0.0097129 0
0.0097186 0
0.0097242 0
0.0097298 0
0.0097355 0
0.0097411 0
0.0097467 0
0.0097523 0
0.009758 0
0.0097636 0
0.0097692 0
0.0097749 0
0.0097805 0
0.0097861 0
0.0097917 0
0.0097974 0
0.009803 0
0.0098086 0
0.0098143 0
0.0098199 0
0.0098255 0
0.0098311 0
0.0098368 0
0.0098424 0
0.009848 0
0.0098537 0
0.0098593 0
0.0098649 0
0.0098705 0
0.0098762 0
0.0098818 0
0.0098874 0
0.0098931 0
0.0098987 0
0.0099043 0
0.0099099 0
0.0099156 0
0.0099212 0
0.0099268 0
0.0099325 0
0.0099381 0
0.0099437 0
0.0099493 0
0.009955 0
0.0099606 0
0.0099662 0
0.0099719 0
0.0099775 0
0.0099831 0
0.0099887 0
0.0099944 0
0.01 0
