0.001 0
0.0010056 0
0.0010113 0
0.0010169 0
0.0010225 0
0.0010281 0
0.0010338 0
0.0010394 0
0.001045 0
0.0010507 0
0.0010563 0
0.0010619 0
0.0010675 0
0.0010732 0
0.0010788 0
0.0010844 0
0.0010901 0
0.0010957 0
0.0011013 0
0.0011069 0
0.0011126 0
0.0011182 0
0.0011238 0
0.0011295 0
0.0011351 0
0.0011407 0
0.0011463 0
0.001152 0
0.0011576 0
0.0011632 0
0.0011689 0
0.0011745 0
0.0011801 0
0.0011857 0
0.0011914 0
0.001197 0
0.0012026 0
0.0012083 0
0.0012139 0
0.0012195 0
0.0012251 0
0.0012308 0
0.0012364 0
0.001242 0
0.0012477 0
0.0012533 0
0.0012589 0
0.0012645 0
0.0012702 0
0.0012758 0
0.0012814 0
0.0012871 0
0.0012927 0
0.0012983 0
0.0013039 0
0.0013096 0
0.0013152 0
0.0013208 0
0.0013265 0
0.0013321 0
0.0013377 0
0.0013433 0
0.001349 0
0.0013546 0
0.0013602 0
0.0013659 0
0.0013715 0
0.0013771 0
0.0013827 0
0.0013884 0
0.001394 0
0.0013996 0
0.0014053 0
0.0014109 0
0.0014165 0
0.0014221 0
0.0014278 0
0.0014334 0
0.001439 0
0.0014447 0
0.0014503 0
0.0014559 0
0.0014615 0
0.0014672 0
0.0014728 0
0.0014784 0
0.0014841 0
0.0014897 0
0.0014953 0
0.0015009 0
0.0015066 0
0.0015122 0
0.0015178 0
0.0015235 0
0.0015291 0
0.0015347 0
0.0015403 0
0.001546 0
0.0015516 0
0.0015572 0
0.0015629 0
0.0015685 0
0.0015741 0
0.0015797 0
0.0015854 0
0.001591 0
0.0015966 0
0.0016023 0
0.0016079 0
0.0016135 0
0.0016191 0
0.0016248 0
0.0016304 0
0.001636 0
0.0016417 0
0.0016473 0
0.0016529 0
0.0016585 0
0.0016642 0
0.0016698 0
0.0016754 0
0.0016811 0
0.0016867 0
0.0016923 0
0.0016979 0
0.0017036 0
0.0017092 0
0.0017148 0
0.0017205 0
0.0017261 0
0.0017317 0
0.0017373 0
0.001743 0
0.0017486 0
0.0017542 0
0.0017598 0
0.0017655 0
0.0017711 0
0.0017767 0
0.0017824 0
0.001788 0
0.0017936 0
0.0017992 0
0.0018049 0
0.0018105 0
0.0018161 0
0.0018218 0
0.0018274 0
0.001833 0
0.0018386 0
0.0018443 0
0.0018499 0
0.0018555 0
0.0018612 1e-07
0.0018668 1e-07
0.0018724 1e-07
0.001878 1e-07
0.0018837 1e-07
0.0018893 1e-07
0.0018949 1e-07
0.0019006 1e-07
0.0019062 1e-07
0.0019118 1e-07
0.0019174 1e-07
0.0019231 1e-07
0.0019287 1e-07
0.0019343 1e-07
0.00194 1e-07
0.0019456 1e-07
0.0019512 1e-07
0.0019568 1e-07
0.0019625 1e-07
0.0019681 1e-07
0.0019737 1e-07
0.0019794 1e-07
0.001985 1e-07
0.0019906 2e-07
0.0019962 2e-07
0.0020019 2e-07
0.0020075 2e-07
0.0020131 2e-07
0.0020188 2e-07
0.0020244 2e-07
0.00203 2e-07
0.0020356 3e-07
0.0020413 3e-07
0.0020469 3e-07
0.0020525 3e-07
0.0020582 3e-07
0.0020638 4e-07
0.0020694 4e-07
0.002075 5e-07
0.0020807 5e-07
0.0020863 6e-07
0.0020919 6e-07
0.0020976 7e-07
0.0021032 8e-07
0.0021088 9e-07
0.0021144 1e-06
0.0021201 1.2e-06
0.0021257 1.3e-06
0.0021313 1.5e-06
0.002137 1.8e-06
0.0021426 2.1e-06
0.0021482 2.4e-06
0.0021538 2.9e-06
0.0021595 3.4e-06
0.0021651 4.1e-06
0.0021707 4.8e-06
0.0021764 5.8e-06
0.002182 7e-06
0.0021876 8.5e-06
0.0021932 1.02e-05
0.0021989 1.24e-05
0.0022045 1.51e-05
0.0022101 1.85e-05
0.0022158 2.25e-05
0.0022214 2.75e-05
0.002227 3.36e-05
0.0022326 4.11e-05
0.0022383 5.03e-05
0.0022439 6.14e-05
0.0022495 7.47e-05
0.0022552 9.1e-05
0.0022608 0.0001108
0.0022664 0.0001341
0.002272 0.0001616
0.0022777 0.0001947
0.0022833 0.0002346
0.0022889 0.0002802
0.0022946 0.0003327
0.0023002 0.0003949
0.0023058 0.0004689
0.0023114 0.0005514
0.0023171 0.0006438
0.0023227 0.0007518
0.0023283 0.0008778
0.002334 0.0010156
0.0023396 0.0011666
0.0023452 0.00134
0.0023508 0.0015392
0.0023565 0.0017537
0.0023621 0.0019847
0.0023677 0.0022462
0.0023734 0.0025422
0.002379 0.0028576
0.0023846 0.0031936
0.0023902 0.0035692
0.0023959 0.003989
0.0024015 0.0044337
0.0024071 0.0049045
0.0024128 0.0054252
0.0024184 0.0060012
0.002424 0.0066098
0.0024296 0.0072517
0.0024353 0.0079561
0.0024409 0.0087288
0.0024465 0.0095443
0.0024522 0.0104033
0.0024578 0.0113396
0.0024634 0.0123601
0.002469 0.013437
0.0024747 0.014571
0.0024803 0.0158007
0.0024859 0.0171341
0.0024916 0.0185423
0.0024972 0.0200261
0.0025028 0.0216287
0.0025084 0.0233595
0.0025141 0.0251909
0.0025197 0.0271244
0.0025253 0.0292062
0.002531 0.0314479
0.0025366 0.0338274
0.0025422 0.0363484
0.0025478 0.0390574
0.0025535 0.0419682
0.0025591 0.0450718
0.0025647 0.048377
0.0025704 0.0519246
0.002576 0.0557323
0.0025816 0.059814
0.0025872 0.0641885
0.0025929 0.0688829
0.0025985 0.0739206
0.0026041 0.0793507
0.0026098 0.0852092
0.0026154 0.0915002
0.002621 0.0982556
0.0026266 0.1055718
0.0026323 0.1135114
0.0026379 0.1220481
0.0026435 0.1312268
0.0026492 0.1411969
0.0026548 0.1520569
0.0026604 0.1637521
0.002666 0.1763469
0.0026717 0.1900307
0.0026773 0.2049388
0.0026829 0.2210165
0.0026886 0.2383556
0.0026942 0.2571278
0.0026998 0.2774802
0.0027054 0.2994436
0.0027111 0.3231455
0.0027167 0.3485931
0.0027223 0.3758572
0.002728 0.4052538
0.0027336 0.4369495
0.0027392 0.470487
0.0027448 0.5056565
0.0027505 0.5434551
0.0027561 0.5840792
0.0027617 0.6260978
0.0027674 0.6686506
0.002773 0.7140956
0.0027786 0.7626292
0.0027842 0.8111558
0.0027899 0.8576521
0.0027955 0.9068136
0.0028011 0.9587931
0.0028068 1.0081728
0.0028124 1.0513015
0.002818 1.0962752
0.0028236 1.1431728
0.0028293 1.1840599
0.0028349 1.2135861
0.0028405 1.2438486
0.0028462 1.2748657
0.0028518 1.2968578
0.0028574 1.3033593
0.002863 1.3098935
0.0028687 1.3164604
0.0028743 1.3129155
0.0028799 1.2927559
0.0028856 1.2729059
0.0028912 1.2533608
0.0028968 1.225235
0.0029024 1.183003
0.0029081 1.1422268
0.0029137 1.102856
0.0029193 1.0582518
0.002925 1.0043487
0.0029306 0.9531913
0.0029362 0.9046396
0.0029418 0.8543876
0.0029475 0.7997644
0.0029531 0.7486335
0.0029587 0.7007715
0.0029644 0.6536991
0.00297 0.6058034
0.0029756 0.5614169
0.0029812 0.5202825
0.0029869 0.4811024
0.0029925 0.4429627
0.0029981 0.4078465
0.0030038 0.3755142
0.0030094 0.3453345
0.003015 0.3168178
0.0030206 0.2906559
0.0030263 0.2666544
0.0030319 0.2445258
0.0030375 0.2240241
0.0030432 0.2052414
0.0030488 0.1880335
0.0030544 0.1722833
0.00306 0.157882
0.0030657 0.1446845
0.0030713 0.1325902
0.0030769 0.1215684
0.0030826 0.1115896
0.0030882 0.1024299
0.0030938 0.094022
0.0030994 0.0863824
0.0031051 0.0795307
0.0031107 0.0732225
0.0031163 0.0674146
0.003122 0.0621508
0.0031276 0.0574837
0.0031332 0.0531671
0.0031388 0.0491746
0.0031445 0.0455653
0.0031501 0.0424149
0.0031557 0.0394824
0.0031614 0.0367525
0.003167 0.0342918
0.0031726 0.0321912
0.0031782 0.0302193
0.0031839 0.0283681
0.0031895 0.0267056
0.0031951 0.0253321
0.0032008 0.0240293
0.0032064 0.0227935
0.003212 0.0216902
0.0032176 0.0208249
0.0032233 0.0199942
0.0032289 0.0191966
0.0032345 0.0184931
0.0032402 0.0179912
0.0032458 0.017503
0.0032514 0.0170279
0.003257 0.0166216
0.0032627 0.0163911
0.0032683 0.0161638
0.0032739 0.0159396
0.0032795 0.0157682
0.0032852 0.0157544
0.0032908 0.0157406
0.0032964 0.0157268
0.0033021 0.0157566
0.0033077 0.0159309
0.0033133 0.0161071
0.0033189 0.0162853
0.0033246 0.0165029
0.0033302 0.0168544
0.0033358 0.0172133
0.0033415 0.0175799
0.0033471 0.0179854
0.0033527 0.0185144
0.0033583 0.0190589
0.003364 0.0196194
0.0033696 0.0202205
0.0033752 0.0209328
0.0033809 0.0216703
0.0033865 0.0224337
0.0033921 0.0232403
0.0033977 0.0241423
0.0034034 0.0250792
0.003409 0.0260525
0.0034146 0.0270714
0.0034203 0.0281641
0.0034259 0.0293009
0.0034315 0.0304836
0.0034371 0.031713
0.0034428 0.0329874
0.0034484 0.034313
0.003454 0.0356919
0.0034597 0.0371158
0.0034653 0.0385477
0.0034709 0.0400348
0.0034765 0.0415792
0.0034822 0.0431633
0.0034878 0.0447089
0.0034934 0.0463098
0.0034991 0.047968
0.0035047 0.0496561
0.0035103 0.05125
0.0035159 0.0528952
0.0035216 0.0545931
0.0035272 0.0563071
0.0035328 0.0578641
0.0035385 0.0594641
0.0035441 0.0611084
0.0035497 0.0627522
0.0035553 0.0641738
0.003561 0.0656275
0.0035666 0.0671142
0.0035722 0.0685832
0.0035779 0.0697696
0.0035835 0.0709766
0.0035891 0.0722045
0.0035947 0.0733996
0.0036004 0.0742652
0.003606 0.075141
0.0036116 0.0760271
0.0036173 0.0768705
0.0036229 0.077357
0.0036285 0.0778467
0.0036341 0.0783395
0.0036398 0.0787858
0.0036454 0.078871
0.003651 0.0789562
0.0036567 0.0790416
0.0036623 0.0790832
0.0036679 0.0787802
0.0036735 0.0784784
0.0036792 0.0781778
0.0036848 0.0778411
0.0036904 0.0771919
0.0036961 0.0765481
0.0037017 0.0759096
0.0037073 0.075246
0.0037129 0.0743101
0.0037186 0.0733859
0.0037242 0.0724731
0.0037298 0.0715474
0.0037355 0.0703917
0.0037411 0.0692547
0.0037467 0.068136
0.0037523 0.0670164
0.003758 0.0657071
0.0037636 0.0644234
0.0037692 0.0631648
0.0037749 0.0619161
0.0037805 0.0605144
0.0037861 0.0591445
0.0037917 0.0578055
0.0037974 0.0564857
0.003803 0.0550458
0.0038086 0.0536427
0.0038143 0.0522753
0.0038199 0.0509345
0.0038255 0.0495034
0.0038311 0.0481125
0.0038368 0.0467607
0.0038424 0.0454411
0.003848 0.0440586
0.0038537 0.0427181
0.0038593 0.0414184
0.0038649 0.0401545
0.0038705 0.0388531
0.0038762 0.0375938
0.0038818 0.0363753
0.0038874 0.0351943
0.0038931 0.0339991
0.0038987 0.0328446
0.0039043 0.0317292
0.0039099 0.0306508
0.0039156 0.0295798
0.0039212 0.0285462
0.0039268 0.0275487
0.0039325 0.0265859
0.0039381 0.0256494
0.0039437 0.0247459
0.0039493 0.0238742
0.003955 0.0230335
0.0039606 0.0222353
0.0039662 0.0214648
0.0039719 0.020721
0.0039775 0.0200032
0.0039831 0.0193416
0.0039887 0.0187018
0.0039944 0.0180832
0.004 0.0174851
0.0040056 0.016954
0.0040113 0.0164391
0.0040169 0.0159398
0.0040225 0.0154557
0.0040281 0.0150467
0.0040338 0.014649
0.0040394 0.0142619
0.004045 0.0138849
0.0040507 0.0135898
0.0040563 0.0133021
0.0040619 0.0130204
0.0040675 0.0127447
0.0040732 0.0125572
0.0040788 0.0123744
0.0040844 0.0121942
0.0040901 0.0120167
0.0040957 0.0119348
0.0041013 0.0118565
0.0041069 0.0117786
0.0041126 0.0117012
0.0041182 0.0117297
0.0041238 0.0117624
0.0041295 0.0117952
0.0041351 0.0118281
0.0041407 0.0119812
0.0041463 0.0121422
0.004152 0.0123053
0.0041576 0.0124706
0.0041632 0.0127773
0.0041689 0.0130995
0.0041745 0.0134299
0.0041801 0.0137685
0.0041857 0.0142795
0.0041914 0.0148204
0.004197 0.0153817
0.0042026 0.0159643
0.0042083 0.0167646
0.0042139 0.0176199
0.0042195 0.0185189
0.0042251 0.0194637
0.0042308 0.020693
0.0042364 0.0220204
0.004242 0.023433
0.0042477 0.0249362
0.0042533 0.0268226
0.0042589 0.0288798
0.0042645 0.0310947
0.0042702 0.0334795
0.0042758 0.0363945
0.0042814 0.039601
0.0042871 0.04309
0.0042927 0.0468864
0.0042983 0.0514321
0.0043039 0.056468
0.0043096 0.0619971
0.0043152 0.0680675
0.0043208 0.0752127
0.0043265 0.0831706
0.0043321 0.0919705
0.0043377 0.1017015
0.0043433 0.1129861
0.004349 0.125597
0.0043546 0.1396154
0.0043602 0.1551985
0.0043659 0.1730261
0.0043715 0.1929785
0.0043771 0.2152318
0.0043827 0.2400512
0.0043884 0.2680803
0.004394 0.2994392
0.0043996 0.3344662
0.0044053 0.3735905
0.0044109 0.4172116
0.0044165 0.465912
0.0044221 0.520297
0.0044278 0.5810303
0.0044334 0.6478688
0.004439 0.7222133
0.0044447 0.805089
0.0044503 0.8974748
0.0044559 0.9978115
0.0044615 1.108845
0.0044672 1.232234
0.0044728 1.3693533
0.0044784 1.5163187
0.0044841 1.6779357
0.0044897 1.8567786
0.0044953 2.0546836
0.0045009 2.2641072
0.0045066 2.4927903
0.0045122 2.7445713
0.0045178 3.021783
0.0045235 3.3116645
0.0045291 3.6258516
0.0045347 3.9698464
0.0045403 4.346477
0.004546 4.7361253
0.0045516 5.1552706
0.0045572 5.6115101
0.0045629 6.1081265
0.0045685 6.6169894
0.0045741 7.1603182
0.0045797 7.7482604
0.0045854 8.3844792
0.004591 9.030503
0.0045966 9.7152291
0.0046023 10.4518737
0.0046079 11.2443735
0.0046135 12.0414656
0.0046191 12.8799673
0.0046248 13.7768577
0.0046304 14.7362027
0.004636 15.6902031
0.0046417 16.6855385
0.0046473 17.7440148
0.0046529 18.8696374
0.0046585 19.9723376
0.0046642 21.1117209
0.0046698 22.3161038
0.0046754 23.5891945
0.0046811 24.8105327
0.0046867 26.0571262
0.0046923 27.3663542
0.0046979 28.7413637
0.0047036 30.021063
0.0047092 31.3057375
0.0047148 32.6453864
0.0047205 34.0423621
0.0047261 35.2839526
0.0047317 36.5004512
0.0047373 37.7588915
0.004743 39.0607196
0.0047486 40.1327077
0.0047542 41.1413905
0.0047598 42.1754253
0.0047655 43.2354492
0.0047711 43.9852068
0.0047767 44.6308557
0.0047824 45.2859819
0.004788 45.9507245
0.0047936 46.2344005
0.0047992 46.3801863
0.0048049 46.5264318
0.0048105 46.6731384
0.0048161 46.3977099
0.0048218 45.9689586
0.0048274 45.5441693
0.004833 45.1233053
0.0048386 44.2862431
0.0048443 43.3068399
0.0048499 42.3490966
0.0048555 41.412534
0.0048612 40.1177212
0.0048668 38.7175105
0.0048724 37.3661707
0.004878 36.0619961
0.0048837 34.4970587
0.0048893 32.879231
0.0048949 31.3372756
0.0049006 29.8676341
0.0049062 28.2486276
0.0049118 26.6290708
0.0049174 25.1023668
0.0049231 23.6631922
0.0049287 22.1732624
0.0049343 20.7217343
0.00494 19.3652275
0.0049456 18.0975218
0.0049512 16.8485309
0.0049568 15.658198
0.0049625 14.5519611
0.0049681 13.5238787
0.0049737 12.5523553
0.0049794 11.6435024
0.004985 10.8004549
0.0049906 10.0184483
0.0049962 9.3063393
0.0050019 8.6509505
0.0050075 8.0417168
0.0050131 7.4753876
0.0050188 6.9778136
0.0050244 6.5271836
0.00503 6.1056554
0.0050356 5.7113497
0.0050413 5.3785128
0.0050469 5.0830922
0.0050525 4.8038978
0.0050582 4.5400386
0.0050638 4.3294397
0.0050694 4.1489551
0.005075 3.9759945
0.0050807 3.8102442
0.0050863 3.6912647
0.0050919 3.5979932
0.0050976 3.5070786
0.0051032 3.4184612
0.0051088 3.3730159
0.0051144 3.3519635
0.0051201 3.3310426
0.0051257 3.3102522
0.0051313 3.3326126
0.005137 3.3814883
0.0051426 3.4310807
0.0051482 3.4814005
0.0051538 3.5793681
0.0051595 3.7104117
0.0051651 3.8462528
0.0051707 3.9870673
0.0051764 4.1864113
0.005182 4.432081
0.0051876 4.6921673
0.0051932 4.9675161
0.0051989 5.322326
0.0052045 5.7478611
0.0052101 6.2074189
0.0052158 6.7037197
0.0052214 7.3173336
0.005227 8.0455584
0.0052326 8.8462564
0.0052383 9.7266403
0.0052439 10.7915004
0.0052495 12.0493004
0.0052552 13.453703
0.0052608 15.0217953
0.0052664 16.8922384
0.005272 19.0939798
0.0052777 21.5826972
0.0052833 24.395795
0.0052889 27.7145785
0.0052946 31.6038225
0.0053002 36.0388521
0.0053058 41.0962586
0.0053114 46.9993745
0.0053171 53.8710049
0.0053227 61.7473146
0.0053283 70.7751948
0.005334 81.1896259
0.0053396 93.1974907
0.0053452 106.9813067
0.0053508 122.8037354
0.0053565 140.8108226
0.0053621 161.3119773
0.0053677 184.7979689
0.0053734 211.7033706
0.005379 241.8464931
0.0053846 275.6255208
0.0053902 314.1225111
0.0053959 357.9964282
0.0054015 406.2648438
0.0054071 459.3303027
0.0054128 519.3270602
0.0054184 587.1604679
0.005424 660.2332001
0.0054296 738.7544963
0.0054353 826.6143018
0.0054409 924.9232423
0.0054465 1028.2450848
0.0054522 1136.2647095
0.0054578 1255.6320561
0.0054634 1387.5392302
0.005469 1522.1427874
0.0054747 1658.1840707
0.0054803 1806.3840234
0.0054859 1967.8293246
0.0054916 2126.684315
0.0054972 2280.3869709
0.0055028 2445.1982366
0.0055084 2621.9209689
0.0055141 2787.774481
0.0055197 2938.8175877
0.0055253 3098.0442904
0.005531 3265.8979806
0.0055366 3413.1122732
0.0055422 3534.7413473
0.0055478 3660.7047738
0.0055535 3791.1570111
0.0055591 3892.6247225
0.0055647 3959.9080666
0.0055704 4028.3543916
0.005576 4097.9837996
0.0055816 4134.7538302
0.0055872 4133.9957727
0.0055929 4133.2378543
0.0055985 4132.4800747
0.0056041 4100.8510308
0.0056098 4034.6629643
0.0056154 3969.5431786
0.005621 3905.4744314
0.0056266 3817.2941153
0.0056323 3702.3017061
0.0056379 3590.7733355
0.0056435 3482.6046525
0.0056492 3359.1101922
0.0056548 3218.318775
0.0056604 3083.4283916
0.005666 2954.1917104
0.0056717 2817.7151958
0.0056773 2672.4788642
0.0056829 2534.728595
0.0056886 2404.0785266
0.0056942 2272.0338962
0.0056998 2137.3484148
0.0057054 2010.6470479
0.0057111 1891.4564997
0.0057167 1774.2398189
0.0057223 1657.9402756
0.005728 1549.2640444
0.0057336 1447.7114252
0.0057392 1349.5650116
0.0057448 1253.9178521
0.0057505 1165.049454
0.0057561 1082.4793889
0.0057617 1003.5539754
0.0057674 927.4887302
0.005773 857.1889164
0.0057786 792.217538
0.0057842 730.5482284
0.0057899 671.4965969
0.0057955 617.2182233
0.0058011 567.3272761
0.0058068 520.2044318
0.0058124 475.2505982
0.005818 434.1814818
0.0058236 396.6613822
0.0058293 361.3815219
0.0058349 327.8224405
0.0058405 297.3797662
0.0058462 269.7640991
0.0058518 243.9382374
0.0058574 219.4631452
0.005863 197.4437161
0.0058687 177.6335658
0.0058743 159.2446751
0.0058799 141.9205753
0.0058856 126.4811504
0.0058912 112.721368
0.0058968 100.0758348
0.0059024 88.2695291
0.0059081 77.8560556
0.0059137 68.6710971
0.0059193 60.3352504
0.005925 52.6484227
0.0059306 45.9409118
0.0059362 40.0879508
0.0059418 34.8528475
0.0059475 30.0991072
0.0059531 25.9937515
0.0059587 22.4483441
0.0059644 19.3261125
0.00597 16.5402355
0.0059756 14.1559452
0.0059812 12.1153526
0.0059869 10.3454644
0.0059925 8.7951066
0.0059981 7.4770835
0.0060038 6.3565776
0.0060094 5.3977621
0.006015 4.5728957
0.0060206 3.8740824
0.0060263 3.2820591
0.0060319 2.7808025
0.0060375 2.3566254
0.0060432 1.9971513
0.0060488 1.6925105
0.0060544 1.436327
0.00606 1.2225838
0.0060657 1.0406482
0.0060713 0.8857868
0.0060769 0.7559035
0.0060826 0.6487815
0.0060882 0.5568401
0.0060938 0.4779281
0.0060994 0.4116523
0.0061051 0.3574946
0.0061107 0.310462
0.0061163 0.2696171
0.006122 0.235145
0.0061276 0.2071959
0.0061332 0.1825689
0.0061388 0.1608689
0.0061445 0.1424168
0.0061501 0.1275732
0.0061557 0.1142766
0.0061614 0.1023659
0.006167 0.0921459
0.0061726 0.0840049
0.0061782 0.0765831
0.0061839 0.069817
0.0061895 0.0639571
0.0061951 0.0593569
0.0062008 0.0550876
0.0062064 0.0511254
0.006212 0.047666
0.0062176 0.0450143
0.0062233 0.0425101
0.0062289 0.0401453
0.0062345 0.0380707
0.0062402 0.0365452
0.0062458 0.0350808
0.0062514 0.0336751
0.006257 0.0324447
0.0062627 0.0316094
0.0062683 0.0307955
0.0062739 0.0300026
0.0062795 0.0293214
0.0062852 0.0289394
0.0062908 0.0285623
0.0062964 0.0281902
0.0063021 0.0278942
0.0063077 0.0278347
0.0063133 0.0277753
0.0063189 0.027716
0.0063246 0.0277129
0.0063302 0.027903
0.0063358 0.0280943
0.0063415 0.028287
0.0063471 0.0285248
0.0063527 0.0289235
0.0063583 0.0293278
0.006364 0.0297378
0.0063696 0.0301869
0.0063752 0.0307707
0.0063809 0.0313657
0.0063865 0.0319722
0.0063921 0.0326148
0.0063977 0.033368
0.0064034 0.0341385
0.006409 0.0349269
0.0064146 0.0357493
0.0064203 0.0366581
0.0064259 0.0375899
0.0064315 0.0385454
0.0064371 0.0395331
0.0064428 0.0405807
0.0064484 0.0416561
0.006454 0.0427599
0.0064597 0.0438931
0.0064653 0.0450564
0.0064709 0.0462506
0.0064765 0.0474765
0.0064822 0.0487274
0.0064878 0.0499747
0.0064934 0.051254
0.0064991 0.052566
0.0065047 0.0538971
0.0065103 0.0551869
0.0065159 0.0565075
0.0065216 0.0578598
0.0065272 0.0592234
0.0065328 0.0605047
0.0065385 0.0618138
0.0065441 0.0631512
0.0065497 0.0644909
0.0065553 0.0657055
0.006561 0.066943
0.0065666 0.0682038
0.0065722 0.069457
0.0065779 0.0705426
0.0065835 0.0716451
0.0065891 0.0727649
0.0065947 0.0738675
0.0066004 0.0747625
0.006606 0.0756684
0.0066116 0.0765852
0.0066173 0.0774765
0.0066229 0.0781259
0.0066285 0.0787807
0.0066341 0.079441
0.0066398 0.0800698
0.0066454 0.080431
0.006651 0.0807938
0.0066567 0.0811583
0.0066623 0.0814884
0.0066679 0.0815366
0.0066735 0.0815848
0.0066792 0.081633
0.0066848 0.0816479
0.0066904 0.0813797
0.0066961 0.0811123
0.0067017 0.0808459
0.0067073 0.0805508
0.0067129 0.0799858
0.0067186 0.0794249
0.0067242 0.0788678
0.0067298 0.07829
0.0067355 0.07747
0.0067411 0.0766587
0.0067467 0.0758558
0.0067523 0.0750421
0.006758 0.0740275
0.0067636 0.0730266
0.0067692 0.0720392
0.0067749 0.0710518
0.0067805 0.0699165
0.0067861 0.0687992
0.0067917 0.0676999
0.0067974 0.0666104
0.006803 0.0654354
0.0068086 0.064281
0.0068143 0.0631471
0.0068199 0.0620307
0.0068255 0.0608974
0.0068311 0.0597849
0.0068368 0.0586927
0.0068424 0.0576224
0.006848 0.0566073
0.0068537 0.0556101
0.0068593 0.0546305
0.0068649 0.0536734
0.0068705 0.0528446
0.0068762 0.0520286
0.0068818 0.0512252
0.0068874 0.0504417
0.0068931 0.0498595
0.0068987 0.049284
0.0069043 0.0487152
0.0069099 0.0481613
0.0069156 0.0478829
0.0069212 0.0476061
0.0069268 0.0473309
0.0069325 0.0470655
0.0069381 0.0471543
0.0069437 0.0472434
0.0069493 0.0473326
0.006955 0.0474287
0.0069606 0.047969
0.0069662 0.0485154
0.0069719 0.049068
0.0069775 0.049631
0.0069831 0.0507484
0.0069887 0.051891
0.0069944 0.0530592
0.007 0.0542538
0.0070056 0.0561468
0.0070113 0.0581058
0.0070169 0.0601332
0.0070225 0.0622314
0.0070281 0.0652132
0.0070338 0.0683444
0.0070394 0.0716259
0.007045 0.075065
0.0070507 0.0796483
0.0070563 0.0845274
0.0070619 0.0897053
0.0070675 0.0952005
0.0070732 0.1022127
0.0070788 0.1097708
0.0070844 0.1178878
0.0070901 0.126605
0.0070957 0.137377
0.0071013 0.1491132
0.0071069 0.1618521
0.0071126 0.1756792
0.0071182 0.1923358
0.0071238 0.2106425
0.0071295 0.2306917
0.0071351 0.2526492
0.0071407 0.2785419
0.0071463 0.3071847
0.007152 0.3387729
0.0071576 0.3736094
0.0071632 0.4139267
0.0071689 0.458712
0.0071745 0.5083429
0.0071801 0.5633437
0.0071857 0.6259082
0.0071914 0.6955358
0.007197 0.772909
0.0072026 0.8588894
0.0072083 0.9550723
0.0072139 1.0620778
0.0072195 1.1810721
0.0072251 1.3133985
0.0072308 1.4589377
0.0072364 1.6204586
0.007242 1.7998619
0.0072477 1.999127
0.0072533 2.214412
0.0072589 2.4522783
0.0072645 2.7156957
0.0072702 3.0074087
0.0072758 3.3165856
0.0072814 3.6560338
0.0072871 4.0302241
0.0072927 4.4427123
0.0072983 4.8709364
0.0073039 5.3373001
0.0073096 5.8483154
0.0073152 6.4082575
0.0073208 6.9768251
0.0073265 7.5900971
0.0073321 8.2572764
0.0073377 8.9831017
0.0073433 9.7031133
0.007349 10.4713149
0.0073546 11.3003355
0.0073602 12.1949902
0.0073659 13.0612826
0.0073715 13.9746476
0.0073771 14.9518834
0.0073827 15.9974566
0.0073884 16.9850537
0.007394 18.0133117
0.0073996 19.1038195
0.0074053 20.2603455
0.0074109 21.3249953
0.0074165 22.4190361
0.0074221 23.5692048
0.0074278 24.7783809
0.0074334 25.8610771
0.007439 26.9584288
0.0074447 28.1023439
0.0074503 29.2947983
0.0074559 30.3285701
0.0074615 31.3606292
0.0074672 32.4278084
0.0074728 33.531303
0.0074784 34.4480278
0.0074841 35.3467714
0.0074897 36.2689632
0.0074953 37.2152147
0.0075009 37.9509661
0.0075066 38.6539038
0.0075122 39.3698614
0.0075178 40.0990802
0.0075235 40.5978712
0.0075291 41.0514145
0.0075347 41.5100246
0.0075403 41.9737581
0.007546 42.1906043
0.0075516 42.3529853
0.0075572 42.5159914
0.0075629 42.6796247
0.0075685 42.5841331
0.0075741 42.4290855
0.0075797 42.2746024
0.0075854 42.1206817
0.007591 41.7018143
0.0075966 41.2234897
0.0076023 40.7506514
0.0076079 40.2832367
0.0076135 39.5547198
0.0076191 38.7730128
0.0076248 38.0067545
0.0076304 37.2556395
0.007636 36.2600723
0.0076417 35.2241145
0.0076473 34.2177542
0.0076529 33.2401458
0.0076585 32.0488983
0.0076642 30.8357068
0.0076698 29.66844
0.0076754 28.5453593
0.0076811 27.2517359
0.0076867 25.9577914
0.0076923 24.725285
0.0076979 23.5512994
0.0077036 22.256742
0.0077092 20.9829631
0.0077148 19.782084
0.0077205 18.6499327
0.0077261 17.4465203
0.0077317 16.2806404
0.0077373 15.1926716
0.007743 14.1774072
0.0077486 13.1324568
0.0077542 12.1348579
0.0077598 11.2130409
0.0077655 10.3612492
0.0077711 9.5093559
0.0077767 8.7071704
0.0077824 7.9726553
0.007788 7.3001021
0.0077936 6.6444745
0.0077992 6.034841
0.0078049 5.4811416
0.0078105 4.9782444
0.0078161 4.4990461
0.0078218 4.0584731
0.0078274 3.6610436
0.007833 3.3025327
0.0078386 2.9677619
0.0078443 2.6629994
0.0078499 2.3895334
0.0078555 2.1441498
0.0078612 1.9191104
0.0078668 1.7159551
0.0078724 1.5343056
0.007878 1.3718854
0.0078837 1.2253207
0.0078893 1.0939188
0.0078949 0.9766082
0.0079006 0.8718778
0.0079062 0.7787425
0.0079118 0.6956959
0.0079174 0.6215056
0.0079231 0.555227
0.0079287 0.4970648
0.0079343 0.4454142
0.00794 0.3991307
0.0079456 0.3576565
0.0079512 0.321702
0.0079568 0.2898656
0.0079625 0.2611798
0.0079681 0.2353328
0.0079737 0.2131789
0.0079794 0.1936039
0.007985 0.1758263
0.0079906 0.1596811
0.0079962 0.1459954
0.0080019 0.1339265
0.0080075 0.1228553
0.0080131 0.1126993
0.0080188 0.1041918
0.0080244 0.0967112
0.00803 0.0897677
0.0080356 0.0833227
0.0080413 0.0780014
0.0080469 0.0733492
0.0080525 0.0689745
0.0080582 0.0648607
0.0080638 0.0615334
0.0080694 0.0586591
0.008075 0.0559191
0.0080807 0.0533071
0.0080863 0.0512644
0.0080919 0.0495446
0.0080976 0.0478825
0.0081032 0.0462762
0.0081088 0.0450984
0.0081144 0.0441651
0.0081201 0.0432511
0.0081257 0.0423561
0.0081313 0.0417969
0.008137 0.0414349
0.0081426 0.0410761
0.0081482 0.0407204
0.0081538 0.0406378
0.0081595 0.0407238
0.0081651 0.04081
0.0081707 0.0408964
0.0081764 0.0412109
0.008182 0.041676
0.0081876 0.0421463
0.0081932 0.042622
0.0081989 0.0432905
0.0082045 0.0440962
0.0082101 0.0449168
0.0082158 0.0457528
0.0082214 0.0467501
0.008227 0.0478712
0.0082326 0.0490193
0.0082383 0.0501949
0.0082439 0.0514995
0.0082495 0.0529111
0.0082552 0.0543614
0.0082608 0.0558515
0.0082664 0.0574342
0.008272 0.0591005
0.0082777 0.0608151
0.0082833 0.0625795
0.0082889 0.0643938
0.0082946 0.0662598
0.0083002 0.0681799
0.0083058 0.0701555
0.0083114 0.0721317
0.0083171 0.0741184
0.0083227 0.0761598
0.0083283 0.0782575
0.008334 0.0803004
0.0083396 0.0823048
0.0083452 0.0843591
0.0083508 0.0864648
0.0083565 0.0884579
0.0083621 0.0903584
0.0083677 0.0922996
0.0083734 0.0942826
0.008379 0.0960973
0.0083846 0.0977652
0.0083902 0.099462
0.0083959 0.1011882
0.0084015 0.102698
0.0084071 0.1040124
0.0084128 0.1053436
0.0084184 0.1066918
0.008424 0.1077881
0.0084296 0.1086515
0.0084353 0.1095218
0.0084409 0.1103991
0.0084465 0.111005
0.0084522 0.1113551
0.0084578 0.1117064
0.0084634 0.1120589
0.008469 0.1121372
0.0084747 0.1119529
0.0084803 0.1117689
0.0084859 0.1115853
0.0084916 0.1111397
0.0084972 0.1104392
0.0085028 0.1097431
0.0085084 0.1090514
0.0085141 0.1081212
0.0085197 0.1069552
0.0085253 0.1058018
0.008531 0.1046608
0.0085366 0.1033122
0.0085422 0.1017545
0.0085478 0.1002203
0.0085535 0.0987092
0.0085591 0.0970253
0.0085647 0.0951635
0.0085704 0.0933373
0.008576 0.0915463
0.0085816 0.0896187
0.0085872 0.0875462
0.0085929 0.0855217
0.0085985 0.083544
0.0086041 0.081466
0.0086098 0.0792767
0.0086154 0.0771463
0.008621 0.0750731
0.0086266 0.0729344
0.0086323 0.0707177
0.0086379 0.0685684
0.0086435 0.0664844
0.0086492 0.0643674
0.0086548 0.0622043
0.0086604 0.060114
0.008666 0.0580939
0.0086717 0.0560699
0.0086773 0.0540297
0.0086829 0.0520637
0.0086886 0.0501693
0.0086942 0.0482958
0.0086998 0.0464327
0.0087054 0.0446414
0.0087111 0.0429192
0.0087167 0.0412376
0.0087223 0.0395888
0.008728 0.0380059
0.0087336 0.0364863
0.0087392 0.0350212
0.0087448 0.0336068
0.0087505 0.0322495
0.0087561 0.030947
0.0087617 0.0297074
0.0087674 0.0285314
0.008773 0.027402
0.0087786 0.0263173
0.0087842 0.0252989
0.0087899 0.0243528
0.0087955 0.023442
0.0088011 0.0225653
0.0088068 0.0217544
0.0088124 0.0210208
0.008818 0.0203119
0.0088236 0.0196269
0.0088293 0.0190047
0.0088349 0.0184621
0.0088405 0.0179351
0.0088462 0.0174231
0.0088518 0.0169696
0.0088574 0.0165969
0.008863 0.0162324
0.0088687 0.0158759
0.0088743 0.0155737
0.0088799 0.0153532
0.0088856 0.0151358
0.0088912 0.0149215
0.0088968 0.0147581
0.0089024 0.0146783
0.0089081 0.0145988
0.0089137 0.0145198
0.0089193 0.0144902
0.008925 0.0145477
0.0089306 0.0146053
0.0089362 0.0146632
0.0089418 0.0147713
0.0089475 0.0149726
0.0089531 0.0151767
0.0089587 0.0153836
0.0089644 0.0156443
0.00897 0.016008
0.0089756 0.0163802
0.0089812 0.016761
0.0089869 0.0172031
0.0089925 0.0177622
0.0089981 0.0183395
0.0090038 0.0189355
0.0090094 0.0196046
0.009015 0.0204101
0.0090206 0.0212487
0.0090263 0.0221218
0.0090319 0.0230855
0.0090375 0.024211
0.0090432 0.0253913
0.0090488 0.0266292
0.0090544 0.0279823
0.00906 0.0295295
0.0090657 0.0311622
0.0090713 0.0328852
0.0090769 0.0347569
0.0090826 0.036862
0.0090882 0.0390946
0.0090938 0.0414625
0.0090994 0.044023
0.0091051 0.0468635
0.0091107 0.0498873
0.0091163 0.0531063
0.009122 0.0565742
0.0091276 0.0603749
0.0091332 0.064431
0.0091388 0.0687595
0.0091445 0.0734071
0.0091501 0.0784442
0.0091557 0.083827
0.0091614 0.0895791
0.009167 0.0957343
0.0091726 0.1023358
0.0091782 0.1093925
0.0091839 0.1169357
0.0091895 0.1249792
0.0091951 0.1335186
0.0092008 0.1426414
0.0092064 0.1523876
0.009212 0.1627408
0.0092176 0.1736215
0.0092233 0.1852297
0.0092289 0.197614
0.0092345 0.2107158
0.0092402 0.2243436
0.0092458 0.2388528
0.0092514 0.2543003
0.009257 0.2705702
0.0092627 0.2873122
0.0092683 0.3050902
0.0092739 0.3239682
0.0092795 0.343756
0.0092852 0.3638889
0.0092908 0.3852009
0.0092964 0.4077611
0.0093021 0.4312879
0.0093077 0.4549395
0.0093133 0.4798882
0.0093189 0.5062051
0.0093246 0.533501
0.0093302 0.5605923
0.0093358 0.5890594
0.0093415 0.618972
0.0093471 0.6498198
0.0093527 0.6800119
0.0093583 0.7116068
0.009364 0.7446697
0.0093696 0.7785579
0.0093752 0.8112072
0.0093809 0.8452256
0.0093865 0.8806707
0.0093921 0.9167577
0.0093977 0.9508799
0.0094034 0.9862722
0.009409 1.0229819
0.0094146 1.060073
0.0094203 1.0943186
0.0094259 1.1296705
0.0094315 1.1661645
0.0094371 1.2027042
0.0094428 1.2353528
0.0094484 1.2688876
0.009454 1.3033328
0.0094597 1.3374237
0.0094653 1.3664131
0.0094709 1.3960308
0.0094765 1.4262905
0.0094822 1.4557551
0.0094878 1.478766
0.0094934 1.5021405
0.0094991 1.5258845
0.0095047 1.5483931
0.0095103 1.5630124
0.0095159 1.5777697
0.0095216 1.5926663
0.0095272 1.605948
0.0095328 1.6099315
0.0095385 1.6139249
0.0095441 1.6179282
0.0095497 1.6200762
0.0095553 1.6117143
0.009561 1.6033957
0.0095666 1.59512
0.0095722 1.5849732
0.0095779 1.5635295
0.0095835 1.5423759
0.0095891 1.5215085
0.0095947 1.4990492
0.0096004 1.4651779
0.009606 1.4320719
0.0096116 1.399714
0.0096173 1.3663582
0.0096229 1.3223375
0.0096285 1.2797351
0.0096341 1.2385052
0.0096398 1.1971233
0.0096454 1.1467144
0.009651 1.0984282
0.0096567 1.0521752
0.0096623 1.0067125
0.0096679 0.9545467
0.0096735 0.9050841
0.0096792 0.8581845
0.0096848 0.8129047
0.0096904 0.7635184
0.0096961 0.7171326
0.0097017 0.6735648
0.0097073 0.6321498
0.0097129 0.5890181
0.0097186 0.5488293
0.0097242 0.5113826
0.0097298 0.4762441
0.0097355 0.4412098
0.0097411 0.4087528
0.0097467 0.3786834
0.0097523 0.3507446
0.009758 0.3240317
0.0097636 0.2993533
0.0097692 0.2765544
0.0097749 0.2555035
0.0097805 0.2361857
0.0097861 0.2183286
0.0097917 0.2018215
0.0097974 0.1866154
0.009803 0.1732306
0.0098086 0.1608058
0.0098143 0.1492722
0.0098199 0.1386296
0.0098255 0.1296755
0.0098311 0.1212998
0.0098368 0.113465
0.0098424 0.1061961
0.009848 0.1004058
0.0098537 0.0949313
0.0098593 0.0897552
0.0098649 0.0849116
0.0098705 0.0813411
0.0098762 0.0779207
0.0098818 0.0746442
0.0098874 0.071545
0.0098931 0.0695533
0.0098987 0.067617
0.0099043 0.0657346
0.0099099 0.0639344
0.0099156 0.0631256
0.0099212 0.062327
0.0099268 0.0615385
0.0099325 0.0607812
0.0099381 0.0609479
0.0099437 0.061115
0.0099493 0.0612826
0.009955 0.0614643
0.0099606 0.0625472
0.0099662 0.0636493
0.0099719 0.0647707
0.0099775 0.0659186
0.0099831 0.0679864
0.0099887 0.0701191
0.0099944 0.0723186
0.01 0.0745872
