0.001 0
0.0010056 0
0.0010113 0
0.0010169 0
0.0010225 0
0.0010281 0
0.0010338 0
0.0010394 0
0.001045 0
0.0010507 0
0.0010563 0
0.0010619 0
0.0010675 0
0.0010732 0
0.0010788 0
0.0010844 0
0.0010901 0
0.0010957 0
0.0011013 0
0.0011069 0
0.0011126 0
0.0011182 0
0.0011238 0
0.0011295 0
0.0011351 0
0.0011407 0
0.0011463 0
0.001152 0
0.0011576 0
0.0011632 0
0.0011689 0
0.0011745 0
0.0011801 0
0.0011857 0
0.0011914 0
0.001197 0
0.0012026 0
0.0012083 0
0.0012139 0
0.0012195 0
0.0012251 0
0.0012308 0
0.0012364 0
0.001242 0
0.0012477 0
0.0012533 0
0.0012589 0
0.0012645 0
0.0012702 0
0.0012758 0
0.0012814 0
0.0012871 0
0.0012927 0
0.0012983 0
0.0013039 0
0.0013096 0
0.0013152 0
0.0013208 0
0.0013265 0
0.0013321 0
0.0013377 0
0.0013433 0
0.001349 0
0.0013546 0
0.0013602 0
0.0013659 0
0.0013715 0
0.0013771 0
0.0013827 0
0.0013884 0
0.001394 0
0.0013996 0
0.0014053 0
0.0014109 0
0.0014165 0
0.0014221 0
0.0014278 0
0.0014334 0
0.001439 0
0.0014447 0
0.0014503 0
0.0014559 0
0.0014615 0
0.0014672 0
0.0014728 0
0.0014784 0
0.0014841 0
0.0014897 0
0.0014953 0
0.0015009 0
0.0015066 0
0.0015122 0
0.0015178 0
0.0015235 0
0.0015291 0
0.0015347 0
0.0015403 0
0.001546 0
0.0015516 0
0.0015572 0
0.0015629 0
0.0015685 0
0.0015741 0
0.0015797 0
0.0015854 0
0.001591 0
0.0015966 0
0.0016023 0
0.0016079 0
0.0016135 0
0.0016191 0
0.0016248 0
0.0016304 0
0.001636 0
0.0016417 0
0.0016473 0
0.0016529 0
0.0016585 0
0.0016642 0
0.0016698 0
0.0016754 0
0.0016811 0
0.0016867 0
0.0016923 0
0.0016979 0
0.0017036 0
0.0017092 0
0.0017148 0
0.0017205 0
0.0017261 0
0.0017317 0
0.0017373 0
0.001743 0
0.0017486 0
0.0017542 0
0.0017598 0
0.0017655 0
0.0017711 0
0.0017767 0
0.0017824 0
0.001788 0
0.0017936 0
0.0017992 0
0.0018049 0
0.0018105 0
0.0018161 0
0.0018218 0
0.0018274 0
0.001833 0
0.0018386 0
0.0018443 0
0.0018499 0
0.0018555 0
0.0018612 0
0.0018668 0
0.0018724 0
0.001878 0
0.0018837 0
0.0018893 0
0.0018949 0
0.0019006 0
0.0019062 0
0.0019118 0
0.0019174 0
0.0019231 0
0.0019287 0
0.0019343 0
0.00194 0
0.0019456 0
0.0019512 0
0.0019568 0
0.0019625 0
0.0019681 0
0.0019737 0
0.0019794 0
0.001985 0
0.0019906 0
0.0019962 0
0.0020019 0
0.0020075 0
0.0020131 0
0.0020188 0
0.0020244 0
0.00203 0
0.0020356 0
0.0020413 0
0.0020469 0
0.0020525 0
0.0020582 0
0.0020638 0
0.0020694 0
0.002075 0
0.0020807 0
0.0020863 0
0.0020919 0
0.0020976 0
0.0021032 0
0.0021088 0
0.0021144 0
0.0021201 0
0.0021257 0
0.0021313 0
0.002137 0
0.0021426 0
0.0021482 0
0.0021538 0
0.0021595 0
0.0021651 0
0.0021707 0
0.0021764 0
0.002182 0
0.0021876 0
0.0021932 0
0.0021989 0
0.0022045 0
0.0022101 0
0.0022158 0
0.0022214 0
0.002227 0
0.0022326 0
0.0022383 0
0.0022439 0
0.0022495 0
0.0022552 0
0.0022608 0
0.0022664 0
0.002272 0
0.0022777 0
0.0022833 0
0.0022889 0
0.0022946 0
0.0023002 0
0.0023058 0
0.0023114 0
0.0023171 0
0.0023227 0
0.0023283 0
0.002334 0
0.0023396 0
0.0023452 0
0.0023508 0
0.0023565 0
0.0023621 0
0.0023677 0
0.0023734 0
0.002379 0
0.0023846 0
0.0023902 0
0.0023959 0
0.0024015 0
0.0024071 0
0.0024128 0
0.0024184 0
0.002424 0
0.0024296 0
0.0024353 0
0.0024409 0
0.0024465 0
0.0024522 0
0.0024578 0
0.0024634 0
0.002469 0
0.0024747 0
0.0024803 0
0.0024859 0
0.0024916 0
0.0024972 0
0.0025028 0
0.0025084 0
0.0025141 0
0.0025197 0
0.0025253 0
0.002531 0
0.0025366 0
0.0025422 0
0.0025478 0
0.0025535 0
0.0025591 0
0.0025647 0
0.0025704 0
0.002576 0
0.0025816 0
0.0025872 0
0.0025929 0
0.0025985 0
0.0026041 0
0.0026098 0
0.0026154 0
0.002621 0
0.0026266 0
0.0026323 0
0.0026379 0
0.0026435 0
0.0026492 0
0.0026548 0
0.0026604 0
0.002666 0
0.0026717 0
0.0026773 0
0.0026829 0
0.0026886 0
0.0026942 0
0.0026998 0
0.0027054 0
0.0027111 0
0.0027167 0
0.0027223 0
0.002728 0
0.0027336 0
0.0027392 0
0.0027448 0
0.0027505 0
0.0027561 0
0.0027617 0
0.0027674 0
0.002773 0
0.0027786 0
0.0027842 0
0.0027899 0
0.0027955 0
0.0028011 0
0.0028068 0
0.0028124 0
0.002818 0
0.0028236 0
0.0028293 0
0.0028349 0
0.0028405 0
0.0028462 0
0.0028518 0
0.0028574 0
0.002863 0
0.0028687 0
0.0028743 0
0.0028799 0
0.0028856 0
0.0028912 0
0.0028968 0
0.0029024 0
0.0029081 0
0.0029137 0
0.0029193 0
0.002925 0
0.0029306 0
0.0029362 0
0.0029418 0
0.0029475 0
0.0029531 0
0.0029587 0
0.0029644 0
0.00297 0
0.0029756 0
0.0029812 0
0.0029869 0
0.0029925 0
0.0029981 0
0.0030038 0
0.0030094 0
0.003015 0
0.0030206 0
0.0030263 0
0.0030319 0
0.0030375 0
0.0030432 0
0.0030488 0
0.0030544 0
0.00306 0
0.0030657 0
0.0030713 0
0.0030769 0
0.0030826 0
0.0030882 0
0.0030938 0
0.0030994 0
0.0031051 0
0.0031107 0
0.0031163 0
0.003122 0
0.0031276 0
0.0031332 0
0.0031388 0
0.0031445 0
0.0031501 0
0.0031557 0
0.0031614 0
0.003167 0
0.0031726 0
0.0031782 0
0.0031839 0
0.0031895 0
0.0031951 0
0.0032008 0
0.0032064 0
0.003212 0
0.0032176 0
0.0032233 0
0.0032289 0
0.0032345 0
0.0032402 0
0.0032458 0
0.0032514 0
0.003257 0
0.0032627 0
0.0032683 0
0.0032739 0
0.0032795 0
0.0032852 0
0.0032908 0
0.0032964 0
0.0033021 0
0.0033077 0
0.0033133 0
0.0033189 0
0.0033246 0
0.0033302 0
0.0033358 0
0.0033415 0
0.0033471 0
0.0033527 0
0.0033583 0
0.003364 0
0.0033696 0
0.0033752 0
0.0033809 0
0.0033865 0
0.0033921 0
0.0033977 0
0.0034034 0
0.003409 0
0.0034146 0
0.0034203 0
0.0034259 0
0.0034315 0
0.0034371 0
0.0034428 0
0.0034484 0
0.003454 0
0.0034597 0
0.0034653 0
0.0034709 0
0.0034765 0
0.0034822 0
0.0034878 0
0.0034934 0
0.0034991 0
0.0035047 0
0.0035103 0
0.0035159 0
0.0035216 0
0.0035272 0
0.0035328 0
0.0035385 0
0.0035441 0
0.0035497 0
0.0035553 0
0.003561 0
0.0035666 0
0.0035722 0
0.0035779 0
0.0035835 0
0.0035891 0
0.0035947 0
0.0036004 0
0.003606 0
0.0036116 0
0.0036173 0
0.0036229 0
0.0036285 0
0.0036341 0
0.0036398 0
0.0036454 0
0.003651 0
0.0036567 0
0.0036623 0
0.0036679 0
0.0036735 0
0.0036792 0
0.0036848 0
0.0036904 0
0.0036961 0
0.0037017 0
0.0037073 0
0.0037129 0
0.0037186 0
0.0037242 0
0.0037298 0
0.0037355 0
0.0037411 0
0.0037467 0
0.0037523 0
0.003758 0
0.0037636 0
0.0037692 0
0.0037749 0
0.0037805 0
0.0037861 0
0.0037917 0
0.0037974 0
0.003803 0
0.0038086 0
0.0038143 0
0.0038199 0
0.0038255 0
0.0038311 0
0.0038368 0
0.0038424 0
0.003848 0
0.0038537 0
0.0038593 0
0.0038649 0
0.0038705 0
0.0038762 0
0.0038818 0
0.0038874 0
0.0038931 0
0.0038987 0
0.0039043 0
0.0039099 0
0.0039156 0
0.0039212 0
0.0039268 0
0.0039325 0
0.0039381 0
0.0039437 0
0.0039493 0
0.003955 0
0.0039606 0
0.0039662 0
0.0039719 0
0.0039775 0
0.0039831 0
0.0039887 0
0.0039944 0
0.004 0
0.0040056 0
0.0040113 0
0.0040169 0
0.0040225 0
0.0040281 0
0.0040338 0
0.0040394 0
0.004045 0
0.0040507 0
0.0040563 0
0.0040619 0
0.0040675 0
0.0040732 0
0.0040788 0
0.0040844 0
0.0040901 0
0.0040957 0
0.0041013 0
0.0041069 0
0.0041126 0
0.0041182 0
0.0041238 0
0.0041295 0
0.0041351 1e-07
0.0041407 1e-07
0.0041463 1e-07
0.004152 1e-07
0.0041576 2e-07
0.0041632 2e-07
0.0041689 3e-07
0.0041745 4e-07
0.0041801 5e-07
0.0041857 6e-07
0.0041914 8e-07
0.004197 9e-07
0.0042026 1.1e-06
0.0042083 1.2e-06
0.0042139 1.4e-06
0.0042195 1.6e-06
0.0042251 1.7e-06
0.0042308 1.9e-06
0.0042364 2.1e-06
0.004242 2.2e-06
0.0042477 2.4e-06
0.0042533 2.6e-06
0.0042589 2.8e-06
0.0042645 3.1e-06
0.0042702 3.3e-06
0.0042758 3.6e-06
0.0042814 4e-06
0.0042871 4.4e-06
0.0042927 4.9e-06
0.0042983 5.4e-06
0.0043039 6e-06
0.0043096 6.6e-06
0.0043152 7.4e-06
0.0043208 8e-06
0.0043265 8.7e-06
0.0043321 9.5e-06
0.0043377 1.03e-05
0.0043433 1.07e-05
0.004349 1.11e-05
0.0043546 1.15e-05
0.0043602 1.19e-05
0.0043659 1.18e-05
0.0043715 1.16e-05
0.0043771 1.14e-05
0.0043827 1.12e-05
0.0043884 1.07e-05
0.004394 1.01e-05
0.0043996 9.6e-06
0.0044053 9.1e-06
0.0044109 8.7e-06
0.0044165 8.3e-06
0.0044221 7.9e-06
0.0044278 7.6e-06
0.0044334 7.4e-06
0.004439 7.2e-06
0.0044447 7.1e-06
0.0044503 7e-06
0.0044559 7e-06
0.0044615 7e-06
0.0044672 7e-06
0.0044728 7e-06
0.0044784 7.1e-06
0.0044841 7.1e-06
0.0044897 7.1e-06
0.0044953 7.1e-06
0.0045009 6.9e-06
0.0045066 6.8e-06
0.0045122 6.6e-06
0.0045178 6.4e-06
0.0045235 6.1e-06
0.0045291 5.8e-06
0.0045347 5.5e-06
0.0045403 5.2e-06
0.004546 4.9e-06
0.0045516 4.6e-06
0.0045572 4.4e-06
0.0045629 4.1e-06
0.0045685 4e-06
0.0045741 3.9e-06
0.0045797 3.7e-06
0.0045854 3.6e-06
0.004591 3.6e-06
0.0045966 3.6e-06
0.0046023 3.7e-06
0.0046079 3.7e-06
0.0046135 3.8e-06
0.0046191 3.9e-06
0.0046248 4.1e-06
0.0046304 4.2e-06
0.004636 4.4e-06
0.0046417 4.6e-06
0.0046473 4.8e-06
0.0046529 5e-06
0.0046585 5.3e-06
0.0046642 5.5e-06
0.0046698 5.7e-06
0.0046754 6e-06
0.0046811 6.2e-06
0.0046867 6.4e-06
0.0046923 6.6e-06
0.0046979 6.8e-06
0.0047036 7.1e-06
0.0047092 7.3e-06
0.0047148 7.5e-06
0.0047205 7.8e-06
0.0047261 8.1e-06
0.0047317 8.4e-06
0.0047373 8.7e-06
0.004743 9e-06
0.0047486 9.4e-06
0.0047542 9.9e-06
0.0047598 1.04e-05
0.0047655 1.09e-05
0.0047711 1.15e-05
0.0047767 1.21e-05
0.0047824 1.28e-05
0.004788 1.35e-05
0.0047936 1.43e-05
0.0047992 1.51e-05
0.0048049 1.6e-05
0.0048105 1.69e-05
0.0048161 1.79e-05
0.0048218 1.89e-05
0.0048274 1.99e-05
0.004833 2.1e-05
0.0048386 2.21e-05
0.0048443 2.32e-05
0.0048499 2.44e-05
0.0048555 2.56e-05
0.0048612 2.68e-05
0.0048668 2.8e-05
0.0048724 2.92e-05
0.004878 3.05e-05
0.0048837 3.17e-05
0.0048893 3.3e-05
0.0048949 3.43e-05
0.0049006 3.57e-05
0.0049062 3.7e-05
0.0049118 3.84e-05
0.0049174 3.98e-05
0.0049231 4.13e-05
0.0049287 4.28e-05
0.0049343 4.42e-05
0.00494 4.58e-05
0.0049456 4.74e-05
0.0049512 4.89e-05
0.0049568 5.05e-05
0.0049625 5.22e-05
0.0049681 5.39e-05
0.0049737 5.57e-05
0.0049794 5.74e-05
0.004985 5.93e-05
0.0049906 6.11e-05
0.0049962 6.31e-05
0.0050019 6.51e-05
0.0050075 6.71e-05
0.0050131 6.92e-05
0.0050188 7.14e-05
0.0050244 7.37e-05
0.00503 7.61e-05
0.0050356 7.85e-05
0.0050413 8.12e-05
0.0050469 8.39e-05
0.0050525 8.68e-05
0.0050582 8.98e-05
0.0050638 9.31e-05
0.0050694 9.67e-05
0.005075 0.0001005
0.0050807 0.0001043
0.0050863 0.0001088
0.0050919 0.0001137
0.0050976 0.0001188
0.0051032 0.0001241
0.0051088 0.0001303
0.0051144 0.0001372
0.0051201 0.0001444
0.0051257 0.000152
0.0051313 0.0001606
0.005137 0.0001701
0.0051426 0.0001803
0.0051482 0.000191
0.0051538 0.0002029
0.0051595 0.000216
0.0051651 0.0002299
0.0051707 0.0002448
0.0051764 0.0002611
0.005182 0.0002789
0.0051876 0.0002979
0.0051932 0.0003182
0.0051989 0.0003405
0.0052045 0.0003648
0.0052101 0.0003909
0.0052158 0.0004189
0.0052214 0.0004496
0.005227 0.0004833
0.0052326 0.0005194
0.0052383 0.0005582
0.0052439 0.0006007
0.0052495 0.0006468
0.0052552 0.0006964
0.0052608 0.0007499
0.0052664 0.0008071
0.005272 0.0008683
0.0052777 0.0009342
0.0052833 0.0010051
0.0052889 0.0010793
0.0052946 0.0011573
0.0053002 0.001241
0.0053058 0.0013308
0.0053114 0.0014243
0.0053171 0.0015223
0.0053227 0.001627
0.0053283 0.0017388
0.005334 0.0018576
0.0053396 0.0019837
0.0053452 0.0021184
0.0053508 0.0022623
0.0053565 0.0024182
0.0053621 0.002587
0.0053677 0.0027676
0.0053734 0.0029607
0.005379 0.0031699
0.0053846 0.0033962
0.0053902 0.0036387
0.0053959 0.0038985
0.0054015 0.0041699
0.0054071 0.0044535
0.0054128 0.0047565
0.0054184 0.0050801
0.005424 0.0053979
0.0054296 0.0057089
0.0054353 0.0060379
0.0054409 0.0063859
0.0054465 0.0067127
0.0054522 0.0070163
0.0054578 0.0073337
0.0054634 0.0076654
0.005469 0.0079893
0.0054747 0.0083042
0.0054803 0.0086315
0.0054859 0.0089718
0.0054916 0.009349
0.0054972 0.0097664
0.0055028 0.0102024
0.0055084 0.0106578
0.0055141 0.0112119
0.0055197 0.0118791
0.0055253 0.012586
0.005531 0.0133349
0.0055366 0.0142428
0.0055422 0.0153415
0.0055478 0.0165248
0.0055535 0.0177994
0.0055591 0.0192399
0.0055647 0.020876
0.0055704 0.0226512
0.005576 0.0245773
0.0055816 0.026547
0.0055872 0.0285312
0.0055929 0.0306636
0.0055985 0.0329555
0.0056041 0.035121
0.0056098 0.0370689
0.0056154 0.0391249
0.005621 0.0412949
0.0056266 0.0433672
0.0056323 0.0452746
0.0056379 0.0472659
0.0056435 0.0493448
0.0056492 0.0515795
0.0056548 0.0539973
0.0056604 0.0565286
0.005666 0.0591784
0.0056717 0.0623004
0.0056773 0.0660491
0.0056829 0.0700235
0.0056886 0.074237
0.0056942 0.0791806
0.0056998 0.0851151
0.0057054 0.0914944
0.0057111 0.0983518
0.0057167 0.1060038
0.0057223 0.1146557
0.005728 0.1240138
0.0057336 0.1341357
0.0057392 0.1447765
0.0057448 0.1558068
0.0057505 0.1676775
0.0057561 0.1804526
0.0057617 0.1932674
0.0057674 0.2055826
0.005773 0.2186826
0.0057786 0.2326172
0.0057842 0.2463833
0.0057899 0.2593355
0.0057955 0.2729685
0.0058011 0.2873182
0.0058068 0.3018028
0.0058124 0.316038
0.005818 0.3309446
0.0058236 0.3465543
0.0058293 0.3628838
0.0058349 0.3799557
0.0058405 0.3978308
0.0058462 0.4165468
0.0058518 0.4364739
0.0058574 0.4579119
0.005863 0.4804029
0.0058687 0.5039985
0.0058743 0.528859
0.0058799 0.5551303
0.0058856 0.5827066
0.0058912 0.6116529
0.0058968 0.6411881
0.0059024 0.6706266
0.0059081 0.7014167
0.0059137 0.7336204
0.0059193 0.7649801
0.005925 0.7934095
0.0059306 0.8228954
0.0059362 0.8534771
0.0059418 0.8816187
0.0059475 0.9039666
0.0059531 0.9268809
0.0059587 0.9503761
0.0059644 0.970762
0.00597 0.9844673
0.0059756 0.998366
0.0059812 1.012461
0.0059869 1.0242674
0.0059925 1.0313078
0.0059981 1.0383965
0.0060038 1.045534
0.0060094 1.0519434
0.006015 1.0568124
0.0060206 1.0617039
0.0060263 1.0666181
0.0060319 1.0717241
0.0060375 1.0772103
0.0060432 1.0827246
0.0060488 1.0882671
0.0060544 1.0934252
0.00606 1.0977095
0.0060657 1.1020105
0.0060713 1.1063284
0.0060769 1.1084325
0.0060826 1.105542
0.0060882 1.1026589
0.0060938 1.0997834
0.0060994 1.0933074
0.0061051 1.0785758
0.0061107 1.0640427
0.0061163 1.0497055
0.006122 1.0330171
0.0061276 1.0105845
0.0061332 0.988639
0.0061388 0.9671701
0.0061445 0.9468641
0.0061501 0.9286921
0.0061557 0.9108688
0.0061614 0.8933875
0.006167 0.8800562
0.0061726 0.8767494
0.0061782 0.8734551
0.0061839 0.8701732
0.0061895 0.8722864
0.0061951 0.8891108
0.0062008 0.9062598
0.0062064 0.9237395
0.006212 0.9468375
0.0062176 0.9858319
0.0062233 1.0264323
0.0062289 1.0687047
0.0062345 1.1161702
0.0062402 1.1763059
0.0062458 1.2396815
0.0062514 1.3064716
0.006257 1.3768606
0.0062627 1.4510437
0.0062683 1.5292236
0.0062739 1.6116158
0.0062795 1.695372
0.0062852 1.7733092
0.0062908 1.8548291
0.0062964 1.9400967
0.0063021 2.0269376
0.0063077 2.10962
0.0063133 2.1956751
0.0063189 2.2852405
0.0063246 2.3810019
0.0063302 2.4898925
0.0063358 2.603763
0.0063415 2.7228411
0.0063471 2.8560474
0.0063527 3.0286596
0.0063583 3.211704
0.006364 3.4058112
0.0063696 3.6253812
0.0063752 3.9144159
0.0063809 4.226494
0.0063865 4.5634527
0.0063921 4.9426695
0.0063977 5.4193623
0.0064034 5.9420295
0.006409 6.5151049
0.0064146 7.1516314
0.0064203 7.8874128
0.0064259 8.6988935
0.0064315 9.5938619
0.0064371 10.5672569
0.0064428 11.5746824
0.0064484 12.6781505
0.006454 13.8868172
0.0064597 15.1695061
0.0064653 16.3677751
0.0064709 17.6606978
0.0064765 19.0557509
0.0064822 20.5105073
0.0064878 21.81823
0.0064934 23.2093314
0.0064991 24.6891276
0.0065047 26.2301627
0.0065103 27.6905733
0.0065159 29.232295
0.0065216 30.8598547
0.0065272 32.5737105
0.0065328 34.3584324
0.0065385 36.2409396
0.0065441 38.2265898
0.0065497 40.338219
0.0065553 42.669096
0.006561 45.1346589
0.0065666 47.7426902
0.0065722 50.5220156
0.0065779 53.5940784
0.0065835 56.8529423
0.0065891 60.309966
0.0065947 63.9871123
0.0066004 67.9556929
0.006606 72.1704111
0.0066116 76.6465327
0.0066173 81.4081096
0.0066229 86.5223307
0.0066285 91.9578373
0.0066341 97.7348134
0.0066398 103.9118706
0.0066454 110.7686667
0.006651 118.0779199
0.0066567 125.8694861
0.0066623 134.2727747
0.0066679 144.0586302
0.0066735 154.5576829
0.0066792 165.8219109
0.0066848 178.0793731
0.0066904 192.8228923
0.0066961 208.7870546
0.0067017 226.0729193
0.0067073 245.0370348
0.0067129 268.0772382
0.0067186 293.2838528
0.0067242 320.8605807
0.0067298 351.3430962
0.0067355 388.1925437
0.0067411 428.9068225
0.0067467 473.8912824
0.0067523 523.9321095
0.006758 583.4217955
0.0067636 649.6662168
0.0067692 723.4323376
0.0067749 805.7850744
0.0067805 900.4064927
0.0067861 1006.1390783
0.0067917 1124.2875891
0.0067974 1256.0040635
0.006803 1398.4513988
0.0068086 1557.0541302
0.0068143 1733.6444918
0.0068199 1928.8452248
0.0068255 2121.5359113
0.0068311 2333.4763022
0.0068368 2566.5894336
0.0068424 2820.1316465
0.006848 3042.7191897
0.0068537 3282.8751378
0.0068593 3541.9861309
0.0068649 3817.6943967
0.0068705 4027.9169043
0.0068762 4249.7153783
0.0068818 4483.7272531
0.0068874 4726.5402305
0.0068931 4873.5249047
0.0068987 5025.0804687
0.0069043 5181.3490667
0.0069099 5338.4387946
0.0069156 5367.7750883
0.0069212 5397.2725935
0.0069268 5426.9321962
0.0069325 5452.9941151
0.0069381 5317.9134769
0.0069437 5186.1790332
0.0069493 5057.7078925
0.006955 4929.8023616
0.0069606 4640.975958
0.0069662 4369.0712656
0.0069719 4113.096878
0.0069775 3871.1645474
0.0069831 3526.7515635
0.0069887 3212.9806
0.0069944 2927.1254724
0.007 2666.7025413
0.0070056 2377.8334235
0.0070113 2120.2558974
0.0070169 1890.5803183
0.0070225 1685.7842227
0.0070281 1492.9940924
0.0070338 1322.1838237
0.0070394 1170.9155933
0.007045 1036.9536385
0.0070507 921.9995969
0.0070563 819.8391461
0.0070619 728.9983941
0.0070675 648.2230827
0.0070732 580.6718361
0.0070788 520.2487813
0.0070844 466.1131772
0.0070901 417.6107697
0.0070957 375.5773085
0.0071013 337.8143399
0.0071069 303.8483042
0.0071126 273.297433
0.0071182 245.2603116
0.0071238 220.0799321
0.0071295 197.4847713
0.0071351 177.2094098
0.0071407 158.3696074
0.0071463 141.5055157
0.007152 126.4372079
0.0071576 112.9734588
0.0071632 101.1164221
0.0071689 90.5124419
0.0071745 81.0204908
0.0071801 72.5239513
0.0071857 65.758137
0.0071914 59.672572
0.007197 54.1501935
0.0072026 49.1388818
0.0072083 45.718584
0.0072139 42.6135003
0.0072195 39.7193056
0.0072251 37.0216769
0.0072308 35.6594251
0.0072364 34.439136
0.007242 33.2606059
0.0072477 32.122406
0.0072533 31.9790015
0.0072589 31.923463
0.0072645 31.8680208
0.0072702 31.812675
0.0072758 32.2946043
0.0072814 32.8384156
0.0072871 33.3913841
0.0072927 33.9536641
0.0072983 34.5964629
0.0073039 35.2592827
0.0073096 35.9348012
0.0073152 36.6232617
0.0073208 37.1669797
0.0073265 37.6999584
0.0073321 38.24058
0.0073377 38.7889542
0.0073433 39.2233367
0.007349 39.6469474
0.0073546 40.0751331
0.0073602 40.5079432
0.0073659 40.9170152
0.0073715 41.326295
0.0073771 41.7396687
0.0073827 42.1571773
0.0073884 42.5141382
0.007394 42.8645643
0.0073996 43.2178788
0.0074053 43.5741056
0.0074109 43.6620745
0.0074165 43.7078397
0.0074221 43.7536529
0.0074278 43.7995141
0.0074334 43.3860935
0.007439 42.9012077
0.0074447 42.4217409
0.0074503 41.9476327
0.0074559 41.0716822
0.0074615 40.1438764
0.0074672 39.2370296
0.0074728 38.3506684
0.0074784 37.2930557
0.0074841 36.22984
0.0074897 35.1969363
0.0074953 34.1934805
0.0075009 33.2111787
0.0075066 32.2556615
0.0075122 31.3276355
0.0075178 30.4263096
0.0075235 29.6176434
0.0075291 28.8440698
0.0075347 28.0907008
0.0075403 27.3570089
0.007546 26.6694961
0.0075516 26.005064
0.0075572 25.3571852
0.0075629 24.7254474
0.0075685 24.030377
0.0075741 23.3370929
0.0075797 22.6638104
0.0075854 22.0099522
0.007591 21.2518758
0.0075966 20.4911351
0.0076023 19.7576261
0.0076079 19.0503742
0.0076135 18.3206709
0.0076191 17.6072359
0.0076248 16.9215832
0.0076304 16.2626308
0.007636 15.6724861
0.0076417 15.1148646
0.0076473 14.5770831
0.0076529 14.0584357
0.0076585 13.6099375
0.0076642 13.1897369
0.0076698 12.7825097
0.0076754 12.3878555
0.0076811 11.9664124
0.0076867 11.5483648
0.0076923 11.1449216
0.0076979 10.7555728
0.0077036 10.2221584
0.0077092 9.6701087
0.0077148 9.1478726
0.0077205 8.65384
0.0077261 8.018825
0.0077317 7.3818511
0.0077373 6.7954752
0.007743 6.2556779
0.0077486 5.6892529
0.0077542 5.1534229
0.0077598 4.6680589
0.0077655 4.2284079
0.0077711 3.8340399
0.0077767 3.4776609
0.0077824 3.1544077
0.007788 2.8612014
0.0077936 2.6119934
0.0077992 2.3899744
0.0078049 2.1868269
0.0078105 2.0009469
0.0078161 1.8347061
0.0078218 1.6835852
0.0078274 1.5449118
0.007833 1.4176607
0.0078386 1.2930635
0.0078443 1.1766769
0.0078499 1.0707661
0.0078555 0.9743882
0.0078612 0.8789075
0.0078668 0.789994
0.0078724 0.7100754
0.007878 0.6382416
0.0078837 0.5731474
0.0078893 0.5144958
0.0078949 0.4618462
0.0079006 0.4145843
0.0079062 0.3766389
0.0079118 0.343932
0.0079174 0.3140654
0.0079231 0.2867923
0.0079287 0.2669831
0.0079343 0.2506856
0.00794 0.235383
0.0079456 0.2210145
0.0079512 0.2110586
0.0079568 0.2031287
0.0079625 0.1954967
0.0079681 0.1881515
0.0079737 0.1824728
0.0079794 0.1776134
0.007985 0.1728834
0.0079906 0.1682794
0.0079962 0.1633645
0.0080019 0.1583855
0.0080075 0.1535583
0.0080131 0.1488782
0.0080188 0.1433372
0.0080244 0.1375111
0.00803 0.1319217
0.0080356 0.1265596
0.0080413 0.1212416
0.0080469 0.1160591
0.0080525 0.1110982
0.0080582 0.1063493
0.0080638 0.1028143
0.0080694 0.099935
0.008075 0.0971364
0.0080807 0.0944161
0.0080863 0.0934565
0.0080919 0.0934618
0.0080976 0.0934671
0.0081032 0.0934723
0.0081088 0.0951137
0.0081144 0.0977685
0.0081201 0.1004973
0.0081257 0.1033023
0.0081313 0.1069157
0.008137 0.1111131
0.0081426 0.1154753
0.0081482 0.1200088
0.0081538 0.123802
0.0081595 0.1271296
0.0081651 0.1305466
0.0081707 0.1340554
0.0081764 0.1355928
0.008182 0.1358229
0.0081876 0.1360535
0.0081932 0.1362844
0.0081989 0.1350327
0.0082045 0.1328279
0.0082101 0.1306591
0.0082158 0.1285257
0.0082214 0.1263918
0.008227 0.1242695
0.0082326 0.1221828
0.0082383 0.1201312
0.0082439 0.1189431
0.0082495 0.1183491
0.0082552 0.1177581
0.0082608 0.11717
0.0082664 0.1172217
0.008272 0.1177389
0.0082777 0.1182583
0.0082833 0.1187801
0.0082889 0.1189264
0.0082946 0.11879
0.0083002 0.1186537
0.0083058 0.1185176
0.0083114 0.1170556
0.0083171 0.1146088
0.0083227 0.1122133
0.0083283 0.1098678
0.008334 0.1062863
0.0083396 0.101841
0.0083452 0.0975817
0.0083508 0.0935005
0.0083565 0.0890534
0.0083621 0.0843999
0.0083677 0.0799897
0.0083734 0.0758098
0.008379 0.0719533
0.0083846 0.0683773
0.0083902 0.0649791
0.0083959 0.0617497
0.0084015 0.0590612
0.0084071 0.0568093
0.0084128 0.0546433
0.0084184 0.0525599
0.008424 0.0509475
0.0084296 0.0497287
0.0084353 0.048539
0.0084409 0.0473778
0.0084465 0.0464944
0.0084522 0.0458563
0.0084578 0.045227
0.0084634 0.0446063
0.008469 0.0440287
0.0084747 0.0434914
0.0084803 0.0429606
0.0084859 0.0424363
0.0084916 0.0417599
0.0084972 0.0409412
0.0085028 0.0401386
0.0085084 0.0393517
0.0085141 0.0383627
0.0085197 0.0371845
0.0085253 0.0360425
0.008531 0.0349356
0.0085366 0.0337638
0.0085422 0.0325315
0.0085478 0.0313443
0.0085535 0.0302004
0.0085591 0.0292086
0.0085647 0.0283649
0.0085704 0.0275457
0.008576 0.0267501
0.0085816 0.0262645
0.0085872 0.0261046
0.0085929 0.0259457
0.0085985 0.0257878
0.0086041 0.0260122
0.0086098 0.0266861
0.0086154 0.0273774
0.008621 0.0280866
0.0086266 0.0291977
0.0086323 0.0308298
0.0086379 0.0325533
0.0086435 0.0343731
0.0086492 0.03654
0.0086548 0.0391633
0.0086604 0.041975
0.008666 0.0449886
0.0086717 0.0481384
0.0086773 0.0514015
0.0086829 0.0548858
0.0086886 0.0586063
0.0086942 0.0621786
0.0086998 0.0654231
0.0087054 0.068837
0.0087111 0.0724291
0.0087167 0.0759191
0.0087223 0.0791747
0.008728 0.0825698
0.0087336 0.0861105
0.0087392 0.0901251
0.0087448 0.0947922
0.0087505 0.0997009
0.0087561 0.1048639
0.0087617 0.1114199
0.0087674 0.120103
0.008773 0.1294628
0.0087786 0.139552
0.0087842 0.1522708
0.0087899 0.1691357
0.0087955 0.1878684
0.0088011 0.2086759
0.0088068 0.2335813
0.0088124 0.2645183
0.008818 0.2995528
0.0088236 0.3392275
0.0088293 0.3830836
0.0088349 0.430728
0.0088405 0.484298
0.0088462 0.5445305
0.0088518 0.6041544
0.0088574 0.6561061
0.008863 0.7125253
0.0088687 0.773796
0.0088743 0.8268506
0.0088799 0.860132
0.0088856 0.8947531
0.0088912 0.9307677
0.0088968 0.9571086
0.0089024 0.9648919
0.0089081 0.9727384
0.0089137 0.9806487
0.0089193 0.9828979
0.008925 0.9750713
0.0089306 0.9673071
0.0089362 0.9596047
0.0089418 0.9488095
0.0089475 0.9324559
0.0089531 0.9163843
0.0089587 0.9005896
0.0089644 0.8812063
0.00897 0.8551402
0.0089756 0.829845
0.0089812 0.8052982
0.0089869 0.7764049
0.0089925 0.7390761
0.0089981 0.7035421
0.0090038 0.6697166
0.0090094 0.633327
0.009015 0.5909788
0.0090206 0.5514623
0.0090263 0.5145881
0.0090319 0.4783447
0.0090375 0.4411049
0.0090432 0.4067644
0.0090488 0.3750973
0.0090544 0.3457928
0.00906 0.3185728
0.0090657 0.2934954
0.0090713 0.2703921
0.0090769 0.2495967
0.0090826 0.2314173
0.0090882 0.214562
0.0090938 0.1989343
0.0090994 0.1849357
0.0091051 0.1729876
0.0091107 0.1618115
0.0091163 0.1513574
0.009122 0.1419418
0.0091276 0.133936
0.0091332 0.1263817
0.0091388 0.1192536
0.0091445 0.1128044
0.0091501 0.1073617
0.0091557 0.1021816
0.0091614 0.0972514
0.009167 0.0928004
0.0091726 0.0891532
0.0091782 0.0856494
0.0091839 0.0822832
0.0091895 0.0792664
0.0091951 0.0769262
0.0092008 0.074655
0.0092064 0.072451
0.009212 0.0704901
0.0092176 0.06907
0.0092233 0.0676785
0.0092289 0.0663151
0.0092345 0.0651013
0.0092402 0.0642602
0.0092458 0.0634299
0.0092514 0.0626104
0.009257 0.0618593
0.0092627 0.0612907
0.0092683 0.0607273
0.0092739 0.0601691
0.0092795 0.0596136
0.0092852 0.0590554
0.0092908 0.0585024
0.0092964 0.0579546
0.0093021 0.0573661
0.0093077 0.0566345
0.0093133 0.0559121
0.0093189 0.055199
0.0093246 0.0544319
0.0093302 0.0534624
0.0093358 0.0525103
0.0093415 0.051575
0.0093471 0.0506032
0.0093527 0.0494626
0.0093583 0.0483477
0.009364 0.0472579
0.0093696 0.0461664
0.0093752 0.0450037
0.0093809 0.0438704
0.0093865 0.0427656
0.0093921 0.0416882
0.0093977 0.0406363
0.0094034 0.0396109
0.009409 0.0386114
0.0094146 0.0376454
0.0094203 0.0367367
0.0094259 0.03585
0.0094315 0.0349847
0.0094371 0.0341398
0.0094428 0.0333132
0.0094484 0.0325067
0.009454 0.0317197
0.0094597 0.0309392
0.0094653 0.0301224
0.0094709 0.0293271
0.0094765 0.0285529
0.0094822 0.0277822
0.0094878 0.0269541
0.0094934 0.0261507
0.0094991 0.0253713
0.0095047 0.0246004
0.0095103 0.0237811
0.0095159 0.0229891
0.0095216 0.0222235
0.0095272 0.0214702
0.0095328 0.0206745
0.0095385 0.0199083
0.0095441 0.0191705
0.0095497 0.0184449
0.0095553 0.0176644
0.009561 0.0169169
0.0095666 0.0162011
0.0095722 0.0154999
0.0095779 0.0147395
0.0095835 0.0140163
0.0095891 0.0133286
0.0095947 0.0126646
0.0096004 0.0119726
0.009606 0.0113185
0.0096116 0.0107
0.0096173 0.0101128
0.0096229 0.0095408
0.0096285 0.0090012
0.0096341 0.008492
0.0096398 0.0080125
0.0096454 0.0075653
0.009651 0.0071431
0.0096567 0.0067444
0.0096623 0.0063678
0.0096679 0.0060111
0.0096735 0.0056743
0.0096792 0.0053565
0.0096848 0.0050543
0.0096904 0.0047527
0.0096961 0.0044692
0.0097017 0.0042025
0.0097073 0.0039499
0.0097129 0.0036966
0.0097186 0.0034595
0.0097242 0.0032377
0.0097298 0.0030301
0.0097355 0.002836
0.0097411 0.0026544
0.0097467 0.0024844
0.0097523 0.0023264
0.009758 0.0021903
0.0097636 0.0020622
0.0097692 0.0019415
0.0097749 0.001829
0.0097805 0.0017355
0.0097861 0.0016467
0.0097917 0.0015625
0.0097974 0.0014832
0.009803 0.0014154
0.0098086 0.0013506
0.0098143 0.0012888
0.0098199 0.00123
0.0098255 0.0011749
0.0098311 0.0011223
0.0098368 0.001072
0.0098424 0.0010238
0.009848 0.0009737
0.0098537 0.000926
0.0098593 0.0008806
0.0098649 0.0008372
0.0098705 0.0007897
0.0098762 0.000745
0.0098818 0.0007028
0.0098874 0.0006628
0.0098931 0.0006203
0.0098987 0.0005805
0.0099043 0.0005433
0.0099099 0.0005083
0.0099156 0.0004736
0.0099212 0.0004412
0.0099268 0.000411
0.0099325 0.0003829
0.0099381 0.0003567
0.0099437 0.0003323
0.0099493 0.0003095
0.009955 0.0002883
0.0099606 0.0002694
0.0099662 0.0002518
0.0099719 0.0002353
0.0099775 0.0002199
0.0099831 0.0002064
0.0099887 0.0001938
0.0099944 0.000182
0.01 0.0001709
