0.001 0
0.0010056 0
0.0010113 0
0.0010169 0
0.0010225 0
0.0010281 0
0.0010338 0
0.0010394 0
0.001045 0
0.0010507 0
0.0010563 0
0.0010619 0
0.0010675 0
0.0010732 0
0.0010788 0
0.0010844 0
0.0010901 0
0.0010957 0
0.0011013 0
0.0011069 0
0.0011126 0
0.0011182 0
0.0011238 0
0.0011295 0
0.0011351 0
0.0011407 0
0.0011463 0
0.001152 0
0.0011576 0
0.0011632 0
0.0011689 0
0.0011745 0
0.0011801 0
0.0011857 0
0.0011914 0
0.001197 0
0.0012026 0
0.0012083 0
0.0012139 0
0.0012195 0
0.0012251 0
0.0012308 0
0.0012364 0
0.001242 0
0.0012477 0
0.0012533 0
0.0012589 0
0.0012645 0
0.0012702 0
0.0012758 0
0.0012814 0
0.0012871 0
0.0012927 0
0.0012983 0
0.0013039 0
0.0013096 0
0.0013152 0
0.0013208 0
0.0013265 0
0.0013321 0
0.0013377 0
0.0013433 0
0.001349 0
0.0013546 0
0.0013602 0
0.0013659 0
0.0013715 0
0.0013771 0
0.0013827 0
0.0013884 0
0.001394 0
0.0013996 0
0.0014053 0
0.0014109 0
0.0014165 0
0.0014221 0
0.0014278 0
0.0014334 0
0.001439 0
0.0014447 0
0.0014503 0
0.0014559 0
0.0014615 0
0.0014672 0
0.0014728 0
0.0014784 0
0.0014841 0
0.0014897 0
0.0014953 0
0.0015009 0
0.0015066 0
0.0015122 0
0.0015178 0
0.0015235 0
0.0015291 0
0.0015347 0
0.0015403 0
0.001546 0
0.0015516 0
0.0015572 0
0.0015629 0
0.0015685 0
0.0015741 0
0.0015797 0
0.0015854 0
0.001591 0
0.0015966 0
0.0016023 0
0.0016079 0
0.0016135 0
0.0016191 0
0.0016248 0
0.0016304 0
0.001636 0
0.0016417 0
0.0016473 0
0.0016529 0
0.0016585 0
0.0016642 0
0.0016698 0
0.0016754 0
0.0016811 0
0.0016867 0
0.0016923 0
0.0016979 0
0.0017036 0
0.0017092 0
0.0017148 0
0.0017205 0
0.0017261 0
0.0017317 0
0.0017373 0
0.001743 0
0.0017486 0
0.0017542 0
0.0017598 0
0.0017655 0
0.0017711 0
0.0017767 0
0.0017824 0
0.001788 0
0.0017936 0
0.0017992 0
0.0018049 0
0.0018105 0
0.0018161 0
0.0018218 0
0.0018274 0
0.001833 0
0.0018386 0
0.0018443 0
0.0018499 0
0.0018555 0
0.0018612 0
0.0018668 0
0.0018724 0
0.001878 0
0.0018837 0
0.0018893 0
0.0018949 0
0.0019006 0
0.0019062 0
0.0019118 0
0.0019174 0
0.0019231 0
0.0019287 0
0.0019343 0
0.00194 0
0.0019456 0
0.0019512 0
0.0019568 0
0.0019625 0
0.0019681 0
0.0019737 0
0.0019794 0
0.001985 0
0.0019906 0
0.0019962 0
0.0020019 0
0.0020075 0
0.0020131 0
0.0020188 0
0.0020244 0
0.00203 0
0.0020356 0
0.0020413 0
0.0020469 0
0.0020525 0
0.0020582 0
0.0020638 0
0.0020694 0
0.002075 0
0.0020807 0
0.0020863 0
0.0020919 0
0.0020976 0
0.0021032 0
0.0021088 0
0.0021144 0
0.0021201 0
0.0021257 0
0.0021313 0
0.002137 0
0.0021426 0
0.0021482 0
0.0021538 0
0.0021595 0
0.0021651 0
0.0021707 0
0.0021764 0
0.002182 0
0.0021876 0
0.0021932 0
0.0021989 0
0.0022045 0
0.0022101 0
0.0022158 0
0.0022214 0
0.002227 0
0.0022326 0
0.0022383 0
0.0022439 0
0.0022495 0
0.0022552 0
0.0022608 0
0.0022664 0
0.002272 0
0.0022777 0
0.0022833 0
0.0022889 0
0.0022946 0
0.0023002 0
0.0023058 0
0.0023114 0
0.0023171 0
0.0023227 0
0.0023283 0
0.002334 0
0.0023396 0
0.0023452 0
0.0023508 0
0.0023565 0
0.0023621 0
0.0023677 0
0.0023734 0
0.002379 0
0.0023846 0
0.0023902 0
0.0023959 0
0.0024015 0
0.0024071 0
0.0024128 0
0.0024184 0
0.002424 0
0.0024296 0
0.0024353 0
0.0024409 0
0.0024465 0
0.0024522 0
0.0024578 0
0.0024634 0
0.002469 0
0.0024747 0
0.0024803 0
0.0024859 0
0.0024916 0
0.0024972 0
0.0025028 0
0.0025084 0
0.0025141 0
0.0025197 0
0.0025253 0
0.002531 0
0.0025366 0
0.0025422 0
0.0025478 0
0.0025535 0
0.0025591 0
0.0025647 0
0.0025704 0
0.002576 0
0.0025816 0
0.0025872 0
0.0025929 0
0.0025985 0
0.0026041 0
0.0026098 0
0.0026154 0
0.002621 0
0.0026266 0
0.0026323 0
0.0026379 0
0.0026435 0
0.0026492 0
0.0026548 0
0.0026604 0
0.002666 0
0.0026717 0
0.0026773 0
0.0026829 0
0.0026886 0
0.0026942 0
0.0026998 0
0.0027054 0
0.0027111 0
0.0027167 0
0.0027223 0
0.002728 0
0.0027336 0
0.0027392 0
0.0027448 0
0.0027505 0
0.0027561 0
0.0027617 0
0.0027674 0
0.002773 0
0.0027786 0
0.0027842 0
0.0027899 0
0.0027955 0
0.0028011 0
0.0028068 0
0.0028124 0
0.002818 0
0.0028236 0
0.0028293 0
0.0028349 0
0.0028405 0
0.0028462 0
0.0028518 0
0.0028574 0
0.002863 0
0.0028687 0
0.0028743 0
0.0028799 0
0.0028856 0
0.0028912 0
0.0028968 0
0.0029024 0
0.0029081 0
0.0029137 0
0.0029193 0
0.002925 0
0.0029306 0
0.0029362 0
0.0029418 0
0.0029475 0
0.0029531 0
0.0029587 0
0.0029644 0
0.00297 0
0.0029756 0
0.0029812 0
0.0029869 0
0.0029925 0
0.0029981 0
0.0030038 0
0.0030094 0
0.003015 0
0.0030206 0
0.0030263 0
0.0030319 0
0.0030375 0
0.0030432 0
0.0030488 0
0.0030544 0
0.00306 0
0.0030657 0
0.0030713 0
0.0030769 0
0.0030826 0
0.0030882 0
0.0030938 0
0.0030994 0
0.0031051 0
0.0031107 0
0.0031163 0
0.003122 0
0.0031276 0
0.0031332 0
0.0031388 0
0.0031445 0
0.0031501 0
0.0031557 0
0.0031614 0
0.003167 0
0.0031726 0
0.0031782 0
0.0031839 0
0.0031895 0
0.0031951 0
0.0032008 0
0.0032064 0
0.003212 0
0.0032176 0
0.0032233 0
0.0032289 0
0.0032345 0
0.0032402 0
0.0032458 0
0.0032514 0
0.003257 0
0.0032627 0
0.0032683 0
0.0032739 0
0.0032795 0
0.0032852 0
0.0032908 0
0.0032964 0
0.0033021 0
0.0033077 0
0.0033133 0
0.0033189 0
0.0033246 0
0.0033302 0
0.0033358 0
0.0033415 0
0.0033471 0
0.0033527 0
0.0033583 0
0.003364 0
0.0033696 0
0.0033752 0
0.0033809 0
0.0033865 0
0.0033921 0
0.0033977 0
0.0034034 0
0.003409 0
0.0034146 0
0.0034203 0
0.0034259 0
0.0034315 0
0.0034371 0
0.0034428 0
0.0034484 0
0.003454 0
0.0034597 0
0.0034653 0
0.0034709 0
0.0034765 0
0.0034822 0
0.0034878 0
0.0034934 0
0.0034991 0
0.0035047 0
0.0035103 0
0.0035159 0
0.0035216 0
0.0035272 0
0.0035328 0
0.0035385 0
0.0035441 0
0.0035497 0
0.0035553 0
0.003561 0
0.0035666 0
0.0035722 0
0.0035779 0
0.0035835 0
0.0035891 0
0.0035947 0
0.0036004 0
0.003606 0
0.0036116 0
0.0036173 0
0.0036229 0
0.0036285 0
0.0036341 0
0.0036398 0
0.0036454 0
0.003651 0
0.0036567 0
0.0036623 0
0.0036679 0
0.0036735 0
0.0036792 0
0.0036848 0
0.0036904 0
0.0036961 0
0.0037017 0
0.0037073 0
0.0037129 0
0.0037186 0
0.0037242 0
0.0037298 0
0.0037355 0
0.0037411 0
0.0037467 0
0.0037523 0
0.003758 0
0.0037636 0
0.0037692 0
0.0037749 0
0.0037805 0
0.0037861 0
0.0037917 0
0.0037974 0
0.003803 0
0.0038086 0
0.0038143 0
0.0038199 0
0.0038255 0
0.0038311 0
0.0038368 0
0.0038424 0
0.003848 0
0.0038537 0
0.0038593 0
0.0038649 0
0.0038705 0
0.0038762 0
0.0038818 0
0.0038874 0
0.0038931 0
0.0038987 0
0.0039043 0
0.0039099 0
0.0039156 0
0.0039212 0
0.0039268 0
0.0039325 0
0.0039381 0
0.0039437 0
0.0039493 0
0.003955 0
0.0039606 0
0.0039662 0
0.0039719 0
0.0039775 0
0.0039831 0
0.0039887 0
0.0039944 0
0.004 0
0.0040056 0
0.0040113 0
0.0040169 0
0.0040225 0
0.0040281 0
0.0040338 0
0.0040394 0
0.004045 0
0.0040507 0
0.0040563 0
0.0040619 0
0.0040675 0
0.0040732 0
0.0040788 0
0.0040844 0
0.0040901 0
0.0040957 0
0.0041013 0
0.0041069 0
0.0041126 0
0.0041182 0
0.0041238 0
0.0041295 0
0.0041351 0
0.0041407 0
0.0041463 0
0.004152 0
0.0041576 0
0.0041632 0
0.0041689 0
0.0041745 0
0.0041801 0
0.0041857 0
0.0041914 0
0.004197 0
0.0042026 0
0.0042083 0
0.0042139 0
0.0042195 0
0.0042251 0
0.0042308 0
0.0042364 0
0.004242 0
0.0042477 0
0.0042533 0
0.0042589 0
0.0042645 0
0.0042702 0
0.0042758 0
0.0042814 0
0.0042871 0
0.0042927 0
0.0042983 0
0.0043039 0
0.0043096 0
0.0043152 0
0.0043208 0
0.0043265 0
0.0043321 0
0.0043377 0
0.0043433 0
0.004349 0
0.0043546 0
0.0043602 0
0.0043659 0
0.0043715 0
0.0043771 0
0.0043827 0
0.0043884 0
0.004394 0
0.0043996 0
0.0044053 0
0.0044109 0
0.0044165 0
0.0044221 0
0.0044278 0
0.0044334 0
0.004439 0
0.0044447 0
0.0044503 0
0.0044559 0
0.0044615 0
0.0044672 0
0.0044728 0
0.0044784 0
0.0044841 0
0.0044897 0
0.0044953 0
0.0045009 0
0.0045066 0
0.0045122 0
0.0045178 0
0.0045235 0
0.0045291 0
0.0045347 0
0.0045403 0
0.004546 0
0.0045516 0
0.0045572 0
0.0045629 0
0.0045685 0
0.0045741 0
0.0045797 0
0.0045854 0
0.004591 0
0.0045966 0
0.0046023 0
0.0046079 0
0.0046135 0
0.0046191 0
0.0046248 0
0.0046304 0
0.004636 0
0.0046417 0
0.0046473 0
0.0046529 0
0.0046585 0
0.0046642 0
0.0046698 0
0.0046754 0
0.0046811 0
0.0046867 0
0.0046923 0
0.0046979 0
0.0047036 0
0.0047092 0
0.0047148 0
0.0047205 0
0.0047261 0
0.0047317 0
0.0047373 0
0.004743 0
0.0047486 0
0.0047542 0
0.0047598 0
0.0047655 0
0.0047711 0
0.0047767 0
0.0047824 0
0.004788 0
0.0047936 0
0.0047992 0
0.0048049 0
0.0048105 0
0.0048161 0
0.0048218 0
0.0048274 0
0.004833 0
0.0048386 0
0.0048443 0
0.0048499 0
0.0048555 0
0.0048612 0
0.0048668 0
0.0048724 0
0.004878 0
0.0048837 0
0.0048893 0
0.0048949 0
0.0049006 0
0.0049062 0
0.0049118 0
0.0049174 0
0.0049231 0
0.0049287 0
0.0049343 0
0.00494 0
0.0049456 0
0.0049512 0
0.0049568 0
0.0049625 0
0.0049681 0
0.0049737 0
0.0049794 0
0.004985 0
0.0049906 0
0.0049962 0
0.0050019 0
0.0050075 0
0.0050131 0
0.0050188 0
0.0050244 0
0.00503 0
0.0050356 0
0.0050413 0
0.0050469 0
0.0050525 0
0.0050582 0
0.0050638 0
0.0050694 0
0.005075 0
0.0050807 0
0.0050863 0
0.0050919 0
0.0050976 0
0.0051032 0
0.0051088 0
0.0051144 0
0.0051201 0
0.0051257 0
0.0051313 0
0.005137 0
0.0051426 0
0.0051482 0
0.0051538 0
0.0051595 0
0.0051651 0
0.0051707 0
0.0051764 0
0.005182 0
0.0051876 0
0.0051932 0
0.0051989 0
0.0052045 0
0.0052101 0
0.0052158 0
0.0052214 0
0.005227 0
0.0052326 0
0.0052383 0
0.0052439 0
0.0052495 0
0.0052552 0
0.0052608 0
0.0052664 0
0.005272 0
0.0052777 0
0.0052833 0
0.0052889 0
0.0052946 0
0.0053002 0
0.0053058 0
0.0053114 0
0.0053171 0
0.0053227 0
0.0053283 0
0.005334 0
0.0053396 0
0.0053452 0
0.0053508 0
0.0053565 0
0.0053621 0
0.0053677 0
0.0053734 0
0.005379 0
0.0053846 0
0.0053902 0
0.0053959 0
0.0054015 0
0.0054071 0
0.0054128 0
0.0054184 0
0.005424 0
0.0054296 0
0.0054353 0
0.0054409 0
0.0054465 0
0.0054522 0
0.0054578 0
0.0054634 0
0.005469 0
0.0054747 0
0.0054803 0
0.0054859 0
0.0054916 0
0.0054972 0
0.0055028 0
0.0055084 0
0.0055141 0
0.0055197 0
0.0055253 0
0.005531 0
0.0055366 0
0.0055422 0
0.0055478 0
0.0055535 0
0.0055591 0
0.0055647 0
0.0055704 0
0.005576 0
0.0055816 0
0.0055872 0
0.0055929 0
0.0055985 0
0.0056041 0
0.0056098 0
0.0056154 0
0.005621 0
0.0056266 0
0.0056323 0
0.0056379 0
0.0056435 0
0.0056492 0
0.0056548 0
0.0056604 0
0.005666 0
0.0056717 0
0.0056773 0
0.0056829 0
0.0056886 0
0.0056942 0
0.0056998 0
0.0057054 0
0.0057111 0
0.0057167 0
0.0057223 0
0.005728 0
0.0057336 0
0.0057392 0
0.0057448 0
0.0057505 0
0.0057561 0
0.0057617 0
0.0057674 0
0.005773 0
0.0057786 0
0.0057842 0
0.0057899 0
0.0057955 0
0.0058011 0
0.0058068 0
0.0058124 0
0.005818 0
0.0058236 1e-07
0.0058293 1e-07
0.0058349 1e-07
0.0058405 1e-07
0.0058462 1e-07
0.0058518 1e-07
0.0058574 1e-07
0.005863 1e-07
0.0058687 2e-07
0.0058743 2e-07
0.0058799 2e-07
0.0058856 2e-07
0.0058912 3e-07
0.0058968 3e-07
0.0059024 4e-07
0.0059081 4e-07
0.0059137 5e-07
0.0059193 6e-07
0.005925 7e-07
0.0059306 8e-07
0.0059362 9e-07
0.0059418 1.1e-06
0.0059475 1.3e-06
0.0059531 1.5e-06
0.0059587 1.7e-06
0.0059644 1.9e-06
0.00597 2.2e-06
0.0059756 2.6e-06
0.0059812 3e-06
0.0059869 3.4e-06
0.0059925 4e-06
0.0059981 4.5e-06
0.0060038 5.2e-06
0.0060094 6e-06
0.006015 6.9e-06
0.0060206 7.9e-06
0.0060263 9e-06
0.0060319 1.03e-05
0.0060375 1.18e-05
0.0060432 1.35e-05
0.0060488 1.54e-05
0.0060544 1.75e-05
0.00606 1.99e-05
0.0060657 2.26e-05
0.0060713 2.56e-05
0.0060769 2.9e-05
0.0060826 3.26e-05
0.0060882 3.67e-05
0.0060938 4.13e-05
0.0060994 4.63e-05
0.0061051 5.14e-05
0.0061107 5.71e-05
0.0061163 6.35e-05
0.006122 7.03e-05
0.0061276 7.72e-05
0.0061332 8.46e-05
0.0061388 9.28e-05
0.0061445 0.0001014
0.0061501 0.0001097
0.0061557 0.0001186
0.0061614 0.0001283
0.006167 0.0001382
0.0061726 0.0001472
0.0061782 0.0001567
0.0061839 0.0001669
0.0061895 0.000177
0.0061951 0.0001855
0.0062008 0.0001945
0.0062064 0.0002038
0.006212 0.0002129
0.0062176 0.00022
0.0062233 0.0002274
0.0062289 0.000235
0.0062345 0.0002422
0.0062402 0.0002479
0.0062458 0.0002536
0.0062514 0.0002595
0.006257 0.0002653
0.0062627 0.0002701
0.0062683 0.000275
0.0062739 0.00028
0.0062795 0.0002849
0.0062852 0.0002893
0.0062908 0.0002937
0.0062964 0.0002982
0.0063021 0.0003025
0.0063077 0.0003061
0.0063133 0.0003097
0.0063189 0.0003134
0.0063246 0.0003167
0.0063302 0.0003191
0.0063358 0.0003215
0.0063415 0.0003238
0.0063471 0.0003262
0.0063527 0.0003286
0.0063583 0.000331
0.006364 0.0003334
0.0063696 0.0003366
0.0063752 0.0003427
0.0063809 0.000349
0.0063865 0.0003553
0.0063921 0.0003635
0.0063977 0.0003791
0.0064034 0.0003952
0.006409 0.0004121
0.0064146 0.0004323
0.0064203 0.0004646
0.0064259 0.0004993
0.0064315 0.0005366
0.0064371 0.0005793
0.0064428 0.0006379
0.0064484 0.0007025
0.006454 0.0007735
0.0064597 0.0008533
0.0064653 0.0009487
0.0064709 0.0010548
0.0064765 0.0011727
0.0064822 0.0013036
0.0064878 0.0014472
0.0064934 0.0016066
0.0064991 0.0017836
0.0065047 0.0019814
0.0065103 0.0022083
0.0065159 0.0024611
0.0065216 0.0027429
0.0065272 0.0030703
0.0065328 0.0035178
0.0065385 0.0040305
0.0065441 0.0046179
0.0065497 0.0053342
0.0065553 0.0064517
0.006561 0.0078033
0.0065666 0.009438
0.0065722 0.0115139
0.0065779 0.0147914
0.0065835 0.0190018
0.0065891 0.0244108
0.0065947 0.031511
0.0066004 0.0419479
0.006606 0.0558417
0.0066116 0.0743373
0.0066173 0.0988676
0.0066229 0.130666
0.0066285 0.1726916
0.0066341 0.2282337
0.0066398 0.3002678
0.0066454 0.3820875
0.006651 0.4862022
0.0066567 0.618687
0.0066623 0.784596
0.0066679 0.9686931
0.0066735 1.1959866
0.0066792 1.4766122
0.0066848 1.8250622
0.0066904 2.2766332
0.0066961 2.8399354
0.0067017 3.5426141
0.0067073 4.4391819
0.0067129 5.799741
0.0067186 7.577296
0.0067242 9.8996515
0.0067298 12.9834526
0.0067355 17.6988702
0.0067411 24.126865
0.0067467 32.8894221
0.0067523 44.8238023
0.006758 60.9284209
0.0067636 82.8192229
0.0067692 112.5751098
0.0067749 152.3996496
0.0067805 196.2271044
0.0067861 252.6585633
0.0067917 325.3187159
0.0067974 416.9343979
0.006803 501.2398465
0.0068086 602.5921223
0.0068143 724.4381475
0.0068199 868.7796713
0.0068255 1002.5515155
0.0068311 1156.9211096
0.0068368 1335.0600274
0.0068424 1539.9743236
0.006848 1762.8187934
0.0068537 2017.9103319
0.0068593 2309.9153031
0.0068649 2643.4431283
0.0068705 3007.4473076
0.0068762 3421.5751462
0.0068818 3892.728711
0.0068874 4423.0641989
0.0068931 4862.7641342
0.0068987 5346.1749506
0.0069043 5877.6419776
0.0069099 6450.4795503
0.0069156 6685.1830091
0.0069212 6928.4262537
0.0069268 7180.5200078
0.0069325 7432.4251948
0.0069381 7284.7915107
0.0069437 7140.0903425
0.0069493 6998.2634402
0.006955 6855.5004045
0.0069606 6479.1537495
0.0069662 6123.4674104
0.0069719 5787.3071972
0.0069775 5468.4665846
0.0069831 5027.6105477
0.0069887 4622.2953781
0.0069944 4249.6558474
0.007 3907.0577157
0.0070056 3466.6309361
0.0070113 3075.8516822
0.0070169 2729.1233896
0.0070225 2421.480372
0.0070281 2061.6540242
0.0070338 1754.7483354
0.0070394 1493.5297992
0.007045 1271.1972515
0.0070507 1050.3100725
0.0070563 867.4116554
0.0070619 716.3627197
0.0070675 591.6170746
0.0070732 483.5990745
0.0070788 395.2093684
0.0070844 322.9750699
0.0070901 263.9433781
0.0070957 215.1795514
0.0071013 175.4117248
0.0071069 142.9934814
0.0071126 116.566528
0.0071182 94.0598003
0.0071238 75.868465
0.0071295 61.1953669
0.0071351 49.3600724
0.0071407 39.0945088
0.0071463 30.9372488
0.007152 24.4820408
0.0071576 19.3737436
0.0071632 15.1628672
0.0071689 11.8599417
0.0071745 9.276492
0.0071801 7.2557949
0.0071857 5.7159331
0.0071914 4.5049268
0.007197 3.5504903
0.0072026 2.7982656
0.0072083 2.2487971
0.0072139 1.8097796
0.0072195 1.4564686
0.0072251 1.172132
0.0072308 0.9588547
0.0072364 0.785428
0.007242 0.6433687
0.0072477 0.5270035
0.0072533 0.4326321
0.0072589 0.3552301
0.0072645 0.2916761
0.0072702 0.2394925
0.0072758 0.1948108
0.0072814 0.158318
0.0072871 0.1286613
0.0072927 0.1045599
0.0072983 0.084303
0.0073039 0.0679122
0.0073096 0.0547082
0.0073152 0.0440715
0.0073208 0.0356382
0.0073265 0.0288315
0.0073321 0.0233249
0.0073377 0.01887
0.0073433 0.0155081
0.007349 0.0127706
0.0073546 0.0105164
0.0073602 0.00866
0.0073659 0.0072797
0.0073715 0.0061366
0.0073771 0.005173
0.0073827 0.0043607
0.0073884 0.0037369
0.007394 0.0032101
0.0073996 0.0027576
0.0074053 0.0023688
0.0074109 0.0020492
0.0074165 0.0017747
0.0074221 0.0015369
0.0074278 0.001331
0.0074334 0.0011524
0.007439 0.0009978
0.0074447 0.0008639
0.0074503 0.0007479
0.0074559 0.0006472
0.0074615 0.0005599
0.0074672 0.0004845
0.0074728 0.0004192
0.0074784 0.0003647
0.0074841 0.0003175
0.0074897 0.0002765
0.0074953 0.0002408
0.0075009 0.0002127
0.0075066 0.0001885
0.0075122 0.000167
0.0075178 0.0001479
0.0075235 0.0001339
0.0075291 0.0001217
0.0075347 0.0001107
0.0075403 0.0001007
0.007546 9.36e-05
0.0075516 8.75e-05
0.0075572 8.18e-05
0.0075629 7.65e-05
0.0075685 7.28e-05
0.0075741 6.96e-05
0.0075797 6.65e-05
0.0075854 6.36e-05
0.007591 6.14e-05
0.0075966 5.94e-05
0.0076023 5.76e-05
0.0076079 5.57e-05
0.0076135 5.42e-05
0.0076191 5.27e-05
0.0076248 5.13e-05
0.0076304 4.99e-05
0.007636 4.87e-05
0.0076417 4.75e-05
0.0076473 4.64e-05
0.0076529 4.52e-05
0.0076585 4.43e-05
0.0076642 4.34e-05
0.0076698 4.26e-05
0.0076754 4.17e-05
0.0076811 4.12e-05
0.0076867 4.07e-05
0.0076923 4.03e-05
0.0076979 3.98e-05
0.0077036 3.97e-05
0.0077092 3.96e-05
0.0077148 3.95e-05
0.0077205 3.94e-05
0.0077261 3.95e-05
0.0077317 3.96e-05
0.0077373 3.97e-05
0.007743 3.98e-05
0.0077486 3.98e-05
0.0077542 3.99e-05
0.0077598 3.99e-05
0.0077655 3.99e-05
0.0077711 3.97e-05
0.0077767 3.94e-05
0.0077824 3.91e-05
0.007788 3.88e-05
0.0077936 3.83e-05
0.0077992 3.77e-05
0.0078049 3.71e-05
0.0078105 3.65e-05
0.0078161 3.57e-05
0.0078218 3.48e-05
0.0078274 3.4e-05
0.007833 3.32e-05
0.0078386 3.23e-05
0.0078443 3.13e-05
0.0078499 3.04e-05
0.0078555 2.95e-05
0.0078612 2.85e-05
0.0078668 2.75e-05
0.0078724 2.66e-05
0.007878 2.57e-05
0.0078837 2.48e-05
0.0078893 2.38e-05
0.0078949 2.29e-05
0.0079006 2.2e-05
0.0079062 2.12e-05
0.0079118 2.03e-05
0.0079174 1.95e-05
0.0079231 1.87e-05
0.0079287 1.79e-05
0.0079343 1.71e-05
0.00794 1.64e-05
0.0079456 1.57e-05
0.0079512 1.5e-05
0.0079568 1.44e-05
0.0079625 1.38e-05
0.0079681 1.32e-05
0.0079737 1.27e-05
0.0079794 1.22e-05
0.007985 1.17e-05
0.0079906 1.12e-05
0.0079962 1.08e-05
0.0080019 1.04e-05
0.0080075 1e-05
0.0080131 9.6e-06
0.0080188 9.2e-06
0.0080244 8.9e-06
0.00803 8.6e-06
0.0080356 8.3e-06
0.0080413 8e-06
0.0080469 7.7e-06
0.0080525 7.5e-06
0.0080582 7.3e-06
0.0080638 7e-06
0.0080694 6.8e-06
0.008075 6.6e-06
0.0080807 6.4e-06
0.0080863 6.3e-06
0.0080919 6.1e-06
0.0080976 6e-06
0.0081032 5.8e-06
0.0081088 5.7e-06
0.0081144 5.5e-06
0.0081201 5.4e-06
0.0081257 5.3e-06
0.0081313 5.2e-06
0.008137 5.1e-06
0.0081426 5e-06
0.0081482 4.9e-06
0.0081538 4.8e-06
0.0081595 4.7e-06
0.0081651 4.6e-06
0.0081707 4.6e-06
0.0081764 4.5e-06
0.008182 4.4e-06
0.0081876 4.3e-06
0.0081932 4.2e-06
0.0081989 4.1e-06
0.0082045 4.1e-06
0.0082101 4e-06
0.0082158 3.9e-06
0.0082214 3.8e-06
0.008227 3.7e-06
0.0082326 3.6e-06
0.0082383 3.6e-06
0.0082439 3.5e-06
0.0082495 3.4e-06
0.0082552 3.4e-06
0.0082608 3.3e-06
0.0082664 3.2e-06
0.008272 3.2e-06
0.0082777 3.2e-06
0.0082833 3.1e-06
0.0082889 3.1e-06
0.0082946 3.1e-06
0.0083002 3e-06
0.0083058 3e-06
0.0083114 3e-06
0.0083171 3e-06
0.0083227 2.9e-06
0.0083283 2.9e-06
0.008334 2.9e-06
0.0083396 2.9e-06
0.0083452 2.8e-06
0.0083508 2.8e-06
0.0083565 2.8e-06
0.0083621 2.7e-06
0.0083677 2.7e-06
0.0083734 2.7e-06
0.008379 2.6e-06
0.0083846 2.6e-06
0.0083902 2.6e-06
0.0083959 2.6e-06
0.0084015 2.6e-06
0.0084071 2.6e-06
0.0084128 2.6e-06
0.0084184 2.6e-06
0.008424 2.6e-06
0.0084296 2.6e-06
0.0084353 2.7e-06
0.0084409 2.7e-06
0.0084465 2.8e-06
0.0084522 2.8e-06
0.0084578 2.9e-06
0.0084634 2.9e-06
0.008469 3e-06
0.0084747 3.1e-06
0.0084803 3.1e-06
0.0084859 3.2e-06
0.0084916 3.3e-06
0.0084972 3.3e-06
0.0085028 3.4e-06
0.0085084 3.5e-06
0.0085141 3.6e-06
0.0085197 3.7e-06
0.0085253 3.8e-06
0.008531 3.9e-06
0.0085366 4e-06
0.0085422 4.1e-06
0.0085478 4.2e-06
0.0085535 4.4e-06
0.0085591 4.5e-06
0.0085647 4.7e-06
0.0085704 4.9e-06
0.008576 5.1e-06
0.0085816 5.3e-06
0.0085872 5.5e-06
0.0085929 5.7e-06
0.0085985 6e-06
0.0086041 6.2e-06
0.0086098 6.5e-06
0.0086154 6.8e-06
0.008621 7.1e-06
0.0086266 7.4e-06
0.0086323 7.7e-06
0.0086379 8e-06
0.0086435 8.4e-06
0.0086492 8.8e-06
0.0086548 9.1e-06
0.0086604 9.6e-06
0.008666 1e-05
0.0086717 1.04e-05
0.0086773 1.09e-05
0.0086829 1.14e-05
0.0086886 1.2e-05
0.0086942 1.25e-05
0.0086998 1.31e-05
0.0087054 1.37e-05
0.0087111 1.44e-05
0.0087167 1.5e-05
0.0087223 1.57e-05
0.008728 1.64e-05
0.0087336 1.71e-05
0.0087392 1.79e-05
0.0087448 1.87e-05
0.0087505 1.95e-05
0.0087561 2.03e-05
0.0087617 2.12e-05
0.0087674 2.2e-05
0.008773 2.29e-05
0.0087786 2.39e-05
0.0087842 2.49e-05
0.0087899 2.58e-05
0.0087955 2.69e-05
0.0088011 2.79e-05
0.0088068 2.9e-05
0.0088124 3e-05
0.008818 3.11e-05
0.0088236 3.23e-05
0.0088293 3.34e-05
0.0088349 3.44e-05
0.0088405 3.55e-05
0.0088462 3.67e-05
0.0088518 3.77e-05
0.0088574 3.87e-05
0.008863 3.97e-05
0.0088687 4.07e-05
0.0088743 4.16e-05
0.0088799 4.24e-05
0.0088856 4.31e-05
0.0088912 4.39e-05
0.0088968 4.45e-05
0.0089024 4.49e-05
0.0089081 4.53e-05
0.0089137 4.57e-05
0.0089193 4.6e-05
0.008925 4.6e-05
0.0089306 4.6e-05
0.0089362 4.59e-05
0.0089418 4.58e-05
0.0089475 4.55e-05
0.0089531 4.51e-05
0.0089587 4.48e-05
0.0089644 4.44e-05
0.00897 4.38e-05
0.0089756 4.32e-05
0.0089812 4.27e-05
0.0089869 4.21e-05
0.0089925 4.13e-05
0.0089981 4.06e-05
0.0090038 3.99e-05
0.0090094 3.91e-05
0.009015 3.8e-05
0.0090206 3.69e-05
0.0090263 3.59e-05
0.0090319 3.48e-05
0.0090375 3.34e-05
0.0090432 3.2e-05
0.0090488 3.07e-05
0.0090544 2.93e-05
0.00906 2.78e-05
0.0090657 2.63e-05
0.0090713 2.49e-05
0.0090769 2.36e-05
0.0090826 2.23e-05
0.0090882 2.1e-05
0.0090938 1.99e-05
0.0090994 1.88e-05
0.0091051 1.79e-05
0.0091107 1.7e-05
0.0091163 1.62e-05
0.009122 1.54e-05
0.0091276 1.48e-05
0.0091332 1.42e-05
0.0091388 1.36e-05
0.0091445 1.3e-05
0.0091501 1.24e-05
0.0091557 1.19e-05
0.0091614 1.14e-05
0.009167 1.08e-05
0.0091726 1.02e-05
0.0091782 9.6e-06
0.0091839 9.1e-06
0.0091895 8.5e-06
0.0091951 7.9e-06
0.0092008 7.4e-06
0.0092064 6.8e-06
0.009212 6.3e-06
0.0092176 5.9e-06
0.0092233 5.4e-06
0.0092289 5e-06
0.0092345 4.6e-06
0.0092402 4.3e-06
0.0092458 4e-06
0.0092514 3.7e-06
0.009257 3.4e-06
0.0092627 3.2e-06
0.0092683 3e-06
0.0092739 2.8e-06
0.0092795 2.6e-06
0.0092852 2.5e-06
0.0092908 2.3e-06
0.0092964 2.2e-06
0.0093021 2.1e-06
0.0093077 1.9e-06
0.0093133 1.8e-06
0.0093189 1.7e-06
0.0093246 1.6e-06
0.0093302 1.5e-06
0.0093358 1.4e-06
0.0093415 1.3e-06
0.0093471 1.2e-06
0.0093527 1.1e-06
0.0093583 1e-06
0.009364 9e-07
0.0093696 9e-07
0.0093752 8e-07
0.0093809 7e-07
0.0093865 7e-07
0.0093921 6e-07
0.0093977 6e-07
0.0094034 5e-07
0.009409 5e-07
0.0094146 5e-07
0.0094203 4e-07
0.0094259 4e-07
0.0094315 4e-07
0.0094371 4e-07
0.0094428 3e-07
0.0094484 3e-07
0.009454 3e-07
0.0094597 3e-07
0.0094653 3e-07
0.0094709 3e-07
0.0094765 2e-07
0.0094822 2e-07
0.0094878 2e-07
0.0094934 2e-07
0.0094991 2e-07
0.0095047 2e-07
0.0095103 2e-07
0.0095159 2e-07
0.0095216 2e-07
0.0095272 2e-07
0.0095328 2e-07
0.0095385 2e-07
0.0095441 2e-07
0.0095497 2e-07
0.0095553 2e-07
0.009561 1e-07
0.0095666 1e-07
0.0095722 1e-07
0.0095779 1e-07
0.0095835 1e-07
0.0095891 1e-07
0.0095947 1e-07
0.0096004 1e-07
0.009606 1e-07
0.0096116 1e-07
0.0096173 1e-07
0.0096229 1e-07
0.0096285 2e-07
0.0096341 2e-07
0.0096398 2e-07
0.0096454 2e-07
0.009651 2e-07
0.0096567 2e-07
0.0096623 2e-07
0.0096679 2e-07
0.0096735 2e-07
0.0096792 2e-07
0.0096848 2e-07
0.0096904 2e-07
0.0096961 2e-07
0.0097017 2e-07
0.0097073 2e-07
0.0097129 2e-07
0.0097186 2e-07
0.0097242 2e-07
0.0097298 2e-07
0.0097355 3e-07
0.0097411 3e-07
0.0097467 3e-07
0.0097523 3e-07
0.009758 3e-07
0.0097636 3e-07
0.0097692 3e-07
0.0097749 3e-07
0.0097805 3e-07
0.0097861 3e-07
0.0097917 3e-07
0.0097974 3e-07
0.009803 3e-07
0.0098086 4e-07
0.0098143 4e-07
0.0098199 4e-07
0.0098255 4e-07
0.0098311 4e-07
0.0098368 4e-07
0.0098424 4e-07
0.009848 4e-07
0.0098537 4e-07
0.0098593 4e-07
0.0098649 4e-07
0.0098705 4e-07
0.0098762 4e-07
0.0098818 4e-07
0.0098874 4e-07
0.0098931 4e-07
0.0098987 4e-07
0.0099043 4e-07
0.0099099 4e-07
0.0099156 4e-07
0.0099212 3e-07
0.0099268 3e-07
0.0099325 3e-07
0.0099381 3e-07
0.0099437 3e-07
0.0099493 3e-07
0.009955 3e-07
0.0099606 3e-07
0.0099662 3e-07
0.0099719 3e-07
0.0099775 3e-07
0.0099831 3e-07
0.0099887 3e-07
0.0099944 3e-07
0.01 3e-07
