0.001 0
0.0010056 0
0.0010113 0
0.0010169 0
0.0010225 0
0.0010281 0
0.0010338 0
0.0010394 0
0.001045 0
0.0010507 0
0.0010563 0
0.0010619 0
0.0010675 0
0.0010732 0
0.0010788 0
0.0010844 0
0.0010901 0
0.0010957 0
0.0011013 0
0.0011069 0
0.0011126 0
0.0011182 0
0.0011238 0
0.0011295 0
0.0011351 0
0.0011407 0
0.0011463 0
0.001152 0
0.0011576 0
0.0011632 0
0.0011689 0
0.0011745 0
0.0011801 0
0.0011857 0
0.0011914 0
0.001197 0
0.0012026 0
0.0012083 0
0.0012139 0
0.0012195 0
0.0012251 0
0.0012308 0
0.0012364 0
0.001242 0
0.0012477 0
0.0012533 0
0.0012589 0
0.0012645 0
0.0012702 0
0.0012758 0
0.0012814 0
0.0012871 0
0.0012927 0
0.0012983 0
0.0013039 0
0.0013096 0
0.0013152 0
0.0013208 0
0.0013265 0
0.0013321 0
0.0013377 0
0.0013433 0
0.001349 0
0.0013546 0
0.0013602 0
0.0013659 0
0.0013715 0
0.0013771 0
0.0013827 0
0.0013884 0
0.001394 0
0.0013996 0
0.0014053 0
0.0014109 0
0.0014165 0
0.0014221 0
0.0014278 0
0.0014334 0
0.001439 0
0.0014447 0
0.0014503 0
0.0014559 0
0.0014615 0
0.0014672 0
0.0014728 0
0.0014784 0
0.0014841 0
0.0014897 0
0.0014953 0
0.0015009 0
0.0015066 0
0.0015122 0
0.0015178 0
0.0015235 0
0.0015291 0
0.0015347 0
0.0015403 0
0.001546 0
0.0015516 0
0.0015572 0
0.0015629 0
0.0015685 0
0.0015741 0
0.0015797 0
0.0015854 0
0.001591 0
0.0015966 0
0.0016023 0
0.0016079 0
0.0016135 0
0.0016191 0
0.0016248 0
0.0016304 0
0.001636 0
0.0016417 0
0.0016473 0
0.0016529 0
0.0016585 0
0.0016642 0
0.0016698 0
0.0016754 0
0.0016811 0
0.0016867 0
0.0016923 0
0.0016979 0
0.0017036 0
0.0017092 0
0.0017148 0
0.0017205 0
0.0017261 0
0.0017317 0
0.0017373 0
0.001743 0
0.0017486 0
0.0017542 0
0.0017598 0
0.0017655 0
0.0017711 0
0.0017767 0
0.0017824 0
0.001788 0
0.0017936 0
0.0017992 0
0.0018049 0
0.0018105 0
0.0018161 0
0.0018218 0
0.0018274 0
0.001833 0
0.0018386 0
0.0018443 0
0.0018499 0
0.0018555 0
0.0018612 0
0.0018668 0
0.0018724 0
0.001878 0
0.0018837 0
0.0018893 0
0.0018949 0
0.0019006 1e-07
0.0019062 1e-07
0.0019118 1e-07
0.0019174 1e-07
0.0019231 2e-07
0.0019287 2e-07
0.0019343 3e-07
0.00194 4e-07
0.0019456 4e-07
0.0019512 5e-07
0.0019568 6e-07
0.0019625 7e-07
0.0019681 8e-07
0.0019737 8e-07
0.0019794 9e-07
0.001985 1e-06
0.0019906 1e-06
0.0019962 1e-06
0.0020019 1e-06
0.0020075 1e-06
0.0020131 1e-06
0.0020188 9e-07
0.0020244 9e-07
0.00203 8e-07
0.0020356 7e-07
0.0020413 7e-07
0.0020469 6e-07
0.0020525 6e-07
0.0020582 5e-07
0.0020638 5e-07
0.0020694 5e-07
0.002075 4e-07
0.0020807 4e-07
0.0020863 4e-07
0.0020919 4e-07
0.0020976 4e-07
0.0021032 4e-07
0.0021088 5e-07
0.0021144 5e-07
0.0021201 6e-07
0.0021257 6e-07
0.0021313 7e-07
0.002137 9e-07
0.0021426 1.1e-06
0.0021482 1.3e-06
0.0021538 1.6e-06
0.0021595 2e-06
0.0021651 2.6e-06
0.0021707 3.2e-06
0.0021764 3.9e-06
0.002182 4.7e-06
0.0021876 5.7e-06
0.0021932 6.8e-06
0.0021989 8e-06
0.0022045 9.2e-06
0.0022101 1.05e-05
0.0022158 1.21e-05
0.0022214 1.39e-05
0.002227 1.61e-05
0.0022326 1.86e-05
0.0022383 2.14e-05
0.0022439 2.53e-05
0.0022495 3.04e-05
0.0022552 3.66e-05
0.0022608 4.4e-05
0.0022664 5.38e-05
0.002272 6.64e-05
0.0022777 8.21e-05
0.0022833 0.0001015
0.0022889 0.0001243
0.0022946 0.0001512
0.0023002 0.000184
0.0023058 0.0002238
0.0023114 0.0002626
0.0023171 0.0002997
0.0023227 0.000342
0.0023283 0.0003903
0.002334 0.0004237
0.0023396 0.0004419
0.0023452 0.0004609
0.0023508 0.0004807
0.0023565 0.00048
0.0023621 0.0004627
0.0023677 0.0004459
0.0023734 0.0004297
0.002379 0.0004059
0.0023846 0.0003768
0.0023902 0.0003498
0.0023959 0.0003248
0.0024015 0.0003035
0.0024071 0.0002851
0.0024128 0.0002678
0.0024184 0.0002516
0.002424 0.0002423
0.0024296 0.0002385
0.0024353 0.0002349
0.0024409 0.0002313
0.0024465 0.0002345
0.0024522 0.0002444
0.0024578 0.0002548
0.0024634 0.0002655
0.002469 0.0002825
0.0024747 0.0003066
0.0024803 0.0003328
0.0024859 0.0003611
0.0024916 0.0003936
0.0024972 0.0004309
0.0025028 0.0004717
0.0025084 0.0005164
0.0025141 0.0005602
0.0025197 0.0006022
0.0025253 0.0006472
0.002531 0.0006957
0.0025366 0.0007385
0.0025422 0.0007739
0.0025478 0.0008109
0.0025535 0.0008497
0.0025591 0.0008844
0.0025647 0.0009139
0.0025704 0.0009444
0.002576 0.0009759
0.0025816 0.0010101
0.0025872 0.0010476
0.0025929 0.0010864
0.0025985 0.0011266
0.0026041 0.0011754
0.0026098 0.0012349
0.0026154 0.0012973
0.002621 0.0013629
0.0026266 0.0014351
0.0026323 0.0015152
0.0026379 0.0015998
0.0026435 0.0016892
0.0026492 0.0017708
0.0026548 0.0018403
0.0026604 0.0019126
0.002666 0.0019876
0.0026717 0.0020439
0.0026773 0.0020741
0.0026829 0.0021047
0.0026886 0.0021358
0.0026942 0.0021768
0.0026998 0.0022311
0.0027054 0.0022867
0.0027111 0.0023437
0.0027167 0.0024818
0.0027223 0.0027447
0.002728 0.0030355
0.0027336 0.0033571
0.0027392 0.003899
0.0027448 0.0048435
0.0027505 0.0060169
0.0027561 0.0074745
0.0027617 0.0095946
0.0027674 0.0129022
0.002773 0.0173501
0.0027786 0.0233314
0.0027842 0.0312392
0.0027899 0.0415635
0.0027955 0.0552998
0.0028011 0.0735757
0.0028068 0.0947866
0.0028124 0.1163133
0.002818 0.1427289
0.0028236 0.1751435
0.0028293 0.2068415
0.0028349 0.2301247
0.0028405 0.2560287
0.0028462 0.2848487
0.0028518 0.3073324
0.0028574 0.3156222
0.002863 0.3241356
0.0028687 0.3328787
0.0028743 0.3350449
0.0028799 0.3261428
0.0028856 0.3174772
0.0028912 0.3090419
0.0028968 0.2973206
0.0029024 0.2803462
0.0029081 0.264341
0.0029137 0.2492495
0.0029193 0.2335084
0.002925 0.2162766
0.0029306 0.2003164
0.0029362 0.185534
0.0029418 0.1712233
0.0029475 0.1569761
0.0029531 0.1439144
0.0029587 0.1319395
0.0029644 0.1206977
0.00297 0.1099598
0.0029756 0.1001771
0.0029812 0.0912648
0.0029869 0.0830602
0.0029925 0.075442
0.0029981 0.0685225
0.0030038 0.0622376
0.0030094 0.0565921
0.003015 0.0515745
0.0030206 0.0470019
0.0030263 0.0428346
0.0030319 0.0392484
0.0030375 0.0363715
0.0030432 0.0337055
0.0030488 0.0312349
0.0030544 0.0292936
0.00306 0.0281939
0.0030657 0.0271355
0.0030713 0.0261169
0.0030769 0.0255991
0.0030826 0.0261395
0.0030882 0.0266913
0.0030938 0.0272548
0.0030994 0.0283767
0.0031051 0.0309116
0.0031107 0.0336729
0.0031163 0.0366809
0.003122 0.0404907
0.0031276 0.0461467
0.0031332 0.0525928
0.0031388 0.0599394
0.0031445 0.0685415
0.0031501 0.0790375
0.0031557 0.0911407
0.0031614 0.1050974
0.003167 0.1206497
0.0031726 0.1369032
0.0031782 0.1553462
0.0031839 0.1762739
0.0031895 0.19845
0.0031951 0.2187199
0.0032008 0.2410602
0.0032064 0.2656824
0.003212 0.2905072
0.0032176 0.3106781
0.0032233 0.3322495
0.0032289 0.3553186
0.0032345 0.377513
0.0032402 0.3935295
0.0032458 0.4102255
0.0032514 0.4276298
0.003257 0.4435094
0.0032627 0.4529384
0.0032683 0.4625679
0.0032739 0.472402
0.0032795 0.4804149
0.0032852 0.4821032
0.0032908 0.4837975
0.0032964 0.4854977
0.0033021 0.4852372
0.0033077 0.4785651
0.0033133 0.4719847
0.0033189 0.4654947
0.0033246 0.4570957
0.0033302 0.4421759
0.0033358 0.4277431
0.0033415 0.4137813
0.0033471 0.3984169
0.0033527 0.3772741
0.0033583 0.3572533
0.003364 0.3382949
0.0033696 0.3190246
0.0033752 0.2962363
0.0033809 0.2750758
0.0033865 0.2554269
0.0033921 0.2366861
0.0033977 0.2175275
0.0034034 0.1999198
0.003409 0.1837373
0.0034146 0.1690586
0.0034203 0.1562892
0.0034259 0.1444842
0.0034315 0.133571
0.0034371 0.1239811
0.0034428 0.1171026
0.0034484 0.1106057
0.003454 0.1044692
0.0034597 0.0991747
0.0034653 0.0963415
0.0034709 0.0935892
0.0034765 0.0909156
0.0034822 0.0886943
0.0034878 0.0883034
0.0034934 0.0879143
0.0034991 0.0875268
0.0035047 0.0873721
0.0035103 0.0883902
0.0035159 0.0894202
0.0035216 0.0904622
0.0035272 0.0916286
0.0035328 0.0934184
0.0035385 0.0952432
0.0035441 0.0971037
0.0035497 0.0990353
0.0035553 0.1012066
0.003561 0.1034256
0.0035666 0.1056932
0.0035722 0.108007
0.0035779 0.1103499
0.0035835 0.1127436
0.0035891 0.1151893
0.0035947 0.1176697
0.0036004 0.1200841
0.003606 0.1225481
0.0036116 0.1250626
0.0036173 0.1275998
0.0036229 0.1299876
0.0036285 0.13242
0.0036341 0.134898
0.0036398 0.1373738
0.0036454 0.1395338
0.003651 0.1417278
0.0036567 0.1439562
0.0036623 0.1461425
0.0036679 0.1477464
0.0036735 0.1493679
0.0036792 0.1510072
0.0036848 0.1525661
0.0036904 0.1532982
0.0036961 0.1540338
0.0037017 0.1547729
0.0037073 0.1554254
0.0037129 0.1552471
0.0037186 0.1550691
0.0037242 0.1548912
0.0037298 0.1546633
0.0037355 0.1539303
0.0037411 0.1532007
0.0037467 0.1524746
0.0037523 0.1517499
0.003758 0.1510053
0.0037636 0.1502644
0.0037692 0.1495271
0.0037749 0.1488271
0.0037805 0.1485436
0.0037861 0.1482605
0.0037917 0.147978
0.0037974 0.1477526
0.003803 0.1483078
0.0038086 0.1488651
0.0038143 0.1494245
0.0038199 0.1500599
0.0038255 0.1518633
0.0038311 0.1536884
0.0038368 0.1555354
0.0038424 0.1574906
0.003848 0.1610464
0.0038537 0.1646824
0.0038593 0.1684005
0.0038649 0.172286
0.0038705 0.1780782
0.0038762 0.1840652
0.0038818 0.1902534
0.0038874 0.1967095
0.0038931 0.2049723
0.0038987 0.2135822
0.0039043 0.2225538
0.0039099 0.2319262
0.0039156 0.2425008
0.0039212 0.2535575
0.0039268 0.2651184
0.0039325 0.2772014
0.0039381 0.2896078
0.0039437 0.3025695
0.0039493 0.3161112
0.003955 0.3302419
0.0039606 0.3438309
0.0039662 0.3579789
0.0039719 0.3727092
0.0039775 0.388031
0.0039831 0.4019812
0.0039887 0.4164331
0.0039944 0.4314044
0.004 0.4469141
0.0040056 0.4600595
0.0040113 0.4735915
0.0040169 0.4875216
0.0040225 0.5018614
0.0040281 0.5125905
0.0040338 0.5235178
0.0040394 0.5346781
0.004045 0.5460762
0.0040507 0.5524161
0.0040563 0.5587481
0.0040619 0.5651527
0.0040675 0.5716306
0.0040732 0.5716909
0.0040788 0.5716022
0.0040844 0.5715135
0.0040901 0.5714248
0.0040957 0.564126
0.0041013 0.5567012
0.0041069 0.5493741
0.0041126 0.5421435
0.0041182 0.5281893
0.0041238 0.5143366
0.0041295 0.5008471
0.0041351 0.4877115
0.0041407 0.4702049
0.0041463 0.4531131
0.004152 0.4366426
0.0041576 0.4207708
0.0041632 0.4043145
0.0041689 0.3884398
0.0041745 0.3731885
0.0041801 0.3585359
0.0041857 0.346933
0.0041914 0.3358593
0.004197 0.3251391
0.0042026 0.314761
0.0042083 0.3095113
0.0042139 0.3046943
0.0042195 0.2999522
0.0042251 0.295284
0.0042308 0.2959756
0.0042364 0.297104
0.004242 0.2982366
0.0042477 0.2993735
0.0042533 0.3045074
0.0042589 0.310098
0.0042645 0.3157914
0.0042702 0.3215892
0.0042758 0.3285666
0.0042814 0.3358043
0.0042871 0.3432015
0.0042927 0.3507616
0.0042983 0.355734
0.0043039 0.3604756
0.0043096 0.3652804
0.0043152 0.3701493
0.0043208 0.3696707
0.0043265 0.368562
0.0043321 0.3674566
0.0043377 0.3663545
0.0043433 0.3605032
0.004349 0.3541552
0.0043546 0.3479191
0.0043602 0.3417927
0.0043659 0.3342419
0.0043715 0.3266535
0.0043771 0.3192374
0.0043827 0.3119896
0.0043884 0.3063531
0.004394 0.3010272
0.0043996 0.2957938
0.0044053 0.2906515
0.0044109 0.288334
0.0044165 0.2864621
0.0044221 0.2846024
0.0044278 0.2827547
0.0044334 0.2836917
0.004439 0.2850981
0.0044447 0.2865114
0.0044503 0.2879318
0.0044559 0.2922302
0.0044615 0.2971116
0.0044672 0.3020744
0.0044728 0.3071202
0.0044784 0.3169987
0.0044841 0.3281221
0.0044897 0.3396358
0.0044953 0.3515536
0.0045009 0.3742347
0.0045066 0.4005987
0.0045122 0.42882
0.0045178 0.4590294
0.0045235 0.5139314
0.0045291 0.5808272
0.0045347 0.6564304
0.0045403 0.7418745
0.004546 0.887533
0.0045516 1.0751767
0.0045572 1.3024922
0.0045629 1.5778671
0.0045685 2.0211522
0.0045741 2.6226308
0.0045797 3.4031046
0.0045854 4.4158412
0.004591 5.9443075
0.0045966 8.0735532
0.0046023 10.9654928
0.0046079 14.8933226
0.0046135 20.1975279
0.0046191 27.380258
0.0046248 37.1173408
0.0046304 50.317166
0.004636 64.7210208
0.0046417 82.0903
0.0046473 104.1209992
0.0046529 132.0641109
0.0046585 151.8469038
0.0046642 169.8795702
0.0046698 190.0537163
0.0046754 212.6236548
0.0046811 211.6242217
0.0046867 203.5768849
0.0046923 195.8355605
0.0046979 188.3886119
0.0047036 163.5306901
0.0047092 137.5888935
0.0047148 115.7623906
0.0047205 97.3983491
0.0047261 76.4708836
0.0047317 58.738537
0.0047373 45.1180314
0.004743 34.6558982
0.0047486 25.7401835
0.0047542 18.9073464
0.0047598 13.8883139
0.0047655 10.2016041
0.0047711 7.4653367
0.0047767 5.4559174
0.0047824 3.9873666
0.004788 2.9141007
0.0047936 2.1751026
0.0047992 1.6357813
0.0048049 1.2301858
0.0048105 0.9251586
0.0048161 0.7262895
0.0048218 0.5793276
0.0048274 0.4621029
0.004833 0.3685981
0.0048386 0.3125688
0.0048443 0.2713824
0.0048499 0.2356231
0.0048555 0.2045756
0.0048612 0.1913201
0.0048668 0.1843212
0.0048724 0.1775785
0.004878 0.1710823
0.0048837 0.1788944
0.0048893 0.1935303
0.0048949 0.2093636
0.0049006 0.2264923
0.0049062 0.2663233
0.0049118 0.3245909
0.0049174 0.3956065
0.0049231 0.4821593
0.0049287 0.633668
0.0049343 0.8612425
0.00494 1.1705478
0.0049456 1.5909366
0.0049512 2.2859229
0.0049568 3.3698777
0.0049625 4.9678296
0.0049681 7.3235095
0.0049737 11.1093552
0.0049794 17.0840585
0.004985 26.2720067
0.0049906 40.4013095
0.0049962 62.3294699
0.0050019 96.3122393
0.0050075 148.8228193
0.0050131 229.962793
0.0050188 348.9089974
0.0050244 524.4569966
0.00503 788.3291729
0.0050356 1184.9644277
0.0050413 1706.8518377
0.0050469 2403.8143137
0.0050525 3385.3689741
0.0050582 4767.7239566
0.0050638 6220.5743326
0.0050694 7784.1910866
0.005075 9740.8418632
0.0050807 12189.3205278
0.0050863 13595.5738512
0.0050919 14210.1964976
0.0050976 14852.6047309
0.0051032 15524.0546693
0.0051088 14115.8511194
0.0051144 11833.6014455
0.0051201 9920.3457153
0.0051257 8316.4250177
0.0051313 6134.7700124
0.005137 4189.8366281
0.0051426 2861.5141129
0.0051482 1954.3155844
0.0051538 1232.4855415
0.0051595 739.6771517
0.0051651 443.9178152
0.0051707 266.4176204
0.0051764 157.0503584
0.005182 91.5203214
0.0051876 53.3330157
0.0051932 31.0795517
0.0051989 18.6915946
0.0052045 11.4786173
0.0052101 7.0490858
0.0052158 4.3288847
0.0052214 2.8187048
0.005227 1.9103191
0.0052326 1.2946795
0.0052383 0.8774424
0.0052439 0.6357089
0.0052495 0.4827642
0.0052552 0.3666163
0.0052608 0.2784123
0.0052664 0.2252912
0.005272 0.1909228
0.0052777 0.1617973
0.0052833 0.1371149
0.0052889 0.1228196
0.0052946 0.1146841
0.0053002 0.1070874
0.0053058 0.099994
0.0053114 0.097963
0.0053171 0.0996041
0.0053227 0.1012726
0.0053283 0.1029691
0.005334 0.1094591
0.0053396 0.1205615
0.0053452 0.13279
0.0053508 0.1462589
0.0053565 0.1682879
0.0053621 0.2007143
0.0053677 0.2393888
0.0053734 0.2855152
0.005379 0.3546052
0.0053846 0.455789
0.0053902 0.5858449
0.0053959 0.7530111
0.0054015 0.9961232
0.0054071 1.3512445
0.0054128 1.8329679
0.0054184 2.4864272
0.005424 3.3894428
0.0054296 4.6408696
0.0054353 6.3543396
0.0054409 8.7004451
0.0054465 11.5980236
0.0054522 15.0813638
0.0054578 19.6108874
0.0054634 25.5008041
0.005469 31.4731429
0.0054747 36.9535467
0.0054803 43.3882506
0.0054859 50.9434265
0.0054916 56.5124574
0.0054972 59.2800168
0.0055028 62.1831106
0.0055084 65.2283763
0.0055141 65.759219
0.0055197 63.6753594
0.0055253 61.6575357
0.005531 59.7036553
0.0055366 56.9573644
0.0055422 53.4976412
0.0055478 50.2480696
0.0055535 47.1958845
0.0055591 44.4102391
0.0055647 41.8714862
0.0055704 39.4778635
0.005576 37.2210744
0.0055816 35.2011383
0.0055872 33.40451
0.0055929 31.6995798
0.0055985 30.0816673
0.0056041 28.3127728
0.0056098 26.3983682
0.0056154 24.6134085
0.005621 22.9491412
0.0056266 20.9315397
0.0056323 18.6016749
0.0056379 16.5311445
0.0056435 14.6910825
0.0056492 12.6954
0.0056548 10.6034309
0.0056604 8.8561799
0.005666 7.3968439
0.0056717 6.0401532
0.0056773 4.7946818
0.0056829 3.8060249
0.0056886 3.0212277
0.0056942 2.3747229
0.0056998 1.8429132
0.0057054 1.4302001
0.0057111 1.1099125
0.0057167 0.8644256
0.0057223 0.6764397
0.005728 0.529335
0.0057336 0.4142209
0.0057392 0.328655
0.0057448 0.265771
0.0057505 0.2149191
0.0057561 0.1737971
0.0057617 0.1434713
0.0057674 0.1219516
0.005773 0.1036597
0.0057786 0.0881114
0.0057842 0.0768198
0.0057899 0.0695078
0.0057955 0.0628918
0.0058011 0.0569055
0.0058068 0.0530188
0.0058124 0.0516294
0.005818 0.0502765
0.0058236 0.0489591
0.0058293 0.0492306
0.0058349 0.0520407
0.0058405 0.0550112
0.0058462 0.0581513
0.0058518 0.0634735
0.0058574 0.0729482
0.005863 0.0838373
0.0058687 0.0963517
0.0058743 0.1137787
0.0058799 0.1405452
0.0058856 0.1736085
0.0058912 0.21445
0.0058968 0.2692879
0.0059024 0.3478087
0.0059081 0.449225
0.0059137 0.5802131
0.0059193 0.750514
0.005925 0.973368
0.0059306 1.2623953
0.0059362 1.637245
0.0059418 2.0938887
0.0059475 2.6101858
0.0059531 3.2537879
0.0059587 4.0560852
0.0059644 4.929238
0.00597 5.7090367
0.0059756 6.6121985
0.0059812 7.6582392
0.0059869 8.6125983
0.0059925 9.1443278
0.0059981 9.7088856
0.0060038 10.3082984
0.0060094 10.6651511
0.006015 10.4716838
0.0060206 10.281726
0.0060263 10.0952141
0.0060319 9.7323195
0.0060375 9.0298475
0.0060432 8.3780793
0.0060488 7.7733554
0.0060544 7.1307877
0.00606 6.3822503
0.0060657 5.7122888
0.0060713 5.1126549
0.0060769 4.5402178
0.0060826 3.9615387
0.0060882 3.4566159
0.0060938 3.0160486
0.0060994 2.6117011
0.0061051 2.2219344
0.0061107 1.890336
0.0061163 1.6082248
0.006122 1.3569479
0.0061276 1.1223375
0.0061332 0.9282902
0.0061388 0.7677928
0.0061445 0.6309355
0.0061501 0.5101261
0.0061557 0.4124489
0.0061614 0.3334746
0.006167 0.2695823
0.0061726 0.2178482
0.0061782 0.1760421
0.0061839 0.1422589
0.0061895 0.1159887
0.0061951 0.0968702
0.0062008 0.0809031
0.0062064 0.0675678
0.006212 0.0573162
0.0062176 0.0507868
0.0062233 0.0450013
0.0062289 0.0398749
0.0062345 0.0359223
0.0062402 0.0339596
0.0062458 0.0321042
0.0062514 0.0303502
0.006257 0.0290731
0.0062627 0.0289858
0.0062683 0.0288987
0.0062739 0.0288119
0.0062795 0.0289732
0.0062852 0.0299366
0.0062908 0.0309319
0.0062964 0.0319604
0.0063021 0.0331774
0.0063077 0.0349736
0.0063133 0.036867
0.0063189 0.0388629
0.0063246 0.0410417
0.0063302 0.043615
0.0063358 0.0463497
0.0063415 0.0492559
0.0063471 0.0523351
0.0063527 0.055572
0.0063583 0.0590092
0.006364 0.0626589
0.0063696 0.0664244
0.0063752 0.0699805
0.0063809 0.0737271
0.0063865 0.0776743
0.0063921 0.0816004
0.0063977 0.0847735
0.0064034 0.08807
0.006409 0.0914947
0.0064146 0.0946849
0.0064203 0.096436
0.0064259 0.0982196
0.0064315 0.1000362
0.0064371 0.1014037
0.0064428 0.1007032
0.0064484 0.1000074
0.006454 0.0993165
0.0064597 0.0981195
0.0064653 0.0946774
0.0064709 0.091356
0.0064765 0.0881511
0.0064822 0.0846604
0.0064878 0.0795034
0.0064934 0.0746605
0.0064991 0.0701126
0.0065047 0.0656494
0.0065103 0.0605695
0.0065159 0.0558828
0.0065216 0.0515586
0.0065272 0.047551
0.0065328 0.0437658
0.0065385 0.0402819
0.0065441 0.0370754
0.0065497 0.0341864
0.0065553 0.0318491
0.006561 0.0296716
0.0065666 0.027643
0.0065722 0.0258294
0.0065779 0.024567
0.0065835 0.0233664
0.0065891 0.0222244
0.0065947 0.0212047
0.0066004 0.0206416
0.006606 0.0200934
0.0066116 0.0195598
0.0066173 0.0190944
0.0066229 0.0190034
0.0066285 0.0189129
0.0066341 0.0188227
0.0066398 0.0187767
0.0066454 0.0190525
0.006651 0.0193324
0.0066567 0.0196164
0.0066623 0.0199389
0.0066679 0.0205435
0.0066735 0.0211664
0.0066792 0.0218083
0.0066848 0.0224936
0.0066904 0.023412
0.0066961 0.024368
0.0067017 0.025363
0.0067073 0.0264106
0.0067129 0.0276166
0.0067186 0.0288777
0.0067242 0.0301964
0.0067298 0.031574
0.0067355 0.0330001
0.0067411 0.0344906
0.0067467 0.0360484
0.0067523 0.0376611
0.006758 0.0391669
0.0067636 0.040733
0.0067692 0.0423616
0.0067749 0.0440249
0.0067805 0.0453668
0.0067861 0.0467496
0.0067917 0.0481746
0.0067974 0.049598
0.006803 0.0504298
0.0068086 0.0512755
0.0068143 0.0521354
0.0068199 0.0529546
0.0068255 0.0529178
0.0068311 0.052881
0.0068368 0.0528443
0.0068424 0.0527519
0.006848 0.0516683
0.0068537 0.0506071
0.0068593 0.0495676
0.0068649 0.0485045
0.0068705 0.0465417
0.0068762 0.0446583
0.0068818 0.0428512
0.0068874 0.0410891
0.0068931 0.0387153
0.0068987 0.0364786
0.0069043 0.0343712
0.0069099 0.0323731
0.0069156 0.0301152
0.0069212 0.0280148
0.0069268 0.0260609
0.0069325 0.0242409
0.0069381 0.0224541
0.0069437 0.020799
0.0069493 0.0192659
0.006955 0.0178476
0.0069606 0.0166438
0.0069662 0.0155211
0.0069719 0.0144742
0.0069775 0.0134997
0.0069831 0.0128175
0.0069887 0.0121699
0.0069944 0.0115549
0.007 0.010971
0.0070056 0.0106897
0.0070113 0.0104157
0.0070169 0.0101487
0.0070225 0.0098885
0.0070281 0.0099046
0.0070338 0.0099229
0.0070394 0.0099412
0.007045 0.0099595
0.0070507 0.0102199
0.0070563 0.0104909
0.0070619 0.0107691
0.0070675 0.0110547
0.0070732 0.0115569
0.0070788 0.0120871
0.0070844 0.0126415
0.0070901 0.0132214
0.0070957 0.0140205
0.0071013 0.0148742
0.0071069 0.0157799
0.0071126 0.0167407
0.0071182 0.0179738
0.0071238 0.0193068
0.0071295 0.0207386
0.0071351 0.0222765
0.0071407 0.0241997
0.0071463 0.0263028
0.007152 0.0285888
0.0071576 0.0310734
0.0071632 0.0340667
0.0071689 0.0373663
0.0071745 0.0409855
0.0071801 0.0449551
0.0071857 0.0493765
0.0071914 0.0542375
0.007197 0.0595771
0.0072026 0.0654423
0.0072083 0.0711309
0.0072139 0.0772549
0.0072195 0.0839062
0.0072251 0.0911301
0.0072308 0.0966725
0.0072364 0.1023559
0.007242 0.1083734
0.0072477 0.1147447
0.0072533 0.1176623
0.0072589 0.1203064
0.0072645 0.1230098
0.0072702 0.125774
0.0072758 0.1246103
0.0072814 0.1230721
0.0072871 0.1215529
0.0072927 0.1200524
0.0072983 0.1159954
0.0073039 0.1118092
0.0073096 0.1077741
0.0073152 0.1038847
0.0073208 0.0993235
0.0073265 0.0948716
0.0073321 0.0906193
0.0073377 0.0865576
0.0073433 0.0829102
0.007349 0.0794447
0.0073546 0.0761241
0.0073602 0.0729422
0.0073659 0.0702719
0.0073715 0.0677494
0.0073771 0.0653174
0.0073827 0.0629727
0.0073884 0.0606468
0.007394 0.0583975
0.0073996 0.0562317
0.0074053 0.0541461
0.0074109 0.0515269
0.0074165 0.0489439
0.0074221 0.0464904
0.0074278 0.04416
0.0074334 0.0411583
0.007439 0.0382395
0.0074447 0.0355278
0.0074503 0.0330084
0.0074559 0.0301451
0.0074615 0.0274466
0.0074672 0.0249897
0.0074728 0.0227527
0.0074784 0.0205706
0.0074841 0.0185731
0.0074897 0.0167696
0.0074953 0.0151412
0.0075009 0.0137572
0.0075066 0.0125153
0.0075122 0.0113855
0.0075178 0.0103577
0.0075235 0.0095922
0.0075291 0.0089164
0.0075347 0.0082883
0.0075403 0.0077044
0.007546 0.0073513
0.0075516 0.0070549
0.0075572 0.0067704
0.0075629 0.0064974
0.0075685 0.0064462
0.0075741 0.0064448
0.0075797 0.0064434
0.0075854 0.006442
0.007591 0.0067173
0.0075966 0.0070763
0.0076023 0.0074546
0.0076079 0.007853
0.0076135 0.0087253
0.0076191 0.0098268
0.0076248 0.0110675
0.0076304 0.0124648
0.007636 0.0149612
0.0076417 0.018265
0.0076473 0.0222982
0.0076529 0.0272222
0.0076585 0.0355272
0.0076642 0.0472369
0.0076698 0.0628061
0.0076754 0.0835069
0.0076811 0.117312
0.0076867 0.1674646
0.0076923 0.2390583
0.0076979 0.3412594
0.0077036 0.4988876
0.0077092 0.7346196
0.0077148 1.0817385
0.0077205 1.5928765
0.0077261 2.2910215
0.0077317 3.2706985
0.0077373 4.6693008
0.007743 6.6659676
0.0077486 8.8515058
0.0077542 11.4759903
0.0077598 14.8786385
0.0077655 19.2901769
0.0077711 22.538773
0.0077767 25.4102139
0.0077824 28.6474765
0.007788 32.2971667
0.0077936 32.6511208
0.0077992 31.7484885
0.0078049 30.8708092
0.0078105 30.0173932
0.0078161 26.570343
0.0078218 22.7132245
0.0078274 19.4160296
0.007833 16.5974763
0.0078386 13.1987181
0.0078443 10.2075725
0.0078499 7.8942922
0.0078555 6.1052565
0.0078612 4.4824971
0.0078668 3.2233411
0.0078724 2.3178884
0.007878 1.6667819
0.0078837 1.1608812
0.0078893 0.797883
0.0078949 0.5483914
0.0079006 0.3769138
0.0079062 0.2571604
0.0079118 0.1749017
0.0079174 0.1189554
0.0079231 0.0809048
0.0079287 0.0563295
0.0079343 0.0396306
0.00794 0.0278821
0.0079456 0.0196165
0.0079512 0.0145961
0.0079568 0.011145
0.0079625 0.0085098
0.0079681 0.0064977
0.0079737 0.0053899
0.0079794 0.0046514
0.007985 0.0040141
0.0079906 0.0034641
0.0079962 0.0032945
0.0080019 0.0032873
0.0080075 0.0032801
0.0080131 0.0032729
0.0080188 0.0035912
0.0080244 0.0041364
0.00803 0.0047645
0.0080356 0.0054879
0.0080413 0.0068202
0.0080469 0.0088234
0.0080525 0.011415
0.0080582 0.0147677
0.0080638 0.0199804
0.0080694 0.0277028
0.008075 0.03841
0.0080807 0.0532556
0.0080863 0.0746976
0.0080919 0.1054589
0.0080976 0.1488882
0.0081032 0.2102021
0.0081088 0.2930833
0.0081144 0.4056784
0.0081201 0.5615297
0.0081257 0.7772551
0.0081313 1.0509257
0.008137 1.4010267
0.0081426 1.8677589
0.0081482 2.4899764
0.0081538 3.2282985
0.0081595 4.1136662
0.0081651 5.2418479
0.0081707 6.6794357
0.0081764 8.2089129
0.008182 9.8570377
0.0081876 11.8360608
0.0081932 14.2124174
0.0081989 16.1760136
0.0082045 17.7691701
0.0082101 19.5192347
0.0082158 21.4416611
0.0082214 21.8445769
0.008227 21.1382885
0.0082326 20.4548361
0.0082383 19.7934813
0.0082439 17.5202407
0.0082495 14.5634289
0.0082552 12.1056249
0.0082608 10.0626133
0.0082664 7.7001737
0.008272 5.548257
0.0082777 3.9977222
0.0082833 2.8805052
0.0082889 1.9680374
0.0082946 1.2920505
0.0083002 0.8482535
0.0083058 0.5568931
0.0083114 0.3620259
0.0083171 0.2335602
0.0083227 0.1506809
0.0083283 0.0972114
0.008334 0.0647125
0.0083396 0.0441684
0.0083452 0.0301464
0.0083508 0.0205759
0.0083565 0.0148779
0.0083621 0.0112802
0.0083677 0.0085525
0.0083734 0.0064844
0.008379 0.0052484
0.0083846 0.0044897
0.0083902 0.0038407
0.0083959 0.0032855
0.0084015 0.0029799
0.0084071 0.0028443
0.0084128 0.002715
0.0084184 0.0025915
0.008424 0.0025873
0.0084296 0.0026897
0.0084353 0.0027962
0.0084409 0.0029068
0.0084465 0.0031169
0.0084522 0.0034393
0.0084578 0.0037952
0.0084634 0.0041879
0.008469 0.0047102
0.0084747 0.0053951
0.0084803 0.0061796
0.0084859 0.0070782
0.0084916 0.0081788
0.0084972 0.0095326
0.0085028 0.0111104
0.0085084 0.0129494
0.0085141 0.0150731
0.0085197 0.0175217
0.0085253 0.020368
0.008531 0.0236767
0.0085366 0.0272193
0.0085422 0.0309308
0.0085478 0.0351483
0.0085535 0.039941
0.0085591 0.0445544
0.0085647 0.0487182
0.0085704 0.0532711
0.008576 0.0582495
0.0085816 0.0623868
0.0085872 0.0652969
0.0085929 0.0683428
0.0085985 0.0715308
0.0086041 0.0736407
0.0086098 0.0743919
0.0086154 0.0751508
0.008621 0.0759174
0.0086266 0.0760539
0.0086323 0.0754431
0.0086379 0.0748373
0.0086435 0.0742363
0.0086492 0.0735249
0.0086548 0.0726817
0.0086604 0.0718481
0.008666 0.0710242
0.0086717 0.070154
0.0086773 0.0692256
0.0086829 0.0683095
0.0086886 0.0674055
0.0086942 0.0660947
0.0086998 0.0642821
0.0087054 0.0625192
0.0087111 0.0608047
0.0087167 0.0583264
0.0087223 0.0549287
0.008728 0.0517289
0.0087336 0.0487155
0.0087392 0.045076
0.0087448 0.0407095
0.0087505 0.0367661
0.0087561 0.0332046
0.0087617 0.0295473
0.0087674 0.0257464
0.008773 0.0224345
0.0087786 0.0195486
0.0087842 0.0169226
0.0087899 0.0145095
0.0087955 0.0124405
0.0088011 0.0106665
0.0088068 0.0091743
0.0088124 0.0079282
0.008818 0.0068514
0.0088236 0.0059209
0.0088293 0.0051694
0.0088349 0.0045859
0.0088405 0.0040683
0.0088462 0.0036091
0.0088518 0.0032432
0.0088574 0.0029753
0.008863 0.0027295
0.0088687 0.002504
0.0088743 0.0023243
0.0088799 0.0022
0.0088856 0.0020823
0.0088912 0.001971
0.0088968 0.0018832
0.0089024 0.0018285
0.0089081 0.0017754
0.0089137 0.0017238
0.0089193 0.0016877
0.008925 0.0016769
0.0089306 0.0016661
0.0089362 0.0016554
0.0089418 0.0016604
0.0089475 0.0016946
0.0089531 0.0017296
0.0089587 0.0017652
0.0089644 0.0018231
0.00897 0.0019253
0.0089756 0.0020333
0.0089812 0.0021473
0.0089869 0.0022966
0.0089925 0.0025179
0.0089981 0.0027605
0.0090038 0.0030265
0.0090094 0.0033504
0.009015 0.0037827
0.0090206 0.0042707
0.0090263 0.0048216
0.0090319 0.0054588
0.0090375 0.0062164
0.0090432 0.0070791
0.0090488 0.0080616
0.0090544 0.0091274
0.00906 0.0102053
0.0090657 0.0114105
0.0090713 0.012758
0.0090769 0.014085
0.0090826 0.0151141
0.0090882 0.0162184
0.0090938 0.0174034
0.0090994 0.0183848
0.0091051 0.0187271
0.0091107 0.0190758
0.0091163 0.0194309
0.009122 0.0195029
0.0091276 0.0188917
0.0091332 0.0182996
0.0091388 0.0177261
0.0091445 0.0169749
0.0091501 0.0157964
0.0091557 0.0146998
0.0091614 0.0136792
0.009167 0.0126341
0.0091726 0.0114431
0.0091782 0.0103643
0.0091839 0.0093873
0.0091895 0.0084685
0.0091951 0.007558
0.0092008 0.0067453
0.0092064 0.0060201
0.009212 0.0053669
0.0092176 0.0047698
0.0092233 0.0042391
0.0092289 0.0037675
0.0092345 0.0033527
0.0092402 0.0029951
0.0092458 0.0026756
0.0092514 0.0023902
0.009257 0.0021428
0.0092627 0.0019416
0.0092683 0.0017593
0.0092739 0.0015941
0.0092795 0.0014524
0.0092852 0.0013468
0.0092908 0.0012489
0.0092964 0.0011581
0.0093021 0.0010817
0.0093077 0.0010347
0.0093133 0.0009898
0.0093189 0.0009468
0.0093246 0.0009131
0.0093302 0.0009054
0.0093358 0.0008979
0.0093415 0.0008904
0.0093471 0.0008898
0.0093527 0.0009144
0.0093583 0.0009396
0.009364 0.0009655
0.0093696 0.0009982
0.0093752 0.0010558
0.0093809 0.0011166
0.0093865 0.001181
0.0093921 0.0012534
0.0093977 0.0013485
0.0094034 0.0014508
0.009409 0.0015608
0.0094146 0.0016804
0.0094203 0.0018147
0.0094259 0.0019597
0.0094315 0.0021163
0.0094371 0.0022821
0.0094428 0.002446
0.0094484 0.0026217
0.009454 0.0028101
0.0094597 0.0030039
0.0094653 0.0031725
0.0094709 0.0033506
0.0094765 0.0035386
0.0094822 0.0037257
0.0094878 0.0038654
0.0094934 0.0040103
0.0094991 0.0041606
0.0095047 0.0043042
0.0095103 0.0043885
0.0095159 0.0044745
0.0095216 0.0045621
0.0095272 0.0046407
0.0095328 0.0046622
0.0095385 0.0046839
0.0095441 0.0047057
0.0095497 0.0047194
0.0095553 0.004687
0.009561 0.0046548
0.0095666 0.0046228
0.0095722 0.0045846
0.0095779 0.0045093
0.0095835 0.0044351
0.0095891 0.0043622
0.0095947 0.0042843
0.0096004 0.0041695
0.009606 0.0040578
0.0096116 0.003949
0.0096173 0.0038363
0.0096229 0.0036813
0.0096285 0.0035325
0.0096341 0.0033898
0.0096398 0.0032459
0.0096454 0.0030599
0.009651 0.0028845
0.0096567 0.0027191
0.0096623 0.0025582
0.0096679 0.0023696
0.0096735 0.0021948
0.0096792 0.0020329
0.0096848 0.001881
0.0096904 0.001725
0.0096961 0.0015819
0.0097017 0.0014506
0.0097073 0.0013308
0.0097129 0.001225
0.0097186 0.0011276
0.0097242 0.001038
0.0097298 0.000957
0.0097355 0.0008965
0.0097411 0.0008399
0.0097467 0.0007868
0.0097523 0.0007386
0.009758 0.0007096
0.0097636 0.0006817
0.0097692 0.0006549
0.0097749 0.0006304
0.0097805 0.0006215
0.0097861 0.0006128
0.0097917 0.0006041
0.0097974 0.0005965
0.009803 0.0006015
0.0098086 0.0006065
0.0098143 0.0006116
0.0098199 0.0006173
0.0098255 0.0006335
0.0098311 0.0006502
0.0098368 0.0006673
0.0098424 0.0006853
0.009848 0.0007121
0.0098537 0.0007401
0.0098593 0.0007691
0.0098649 0.0007996
0.0098705 0.0008371
0.0098762 0.0008765
0.0098818 0.0009176
0.0098874 0.0009608
0.0098931 0.0010082
0.0098987 0.001058
0.0099043 0.0011102
0.0099099 0.001165
0.0099156 0.0012196
0.0099212 0.0012768
0.0099268 0.0013367
0.0099325 0.0013993
0.0099381 0.0014559
0.0099437 0.0015149
0.0099493 0.0015762
0.009955 0.0016398
0.0099606 0.00169
0.0099662 0.0017418
0.0099719 0.0017951
0.0099775 0.0018499
0.0099831 0.0018816
0.0099887 0.0019139
0.0099944 0.0019468
0.01 0.0019802
