0.001 0
0.0010056 0
0.0010113 0
0.0010169 0
0.0010225 0
0.0010281 0
0.0010338 0
0.0010394 0
0.001045 0
0.0010507 0
0.0010563 0
0.0010619 0
0.0010675 0
0.0010732 0
0.0010788 0
0.0010844 0
0.0010901 0
0.0010957 0
0.0011013 0
0.0011069 0
0.0011126 0
0.0011182 0
0.0011238 0
0.0011295 0
0.0011351 0
0.0011407 0
0.0011463 0
0.001152 0
0.0011576 0
0.0011632 0
0.0011689 0
0.0011745 0
0.0011801 0
0.0011857 0
0.0011914 0
0.001197 0
0.0012026 0
0.0012083 0
0.0012139 0
0.0012195 0
0.0012251 0
0.0012308 0
0.0012364 0
0.001242 0
0.0012477 0
0.0012533 0
0.0012589 0
0.0012645 0
0.0012702 0
0.0012758 0
0.0012814 0
0.0012871 0
0.0012927 0
0.0012983 0
0.0013039 0
0.0013096 0
0.0013152 0
0.0013208 0
0.0013265 0
0.0013321 0
0.0013377 0
0.0013433 0
0.001349 0
0.0013546 0
0.0013602 0
0.0013659 0
0.0013715 0
0.0013771 0
0.0013827 0
0.0013884 0
0.001394 0
0.0013996 0
0.0014053 0
0.0014109 0
0.0014165 0
0.0014221 0
0.0014278 0
0.0014334 0
0.001439 1e-07
0.0014447 1e-07
0.0014503 1e-07
0.0014559 1e-07
0.0014615 1e-07
0.0014672 1e-07
0.0014728 2e-07
0.0014784 2e-07
0.0014841 3e-07
0.0014897 3e-07
0.0014953 4e-07
0.0015009 5e-07
0.0015066 6e-07
0.0015122 8e-07
0.0015178 1e-06
0.0015235 1.2e-06
0.0015291 1.5e-06
0.0015347 1.8e-06
0.0015403 2.3e-06
0.001546 2.8e-06
0.0015516 3.5e-06
0.0015572 4.3e-06
0.0015629 5.4e-06
0.0015685 6.7e-06
0.0015741 8.2e-06
0.0015797 1.02e-05
0.0015854 1.26e-05
0.001591 1.55e-05
0.0015966 1.9e-05
0.0016023 2.33e-05
0.0016079 2.85e-05
0.0016135 3.45e-05
0.0016191 4.16e-05
0.0016248 5.01e-05
0.0016304 6.04e-05
0.001636 7.16e-05
0.0016417 8.45e-05
0.0016473 9.97e-05
0.0016529 0.0001177
0.0016585 0.0001367
0.0016642 0.000158
0.0016698 0.0001826
0.0016754 0.0002111
0.0016811 0.0002408
0.0016867 0.0002735
0.0016923 0.0003106
0.0016979 0.0003528
0.0017036 0.0003966
0.0017092 0.0004446
0.0017148 0.0004984
0.0017205 0.0005586
0.0017261 0.000622
0.0017317 0.0006911
0.0017373 0.0007679
0.001743 0.0008532
0.0017486 0.0009441
0.0017542 0.0010433
0.0017598 0.0011528
0.0017655 0.0012739
0.0017711 0.001404
0.0017767 0.0015461
0.0017824 0.0017025
0.001788 0.0018748
0.0017936 0.0020609
0.0017992 0.0022641
0.0018049 0.0024873
0.0018105 0.0027325
0.0018161 0.0029982
0.0018218 0.0032882
0.0018274 0.0036062
0.001833 0.003955
0.0018386 0.0043343
0.0018443 0.0047485
0.0018499 0.0052022
0.0018555 0.0056993
0.0018612 0.0062428
0.0018668 0.0068376
0.0018724 0.007489
0.001878 0.0082025
0.0018837 0.0089886
0.0018893 0.0098521
0.0018949 0.0107985
0.0019006 0.0118359
0.0019062 0.0129882
0.0019118 0.01426
0.0019174 0.0156564
0.0019231 0.0171895
0.0019287 0.018904
0.0019343 0.020805
0.00194 0.0228971
0.0019456 0.0251996
0.0019512 0.0277835
0.0019568 0.0306576
0.0019625 0.033829
0.0019681 0.0373285
0.0019737 0.0412532
0.0019794 0.0456239
0.001985 0.0504577
0.0019906 0.0558036
0.0019962 0.061773
0.0020019 0.0684123
0.0020075 0.0757651
0.0020131 0.0839081
0.0020188 0.092928
0.0020244 0.1029183
0.00203 0.1139826
0.0020356 0.1262364
0.0020413 0.1396273
0.0020469 0.1543335
0.0020525 0.1705886
0.0020582 0.1885558
0.0020638 0.2077394
0.0020694 0.2284688
0.002075 0.2512668
0.0020807 0.2763396
0.0020863 0.302114
0.0020919 0.329186
0.0020976 0.3586839
0.0021032 0.390825
0.0021088 0.4221159
0.0021144 0.4535781
0.0021201 0.4873852
0.0021257 0.5237122
0.0021313 0.5568019
0.002137 0.588207
0.0021426 0.6213834
0.0021482 0.6564311
0.0021538 0.6862535
0.0021595 0.7127875
0.0021651 0.7403474
0.0021707 0.768973
0.0021764 0.7920515
0.002182 0.8114532
0.0021876 0.83133
0.0021932 0.8516938
0.0021989 0.8678545
0.0022045 0.8811621
0.0022101 0.8946737
0.0022158 0.9083925
0.0022214 0.9199185
0.002227 0.9299311
0.0022326 0.9400526
0.0022383 0.9502843
0.0022439 0.9601086
0.0022495 0.9696651
0.0022552 0.9793168
0.0022608 0.9890644
0.0022664 0.9996428
0.002272 1.0108739
0.0022777 1.0222312
0.0022833 1.0337161
0.0022889 1.0467884
0.0022946 1.0611349
0.0023002 1.0756781
0.0023058 1.0904206
0.0023114 1.1072157
0.0023171 1.1257246
0.0023227 1.1445429
0.0023283 1.1636758
0.002334 1.1852141
0.0023396 1.2088474
0.0023452 1.2329519
0.0023508 1.2575371
0.0023565 1.2849035
0.0023621 1.3147924
0.0023677 1.3453767
0.0023734 1.3766724
0.002379 1.411243
0.0023846 1.4488976
0.0023902 1.4875568
0.0023959 1.5272475
0.0024015 1.5708944
0.0024071 1.6183953
0.0024128 1.6673325
0.0024184 1.7177495
0.002424 1.7730481
0.0024296 1.8332509
0.0024353 1.895498
0.0024409 1.9598586
0.0024465 2.0303272
0.0024522 2.1071059
0.0024578 2.1867881
0.0024634 2.2694835
0.002469 2.3598886
0.0024747 2.4584582
0.0024803 2.5611451
0.0024859 2.668121
0.0024916 2.7849102
0.0024972 2.9123177
0.0025028 3.045554
0.0025084 3.1848857
0.0025141 3.336905
0.0025197 3.5029081
0.0025253 3.6771694
0.002531 3.8600998
0.0025366 4.059971
0.0025422 4.2788354
0.0025478 4.5094984
0.0025535 4.7525958
0.0025591 5.019595
0.0025647 5.3139159
0.0025704 5.6254941
0.002576 5.9553416
0.0025816 6.3212968
0.0025872 6.7295708
0.0025929 7.164214
0.0025985 7.6269296
0.0026041 8.1465414
0.0026098 8.7347107
0.0026154 9.3653449
0.002621 10.0415101
0.0026266 10.8028003
0.0026323 11.6680794
0.0026379 12.6026654
0.0026435 13.6121095
0.0026492 14.7207541
0.0026548 15.9438655
0.0026604 17.2686023
0.002666 18.7034081
0.0026717 20.1855737
0.0026773 21.6883185
0.0026829 23.3029374
0.0026886 25.0377589
0.0026942 26.6815595
0.0026998 28.1327277
0.0027054 29.6628226
0.0027111 31.2761371
0.0027167 32.6704374
0.0027223 33.7042811
0.002728 34.7708404
0.0027336 35.8711506
0.0027392 36.738699
0.0027448 37.2536403
0.0027505 37.7757992
0.0027561 38.3052768
0.0027617 38.673158
0.0027674 38.803845
0.002773 38.9349736
0.0027786 39.0665453
0.0027842 39.1162141
0.0027899 39.0456334
0.0027955 38.9751801
0.0028011 38.9048539
0.0028068 38.8074337
0.0028124 38.6693084
0.002818 38.5316747
0.0028236 38.3945309
0.0028293 38.2607736
0.0028349 38.1319821
0.0028405 38.003624
0.0028462 37.8756981
0.0028518 37.7662747
0.0028574 37.6861585
0.002863 37.6062122
0.0028687 37.5264355
0.0028743 37.4724398
0.0028799 37.4610149
0.0028856 37.4495935
0.0028912 37.4381755
0.0028968 37.4569925
0.0029024 37.5277273
0.0029081 37.5985957
0.0029137 37.669598
0.0029193 37.7758195
0.002925 37.9447261
0.0029306 38.114388
0.0029362 38.2848084
0.0029418 38.4983119
0.0029475 38.7909977
0.0029531 39.0859086
0.0029587 39.3830616
0.0029644 39.7356047
0.00297 40.1928864
0.0029756 40.6554306
0.0029812 41.1232978
0.0029869 41.6641221
0.0029925 42.3462611
0.0029981 43.0395683
0.0030038 43.7442265
0.0030094 44.54485
0.003015 45.5345275
0.0030206 46.5461932
0.0030263 47.5803357
0.0030319 48.7386252
0.0030375 50.1427182
0.0030432 51.5872613
0.0030488 53.0734196
0.0030544 54.7162169
0.00306 56.6649578
0.0030657 58.6831039
0.0030713 60.7731271
0.0030769 63.0538909
0.0030826 65.6918297
0.0030882 68.44013
0.0030938 71.3034089
0.0030994 74.3854602
0.0031051 77.8413476
0.0031107 81.4577927
0.0031163 85.2422549
0.003122 89.2496804
0.0031276 93.5645728
0.0031332 98.0880743
0.0031388 102.8302704
0.0031445 107.7440248
0.0031501 112.7415573
0.0031557 117.9708924
0.0031614 123.4427816
0.003167 128.9422876
0.0031726 134.0757181
0.0031782 139.4135198
0.0031839 144.9638294
0.0031895 150.3037836
0.0031951 154.6418143
0.0032008 159.1050483
0.0032064 163.6970989
0.003212 167.8453373
0.0032176 170.4547661
0.0032233 173.1047628
0.0032289 175.795958
0.0032345 178.0030485
0.0032402 178.6961158
0.0032458 179.3918816
0.0032514 180.0903565
0.003257 180.5543655
0.0032627 180.3008778
0.0032683 180.0477461
0.0032739 179.7949697
0.0032795 179.7012062
0.0032852 180.1089147
0.0032908 180.5175482
0.0032964 180.9271088
0.0033021 181.8101212
0.0033077 184.2685332
0.0033133 186.7601874
0.0033189 189.2855336
0.0033246 192.4532148
0.0033302 197.8119204
0.0033358 203.3198348
0.0033415 208.9811127
0.0033471 215.3670295
0.0033527 224.0563298
0.0033583 233.0962127
0.003364 242.500823
0.0033696 252.6657182
0.0033752 264.7500591
0.0033809 277.4123625
0.0033865 290.6802707
0.0033921 304.6605138
0.0033977 319.6333223
0.0034034 335.3419826
0.003409 351.8226588
0.0034146 368.8031694
0.0034203 385.2682329
0.0034259 402.4683723
0.0034315 420.4364047
0.0034371 438.4820144
0.0034428 454.0518444
0.0034484 470.1745355
0.003454 486.8697188
0.0034597 503.0832511
0.0034653 514.8240217
0.0034709 526.8387941
0.0034765 539.1339628
0.0034822 550.4526548
0.0034878 555.8804189
0.0034934 561.3617038
0.0034991 566.8970372
0.0035047 571.2464087
0.0035103 569.3632148
0.0035159 567.4862291
0.0035216 565.6154312
0.0035272 562.7203415
0.0035328 554.403983
0.0035385 546.2105307
0.0035441 538.1381682
0.0035497 529.4713937
0.0035553 516.9943902
0.003561 504.8114075
0.0035666 492.915517
0.0035722 480.9214061
0.0035779 467.0092236
0.0035835 453.4994951
0.0035891 440.3805786
0.0035947 427.5548819
0.0036004 414.5679009
0.003606 401.9753994
0.0036116 389.7653953
0.0036173 378.0599608
0.0036229 367.5921358
0.0036285 357.4141468
0.0036341 347.5179686
0.0036398 338.1683735
0.0036454 331.0164136
0.003651 324.0157112
0.0036567 317.1630675
0.0036623 310.7856755
0.0036679 307.0948589
0.0036735 303.4478736
0.0036792 299.8441991
0.0036848 296.5927643
0.0036904 295.9912755
0.0036961 295.3910064
0.0037017 294.7919547
0.0037073 294.4099679
0.0037129 296.025839
0.0037186 297.6505789
0.0037242 299.2842361
0.0037298 300.9952447
0.0037355 303.4104008
0.0037411 305.8449359
0.0037467 308.2990055
0.0037523 310.6842447
0.003758 312.1002607
0.0037636 313.5227305
0.0037692 314.9516835
0.0037749 316.1968663
0.0037805 315.1066141
0.0037861 314.0201212
0.0037917 312.9373744
0.0037974 311.6667469
0.003803 307.7838867
0.0038086 303.9494006
0.0038143 300.162686
0.0038199 296.316664
0.0038255 290.8823297
0.0038311 285.547659
0.0038368 280.3108241
0.0038424 275.1757281
0.003848 270.2353965
0.0038537 265.3837605
0.0038593 260.6192277
0.0038649 256.032206
0.0038705 253.4460216
0.0038762 250.8859603
0.0038818 248.3517582
0.0038874 245.9767716
0.0038931 247.0369946
0.0038987 248.1017874
0.0039043 249.1711697
0.0039099 250.381335
0.0039156 256.0504591
0.0039212 261.8479433
0.0039268 267.7766938
0.0039325 273.9508323
0.0039381 285.2394445
0.0039437 296.9932233
0.0039493 309.2313365
0.003955 322.0425595
0.0039606 340.1123323
0.0039662 359.195998
0.0039719 379.3504461
0.0039775 400.6584836
0.0039831 426.343632
0.0039887 453.6753868
0.0039944 482.7593077
0.004 513.7077213
0.0040056 546.2305216
0.0040113 580.812338
0.0040169 617.5835269
0.0040225 656.6826973
0.0040281 691.9095271
0.0040338 728.9756157
0.0040394 768.0273611
0.004045 809.1711365
0.0040507 838.8553354
0.0040563 869.4140005
0.0040619 901.0858874
0.0040675 933.9115496
0.0040732 947.9932984
0.0040788 961.8252452
0.0040844 975.8590107
0.0040901 990.0975395
0.0040957 981.995781
0.0041013 973.2749572
0.0041069 964.6315806
0.0041126 956.0649633
0.0041182 926.9127243
0.0041238 897.8758316
0.0041295 869.7485619
0.0041351 842.5024199
0.0041407 800.3493521
0.0041463 759.6051988
0.004152 720.9352471
0.0041576 684.2339039
0.0041632 639.2231785
0.0041689 596.6495332
0.0041745 556.9113847
0.0041801 519.8198827
0.0041857 479.668137
0.0041914 442.2931469
0.004197 407.8303576
0.0042026 376.0528548
0.0042083 344.4160518
0.0042139 315.2861293
0.0042195 288.619949
0.0042251 264.2091334
0.0042308 241.4220459
0.0042364 220.5675423
0.004242 201.5144911
0.0042477 184.1072793
0.0042533 168.7082165
0.0042589 154.6389084
0.0042645 141.7429008
0.0042702 129.922347
0.0042758 119.9246438
0.0042814 110.7732013
0.0042871 102.3201049
0.0042927 94.5120637
0.0042983 88.1257488
0.0043039 82.2548287
0.0043096 76.775028
0.0043152 71.6602907
0.0043208 67.5523567
0.0043265 63.7541885
0.0043321 60.1695743
0.0043377 56.7865071
0.0043433 54.0737568
0.004349 51.5490045
0.0043546 49.1421352
0.0043602 46.8476447
0.0043659 44.9884919
0.0043715 43.2464009
0.0043771 41.5717691
0.0043827 39.961984
0.0043884 38.64192
0.004394 37.3977938
0.0043996 36.1937238
0.0044053 35.0284204
0.0044109 34.0730991
0.0044165 33.1701672
0.0044221 32.291163
0.0044278 31.4354522
0.0044334 30.7541121
0.004439 30.1123453
0.0044447 29.4839708
0.0044503 28.8687089
0.0044559 28.4207669
0.0044615 28.0067792
0.0044672 27.5988219
0.0044728 27.196807
0.0044784 26.973704
0.0044841 26.7847361
0.0044897 26.5970921
0.0044953 26.4107626
0.0045009 26.4269518
0.0045066 26.4832385
0.0045122 26.539645
0.0045178 26.5961717
0.0045235 26.8850422
0.0045291 27.2263914
0.0045347 27.5720745
0.0045403 27.9221467
0.004546 28.5337796
0.0045516 29.2169833
0.0045572 29.9165454
0.0045629 30.6328576
0.0045685 31.6307166
0.0045741 32.7246045
0.0045797 33.8563223
0.0045854 35.0271785
0.004591 36.480981
0.0045966 38.0567378
0.0046023 39.7005576
0.0046079 41.4153805
0.0046135 43.3889595
0.0046191 45.5060026
0.0046248 47.7263409
0.0046304 50.0550144
0.004636 52.5908398
0.0046417 55.2813668
0.0046473 58.10954
0.0046529 61.0824015
0.0046585 64.184293
0.0046642 67.4369496
0.0046698 70.8544405
0.0046754 74.445119
0.0046811 78.0529537
0.0046867 81.7853748
0.0046923 85.6962768
0.0046979 89.7941946
0.0047036 93.733681
0.0047092 97.7338464
0.0047148 101.9047223
0.0047205 106.2535939
0.0047261 110.1470306
0.0047317 113.9733975
0.0047373 117.9326875
0.004743 122.0295181
0.0047486 125.1929664
0.0047542 128.0763061
0.0047598 131.0260525
0.0047655 134.043735
0.0047711 135.4880125
0.0047767 136.3821436
0.0047824 137.2821754
0.004788 138.1881468
0.0047936 136.927875
0.0047992 134.9185519
0.0048049 132.9387142
0.0048105 130.9879293
0.0048161 126.7120965
0.0048218 121.7414306
0.0048274 116.9657541
0.004833 112.3774181
0.0048386 105.9842479
0.0048443 99.2425437
0.0048499 92.9296822
0.0048555 87.0183846
0.0048612 80.2445283
0.0048668 73.5459868
0.0048724 67.4066168
0.004878 61.7797406
0.0048837 56.0995885
0.0048893 50.7459362
0.0048949 45.9031894
0.0049006 41.5225918
0.0049062 37.4727337
0.0049118 33.7840416
0.0049174 30.4584521
0.0049231 27.4602226
0.0049287 24.8444525
0.0049343 22.5131507
0.00494 20.4006087
0.0049456 18.486299
0.0049512 16.8725428
0.0049568 15.4508657
0.0049625 14.1489789
0.0049681 12.9567888
0.0049737 11.9690211
0.0049794 11.1027399
0.004985 10.2991576
0.0049906 9.5537361
0.0049962 8.9402417
0.0050019 8.402454
0.0050075 7.8970162
0.0050131 7.4219824
0.0050188 7.0316886
0.0050244 6.6892946
0.00503 6.3635729
0.0050356 6.0537115
0.0050413 5.7996008
0.0050469 5.5768648
0.0050525 5.3626832
0.0050582 5.1567273
0.0050638 4.9891092
0.0050694 4.8431044
0.005075 4.7013725
0.0050807 4.5637883
0.0050863 4.4542259
0.0050919 4.3605748
0.0050976 4.2688927
0.0051032 4.1791383
0.0051088 4.1114622
0.0051144 4.0565148
0.0051201 4.0023018
0.0051257 3.9488133
0.0051313 3.9142641
0.005137 3.8909405
0.0051426 3.8677559
0.0051482 3.8447094
0.0051538 3.8394268
0.0051595 3.8451403
0.0051651 3.8508622
0.0051707 3.8565926
0.0051764 3.8805072
0.005182 3.9163559
0.0051876 3.9525359
0.0051932 3.9890501
0.0051989 4.045727
0.0052045 4.1165846
0.0052101 4.1886831
0.0052158 4.2620445
0.0052214 4.359316
0.005227 4.4746953
0.0052326 4.5931284
0.0052383 4.7146961
0.0052439 4.8660753
0.0052495 5.0417597
0.0052552 5.223787
0.0052608 5.4123862
0.0052664 5.6392853
0.005272 5.8996747
0.0052777 6.1720875
0.0052833 6.4570786
0.0052889 6.7916655
0.0052946 7.1724688
0.0053002 7.5746235
0.0053058 7.9993266
0.0053114 8.4872816
0.0053171 9.0374957
0.0053227 9.6233791
0.0053283 10.2472442
0.005334 10.9487505
0.0053396 11.7300652
0.0053452 12.5671354
0.0053508 13.4639398
0.0053565 14.4506155
0.0053621 15.5324599
0.0053677 16.6952966
0.0053734 17.9451891
0.005379 19.2917
0.0053846 20.7420199
0.0053902 22.3013727
0.0053959 23.9779551
0.0054015 25.7496551
0.0054071 27.6232957
0.0054128 29.6332693
0.0054184 31.789496
0.005424 34.027419
0.0054296 36.3505961
0.0054353 38.832385
0.0054409 41.4836147
0.0054465 44.180944
0.0054522 46.920779
0.0054578 49.830522
0.0054634 52.9207096
0.005469 55.9757578
0.0054747 58.9787917
0.0054803 62.1429348
0.0054859 65.4768305
0.0054916 68.6137239
0.0054972 71.515009
0.0055028 74.5389729
0.0055084 77.6908031
0.0055141 80.3797501
0.0055197 82.5402734
0.0055253 84.7588693
0.005531 87.0370988
0.0055366 88.5212432
0.0055422 89.1295481
0.0055478 89.7420331
0.0055535 90.3587271
0.0055591 89.9287843
0.0055647 88.3868331
0.0055704 86.8713207
0.005576 85.3817938
0.0055816 82.8635137
0.0055872 79.297692
0.0055929 75.8853164
0.0055985 72.6197838
0.0056041 68.666609
0.0056098 64.0433301
0.0056154 59.7313336
0.005621 55.7096611
0.0056266 51.4727533
0.0056323 47.0334532
0.0056379 42.9770234
0.0056435 39.2704429
0.0056492 35.6933365
0.0056548 32.2329668
0.0056604 29.1080703
0.005666 26.2861238
0.0056717 23.7203254
0.0056773 21.3852623
0.0056829 19.2800662
0.0056886 17.3821087
0.0056942 15.7225564
0.0056998 14.2819927
0.0057054 12.9734192
0.0057111 11.7847425
0.0057167 10.7703371
0.0057223 9.9234626
0.005728 9.143178
0.0057336 8.4242474
0.0057392 7.8206595
0.0057448 7.3360678
0.0057505 6.881503
0.0057561 6.4551043
0.0057617 6.1033236
0.0057674 5.8359637
0.005773 5.5803156
0.0057786 5.3358663
0.0057842 5.1411902
0.0057899 5.0092022
0.0057955 4.8806025
0.0058011 4.7553044
0.0058068 4.6658959
0.0058124 4.6269874
0.005818 4.5884034
0.0058236 4.5501411
0.0058293 4.5412643
0.0058349 4.5779658
0.0058405 4.614964
0.0058462 4.6522612
0.0058518 4.7181288
0.0058574 4.8313874
0.005863 4.9473649
0.0058687 5.0661263
0.0058743 5.2184846
0.0058799 5.428413
0.0058856 5.6467864
0.0058912 5.8739444
0.0058968 6.1479808
0.0059024 6.5030859
0.0059081 6.8787019
0.0059137 7.2760133
0.0059193 7.748096
0.005925 8.3494453
0.0059306 8.997467
0.0059362 9.6957832
0.0059418 10.5263223
0.0059475 11.5846447
0.0059531 12.7493714
0.0059587 14.0312004
0.0059644 15.5679771
0.00597 17.5407559
0.0059756 19.763526
0.0059812 22.2679661
0.0059869 25.3037382
0.0059925 29.2348542
0.0059981 33.776697
0.0060038 39.0241475
0.0060094 45.4561565
0.006015 53.8292842
0.0060206 63.744761
0.0060263 75.4866913
0.0060319 89.9937775
0.0060375 108.8073532
0.0060432 131.5539855
0.0060488 159.0558964
0.0060544 193.0336166
0.00606 236.191271
0.0060657 288.9979344
0.0060713 353.6108924
0.0060769 432.2935485
0.0060826 527.4535049
0.0060882 643.5608414
0.0060938 785.226665
0.0060994 951.4584357
0.0061051 1134.448669
0.0061107 1352.6326892
0.0061163 1612.7791781
0.006122 1897.272741
0.0061276 2160.7688971
0.0061332 2460.8598046
0.0061388 2802.6277988
0.0061445 3132.2879744
0.0061501 3339.6596027
0.0061557 3560.7601706
0.0061614 3796.4985959
0.006167 3961.6626858
0.0061726 3909.5067541
0.0061782 3858.0374637
0.0061839 3807.2457749
0.0061895 3680.1152509
0.0061951 3364.1719335
0.0062008 3075.3528156
0.0062064 2811.3292445
0.006212 2526.9934722
0.0062176 2166.6478944
0.0062233 1857.6870696
0.0062289 1592.7836071
0.0062345 1350.2559682
0.0062402 1107.4785172
0.0062458 908.3527086
0.0062514 745.029931
0.006257 607.652698
0.0062627 487.2488157
0.0062683 390.7024673
0.0062739 313.2863807
0.0062795 251.0323453
0.0062852 200.7004156
0.0062908 160.4600267
0.0062964 128.2878269
0.0063021 102.867327
0.0063077 83.2835861
0.0063133 67.428171
0.0063189 54.5912881
0.0063246 44.4321449
0.0063302 36.824794
0.0063358 30.5199187
0.0063415 25.2945187
0.0063471 21.1005132
0.0063527 18.0171235
0.0063583 15.3843054
0.006364 13.1362175
0.0063696 11.2936515
0.0063752 9.961896
0.0063809 8.7871821
0.0063865 7.7509912
0.0063921 6.8819369
0.0063977 6.2695536
0.0064034 5.7116627
0.006409 5.2034153
0.0064146 4.768407
0.0064203 4.4770193
0.0064259 4.2034378
0.0064315 3.9465742
0.0064371 3.7244222
0.0064428 3.5933608
0.0064484 3.4669113
0.006454 3.3449116
0.0064597 3.2416048
0.0064653 3.2056553
0.0064709 3.1701044
0.0064765 3.1349478
0.0064822 3.1126548
0.0064878 3.1504453
0.0064934 3.1886946
0.0064991 3.2274082
0.0065047 3.2790213
0.0065103 3.395911
0.0065159 3.5169676
0.0065216 3.6423395
0.0065272 3.786067
0.0065328 4.013351
0.0065385 4.2542793
0.0065441 4.5096709
0.0065497 4.7970527
0.0065553 5.2040337
0.006561 5.6455429
0.0065666 6.1245097
0.0065722 6.6645985
0.0065779 7.3875256
0.0065835 8.1888706
0.0065891 9.0771396
0.0065947 10.0861607
0.0066004 11.3821155
0.006606 12.8445854
0.0066116 14.4949657
0.0066173 16.3825788
0.0066229 18.711356
0.0066285 21.3711679
0.0066341 24.409071
0.0066398 27.8930984
0.0066454 31.9940632
0.006651 36.6979698
0.0066567 42.0934651
0.0066623 48.2558329
0.0066679 55.082875
0.0066735 62.8757797
0.0066792 71.7711934
0.0066848 81.7994859
0.0066904 92.020962
0.0066961 103.5196903
0.0067017 116.4552733
0.0067073 130.6983854
0.0067129 143.5220195
0.0067186 157.6038604
0.0067242 173.0673585
0.0067298 189.4874916
0.0067355 201.3769175
0.0067411 214.0123475
0.0067467 227.4405898
0.0067523 240.9233713
0.006758 246.1279591
0.0067636 251.4449799
0.0067692 256.8768625
0.0067749 261.5686298
0.0067805 255.8372199
0.0067861 250.231395
0.0067917 244.748403
0.0067974 238.6707711
0.006803 223.3497136
0.0068086 209.012165
0.0068143 195.5949905
0.0068199 182.5868578
0.0068255 163.9812392
0.0068311 147.271535
0.0068368 132.2645512
0.0068424 118.5713
0.006848 102.877913
0.0068537 89.2616087
0.0068593 77.4474769
0.0068649 67.1211384
0.0068705 56.7974177
0.0068762 48.0615606
0.0068818 40.669342
0.0068874 34.3960369
0.0068931 28.7020172
0.0068987 23.950602
0.0069043 19.9857499
0.0069099 16.6758923
0.0069156 13.877674
0.0069212 11.5489974
0.0069268 9.6110731
0.0069325 7.9996835
0.0069381 6.7073501
0.0069437 5.6237906
0.0069493 4.7152781
0.006955 3.9544749
0.0069606 3.3685166
0.0069662 2.8693833
0.0069719 2.4442095
0.0069775 2.082381
0.0069831 1.8133059
0.0069887 1.5789994
0.0069944 1.3749689
0.007 1.1973021
0.0070056 1.0701695
0.0070113 0.9565362
0.0070169 0.8549687
0.0070225 0.764186
0.0070281 0.702472
0.0070338 0.6458791
0.0070394 0.5938455
0.007045 0.5460038
0.0070507 0.5163798
0.0070563 0.4885734
0.0070619 0.4622644
0.0070675 0.4373721
0.0070732 0.4250581
0.0070788 0.4133464
0.0070844 0.4019573
0.0070901 0.390882
0.0070957 0.3893646
0.0071013 0.3881423
0.0071069 0.3869239
0.0071126 0.3857093
0.0071182 0.3923785
0.0071238 0.3994795
0.0071295 0.406709
0.0071351 0.4140693
0.0071407 0.4282996
0.0071463 0.4433509
0.007152 0.4589311
0.0071576 0.4750589
0.0071632 0.4972531
0.0071689 0.520806
0.0071745 0.5454744
0.0071801 0.5713112
0.0071857 0.6022612
0.0071914 0.6351512
0.007197 0.6698373
0.0072026 0.7064177
0.0072083 0.7467235
0.0072139 0.7894618
0.0072195 0.8346462
0.0072251 0.8824166
0.0072308 0.9319464
0.0072364 0.9841725
0.007242 1.0393254
0.0072477 1.0975691
0.0072533 1.1550627
0.0072589 1.2151878
0.0072645 1.2784426
0.0072702 1.3449901
0.0072758 1.407857
0.0072814 1.4729227
0.0072871 1.5409955
0.0072927 1.6122144
0.0072983 1.6764123
0.0073039 1.7420088
0.0073096 1.8101721
0.0073152 1.8810025
0.0073208 1.9408662
0.0073265 2.000974
0.0073321 2.0629433
0.0073377 2.1268317
0.0073433 2.1750037
0.007349 2.2219769
0.0073546 2.2699647
0.0073602 2.3189888
0.0073659 2.3470129
0.0073715 2.3723388
0.0073771 2.397938
0.0073827 2.4238134
0.0073884 2.4240106
0.007394 2.4204265
0.0073996 2.4168477
0.0074053 2.4132742
0.0074109 2.3817877
0.0074165 2.3464281
0.0074221 2.3115935
0.0074278 2.277276
0.0074334 2.2168357
0.007439 2.1537086
0.0074447 2.0923791
0.0074503 2.032796
0.0074559 1.9530259
0.0074615 1.8726891
0.0074672 1.795657
0.0074728 1.7217936
0.0074784 1.6361059
0.0074841 1.5520488
0.0074897 1.4723101
0.0074953 1.3966682
0.0075009 1.3173869
0.0075066 1.2412039
0.0075122 1.1694265
0.0075178 1.1017999
0.0075235 1.036555
0.0075291 0.9748733
0.0075347 0.916862
0.0075403 0.8623028
0.007546 0.8134106
0.0075516 0.7677943
0.0075572 0.7247362
0.0075629 0.6840927
0.0075685 0.6502096
0.0075741 0.6189948
0.0075797 0.5892785
0.0075854 0.5609888
0.007591 0.5392574
0.0075966 0.5195898
0.0076023 0.5006395
0.0076079 0.4823803
0.0076135 0.4698948
0.0076191 0.4590086
0.0076248 0.4483745
0.0076304 0.4379868
0.007636 0.4323858
0.0076417 0.4280612
0.0076473 0.4237798
0.0076529 0.4195413
0.0076585 0.4190195
0.0076642 0.4195275
0.0076698 0.4200362
0.0076754 0.4205454
0.0076811 0.4236009
0.0076867 0.4274283
0.0076923 0.4312903
0.0076979 0.4351872
0.0077036 0.4403152
0.0077092 0.4458722
0.0077148 0.4514992
0.0077205 0.4571972
0.0077261 0.46269
0.0077317 0.4681598
0.0077373 0.4736943
0.007743 0.4792943
0.0077486 0.4832772
0.0077542 0.4867346
0.0077598 0.4902166
0.0077655 0.4937236
0.0077711 0.4944809
0.0077767 0.4942885
0.0077824 0.4940962
0.007788 0.493904
0.0077936 0.4903678
0.0077992 0.4856766
0.0078049 0.4810303
0.0078105 0.4764284
0.0078161 0.4685572
0.0078218 0.4596125
0.0078274 0.4508385
0.007833 0.4422321
0.0078386 0.4310274
0.0078443 0.4190735
0.0078499 0.4074511
0.0078555 0.396151
0.0078612 0.3832822
0.0078668 0.3701056
0.0078724 0.3573819
0.007878 0.3450957
0.0078837 0.3323422
0.0078893 0.3197051
0.0078949 0.3075485
0.0079006 0.2958542
0.0079062 0.284647
0.0079118 0.2738819
0.0079174 0.2635239
0.0079231 0.2535577
0.0079287 0.2447919
0.0079343 0.2366845
0.00794 0.2288455
0.0079456 0.2212662
0.0079512 0.2153787
0.0079568 0.2102984
0.0079625 0.205338
0.0079681 0.2004945
0.0079737 0.1976982
0.0079794 0.1958582
0.007985 0.1940353
0.0079906 0.1922293
0.0079962 0.1927985
0.0080019 0.1945495
0.0080075 0.1963165
0.0080131 0.1980995
0.0080188 0.2026655
0.0080244 0.2087994
0.00803 0.2151189
0.0080356 0.2216296
0.0080413 0.2315066
0.0080469 0.2435925
0.0080525 0.2563093
0.0080582 0.2696901
0.0080638 0.2872575
0.0080694 0.308019
0.008075 0.330281
0.0080807 0.354152
0.0080863 0.3832273
0.0080919 0.4168307
0.0080976 0.4533806
0.0081032 0.4931354
0.0081088 0.5390096
0.0081144 0.5908369
0.0081201 0.6476476
0.0081257 0.7099208
0.0081313 0.7783563
0.008137 0.8535043
0.0081426 0.9359076
0.0081482 1.0262667
0.0081538 1.1206709
0.0081595 1.2205924
0.0081651 1.329423
0.0081707 1.4479572
0.0081764 1.5649614
0.008182 1.6830783
0.0081876 1.8101103
0.0081932 1.9467301
0.0081989 2.0726436
0.0082045 2.1920001
0.0082101 2.3182299
0.0082158 2.4517289
0.0082214 2.563789
0.008227 2.6603489
0.0082326 2.7605454
0.0082383 2.8645157
0.0082439 2.93856
0.0082495 2.9902766
0.0082552 3.0429033
0.0082608 3.0964561
0.0082664 3.1172123
0.008272 3.1136342
0.0082777 3.1100603
0.0082833 3.1064904
0.0082889 3.0735356
0.0082946 3.0193035
0.0083002 2.9660283
0.0083058 2.9136931
0.0083114 2.8393875
0.0083171 2.7498463
0.0083227 2.6631288
0.0083283 2.579146
0.008334 2.4812864
0.0083396 2.3745396
0.0083452 2.2723851
0.0083508 2.1746254
0.0083565 2.0694852
0.0083621 1.9604119
0.0083677 1.8570873
0.0083734 1.7592085
0.008379 1.6582788
0.0083846 1.5566133
0.0083902 1.4611806
0.0083959 1.3715988
0.0084015 1.2816332
0.0084071 1.1927948
0.0084128 1.1101143
0.0084184 1.033165
0.008424 0.9575164
0.0084296 0.8840563
0.0084353 0.816232
0.0084409 0.7536111
0.0084465 0.6933781
0.0084522 0.6359041
0.0084578 0.5831941
0.0084634 0.5348532
0.008469 0.4894949
0.0084747 0.4470889
0.0084803 0.4083566
0.0084859 0.3729797
0.0084916 0.3407264
0.0084972 0.3113152
0.0085028 0.2844427
0.0085084 0.2598898
0.0085141 0.2382599
0.0085197 0.2191805
0.0085253 0.2016291
0.008531 0.1854831
0.0085366 0.1718938
0.0085422 0.1605346
0.0085478 0.1499261
0.0085535 0.1400186
0.0085591 0.132305
0.0085647 0.1266035
0.0085704 0.1211478
0.008576 0.1159271
0.0085816 0.1126634
0.0085872 0.1113925
0.0085929 0.1101359
0.0085985 0.1088936
0.0086041 0.1095851
0.0086098 0.1125358
0.0086154 0.115566
0.008621 0.1186778
0.0086266 0.1240113
0.0086323 0.1322717
0.0086379 0.1410823
0.0086435 0.1504798
0.0086492 0.162843
0.0086548 0.1793525
0.0086604 0.1975357
0.008666 0.2175623
0.0086717 0.2419307
0.0086773 0.2722876
0.0086829 0.3064535
0.0086886 0.3449064
0.0086942 0.389724
0.0086998 0.4426253
0.0087054 0.5027074
0.0087111 0.570945
0.0087167 0.6476087
0.0087223 0.7333031
0.008728 0.8303369
0.0087336 0.9402107
0.0087392 1.0589133
0.0087448 1.1838156
0.0087505 1.3234506
0.0087561 1.479556
0.0087617 1.64089
0.0087674 1.7992789
0.008773 1.9729564
0.0087786 2.1633984
0.0087842 2.3504109
0.0087899 2.5193127
0.0087955 2.7003518
0.0088011 2.8944006
0.0088068 3.0734316
0.0088124 3.2176586
0.008818 3.3686539
0.0088236 3.5267348
0.0088293 3.6598155
0.0088349 3.7461015
0.0088405 3.8344219
0.0088462 3.9248246
0.0088518 3.9856197
0.0088574 3.9960678
0.008863 4.0065433
0.0088687 4.0170462
0.0088743 3.9994608
0.0088799 3.9359149
0.0088856 3.8733787
0.0088912 3.8118361
0.0088968 3.7280623
0.0089024 3.6075435
0.0089081 3.4909208
0.0089137 3.3780682
0.0089193 3.2506652
0.008925 3.0972946
0.0089306 2.9511603
0.0089362 2.8119208
0.0089418 2.6656445
0.0089475 2.5035454
0.0089531 2.3513036
0.0089587 2.2083197
0.0089644 2.0644524
0.00897 1.9131352
0.0089756 1.7729091
0.0089812 1.642961
0.0089869 1.516361
0.0089925 1.3884348
0.0089981 1.271301
0.0090038 1.164049
0.0090094 1.062367
0.009015 0.9631778
0.0090206 0.8732494
0.0090263 0.7917174
0.0090319 0.7162653
0.0090375 0.645112
0.0090432 0.5810269
0.0090488 0.5233081
0.0090544 0.4710253
0.00906 0.4233859
0.0090657 0.3805648
0.0090713 0.3420747
0.0090769 0.3078419
0.0090826 0.2777726
0.0090882 0.2506404
0.0090938 0.2261583
0.0090994 0.2047079
0.0091051 0.1866464
0.0091107 0.1701785
0.0091163 0.1551636
0.009122 0.1421727
0.0091276 0.131827
0.0091332 0.1222342
0.0091388 0.1133394
0.0091445 0.1057526
0.0091501 0.1002319
0.0091557 0.0949995
0.0091614 0.0900402
0.009167 0.0859301
0.0091726 0.0834873
0.0091782 0.0811141
0.0091839 0.0788082
0.0091895 0.0770836
0.0091951 0.0767727
0.0092008 0.076463
0.0092064 0.0761546
0.009212 0.0762907
0.0092176 0.0776845
0.0092233 0.0791037
0.0092289 0.0805489
0.0092345 0.0823905
0.0092402 0.0853859
0.0092458 0.0884903
0.0092514 0.0917075
0.009257 0.0953317
0.0092627 0.1000181
0.0092683 0.1049349
0.0092739 0.1100935
0.0092795 0.1157042
0.0092852 0.1222622
0.0092908 0.1291918
0.0092964 0.1365142
0.0093021 0.1443447
0.0093077 0.1529483
0.0093133 0.1620647
0.0093189 0.1717245
0.0093246 0.1819286
0.0093302 0.1926248
0.0093358 0.2039498
0.0093415 0.2159406
0.0093471 0.2284518
0.0093527 0.2409885
0.0093583 0.2542132
0.009364 0.2681637
0.0093696 0.2824988
0.0093752 0.2961001
0.0093809 0.3103563
0.0093865 0.3252988
0.0093921 0.3403335
0.0093977 0.3534981
0.0094034 0.3671719
0.009409 0.3813747
0.0094146 0.3952233
0.0094203 0.4057439
0.0094259 0.4165446
0.0094315 0.4276328
0.0094371 0.4378667
0.0094428 0.4432965
0.0094484 0.4487937
0.009454 0.454359
0.0094597 0.4587124
0.0094653 0.4572797
0.0094709 0.4558515
0.0094765 0.4544277
0.0094822 0.4517734
0.0094878 0.4433085
0.0094934 0.4350022
0.0094991 0.4268515
0.0095047 0.41784
0.0095103 0.4040492
0.0095159 0.3907135
0.0095216 0.3778179
0.0095272 0.3646628
0.0095328 0.3484589
0.0095385 0.3329751
0.0095441 0.3181793
0.0095497 0.3036965
0.0095553 0.2880219
0.009561 0.2731562
0.0095666 0.2590579
0.0095722 0.2456242
0.0095779 0.232529
0.0095835 0.2201321
0.0095891 0.208396
0.0095947 0.1974167
0.0096004 0.1878113
0.009606 0.1786733
0.0096116 0.1699799
0.0096173 0.1619531
0.0096229 0.1558988
0.0096285 0.1500708
0.0096341 0.1444606
0.0096398 0.1393546
0.0096454 0.1365236
0.009651 0.1337502
0.0096567 0.131033
0.0096623 0.1286724
0.0096679 0.1287057
0.0096735 0.128739
0.0096792 0.1287724
0.0096848 0.1290798
0.0096904 0.1317471
0.0096961 0.1344695
0.0097017 0.1372482
0.0097073 0.140299
0.0097129 0.1454594
0.0097186 0.1508096
0.0097242 0.1563566
0.0097298 0.1622305
0.0097355 0.1696151
0.0097411 0.1773359
0.0097467 0.1854081
0.0097523 0.1938531
0.009758 0.2027446
0.0097636 0.212044
0.0097692 0.2217699
0.0097749 0.2318247
0.0097805 0.2408333
0.0097861 0.2501919
0.0097917 0.2599142
0.0097974 0.2697997
0.009803 0.2770083
0.0098086 0.2844096
0.0098143 0.2920086
0.0098199 0.2995492
0.0098255 0.3031225
0.0098311 0.3067386
0.0098368 0.3103977
0.0098424 0.3138495
0.009848 0.3128063
0.0098537 0.3117666
0.0098593 0.3107304
0.0098649 0.3094993
0.0098705 0.3041227
0.0098762 0.2988394
0.0098818 0.293648
0.0098874 0.2884162
0.0098931 0.2800155
0.0098987 0.2718594
0.0099043 0.2639409
0.0099099 0.2561815
0.0099156 0.2464198
0.0099212 0.2370301
0.0099268 0.2279981
0.0099325 0.2192779
0.0099381 0.2095433
0.0099437 0.2002409
0.0099493 0.1913514
0.009955 0.1828447
0.0099606 0.1739751
0.0099662 0.1655358
0.0099719 0.1575058
0.0099775 0.1498624
0.0099831 0.1422073
0.0099887 0.1349432
0.0099944 0.1280502
0.01 0.1215093
