0.001 0
0.0010056 0
0.0010113 0
0.0010169 0
0.0010225 0
0.0010281 0
0.0010338 0
0.0010394 0
0.001045 0
0.0010507 0
0.0010563 0
0.0010619 0
0.0010675 0
0.0010732 0
0.0010788 0
0.0010844 0
0.0010901 0
0.0010957 0
0.0011013 0
0.0011069 0
0.0011126 0
0.0011182 0
0.0011238 0
0.0011295 0
0.0011351 0
0.0011407 0
0.0011463 0
0.001152 0
0.0011576 0
0.0011632 0
0.0011689 0
0.0011745 0
0.0011801 0
0.0011857 0
0.0011914 0
0.001197 0
0.0012026 0
0.0012083 0
0.0012139 0
0.0012195 0
0.0012251 0
0.0012308 0
0.0012364 0
0.001242 0
0.0012477 0
0.0012533 0
0.0012589 0
0.0012645 0
0.0012702 0
0.0012758 0
0.0012814 0
0.0012871 0
0.0012927 0
0.0012983 0
0.0013039 0
0.0013096 0
0.0013152 0
0.0013208 0
0.0013265 0
0.0013321 0
0.0013377 0
0.0013433 0
0.001349 0
0.0013546 0
0.0013602 0
0.0013659 0
0.0013715 0
0.0013771 0
0.0013827 0
0.0013884 0
0.001394 0
0.0013996 0
0.0014053 0
0.0014109 0
0.0014165 0
0.0014221 0
0.0014278 0
0.0014334 0
0.001439 0
0.0014447 0
0.0014503 0
0.0014559 0
0.0014615 0
0.0014672 0
0.0014728 0
0.0014784 0
0.0014841 0
0.0014897 0
0.0014953 0
0.0015009 0
0.0015066 0
0.0015122 0
0.0015178 0
0.0015235 0
0.0015291 0
0.0015347 0
0.0015403 0
0.001546 0
0.0015516 0
0.0015572 0
0.0015629 0
0.0015685 0
0.0015741 0
0.0015797 0
0.0015854 0
0.001591 0
0.0015966 0
0.0016023 0
0.0016079 0
0.0016135 0
0.0016191 0
0.0016248 0
0.0016304 0
0.001636 0
0.0016417 0
0.0016473 0
0.0016529 0
0.0016585 0
0.0016642 0
0.0016698 0
0.0016754 0
0.0016811 0
0.0016867 0
0.0016923 0
0.0016979 0
0.0017036 0
0.0017092 0
0.0017148 0
0.0017205 0
0.0017261 0
0.0017317 0
0.0017373 0
0.001743 0
0.0017486 0
0.0017542 0
0.0017598 0
0.0017655 0
0.0017711 0
0.0017767 0
0.0017824 0
0.001788 0
0.0017936 0
0.0017992 0
0.0018049 0
0.0018105 0
0.0018161 0
0.0018218 0
0.0018274 0
0.001833 0
0.0018386 0
0.0018443 0
0.0018499 0
0.0018555 0
0.0018612 0
0.0018668 0
0.0018724 0
0.001878 0
0.0018837 0
0.0018893 0
0.0018949 0
0.0019006 0
0.0019062 0
0.0019118 0
0.0019174 0
0.0019231 0
0.0019287 0
0.0019343 0
0.00194 0
0.0019456 0
0.0019512 0
0.0019568 0
0.0019625 0
0.0019681 0
0.0019737 0
0.0019794 0
0.001985 0
0.0019906 0
0.0019962 0
0.0020019 0
0.0020075 0
0.0020131 0
0.0020188 0
0.0020244 0
0.00203 0
0.0020356 0
0.0020413 0
0.0020469 0
0.0020525 0
0.0020582 0
0.0020638 0
0.0020694 0
0.002075 0
0.0020807 0
0.0020863 0
0.0020919 0
0.0020976 0
0.0021032 0
0.0021088 0
0.0021144 0
0.0021201 0
0.0021257 0
0.0021313 0
0.002137 0
0.0021426 0
0.0021482 0
0.0021538 0
0.0021595 0
0.0021651 0
0.0021707 0
0.0021764 0
0.002182 0
0.0021876 0
0.0021932 0
0.0021989 0
0.0022045 0
0.0022101 0
0.0022158 0
0.0022214 0
0.002227 0
0.0022326 0
0.0022383 0
0.0022439 0
0.0022495 0
0.0022552 0
0.0022608 0
0.0022664 0
0.002272 0
0.0022777 0
0.0022833 0
0.0022889 0
0.0022946 0
0.0023002 0
0.0023058 0
0.0023114 0
0.0023171 0
0.0023227 0
0.0023283 0
0.002334 0
0.0023396 0
0.0023452 0
0.0023508 0
0.0023565 0
0.0023621 0
0.0023677 0
0.0023734 0
0.002379 0
0.0023846 0
0.0023902 0
0.0023959 0
0.0024015 0
0.0024071 0
0.0024128 0
0.0024184 0
0.002424 0
0.0024296 0
0.0024353 0
0.0024409 0
0.0024465 0
0.0024522 0
0.0024578 0
0.0024634 0
0.002469 0
0.0024747 0
0.0024803 0
0.0024859 0
0.0024916 0
0.0024972 0
0.0025028 0
0.0025084 0
0.0025141 0
0.0025197 0
0.0025253 0
0.002531 0
0.0025366 0
0.0025422 0
0.0025478 0
0.0025535 0
0.0025591 0
0.0025647 0
0.0025704 0
0.002576 0
0.0025816 0
0.0025872 0
0.0025929 0
0.0025985 0
0.0026041 0
0.0026098 0
0.0026154 0
0.002621 0
0.0026266 0
0.0026323 0
0.0026379 0
0.0026435 0
0.0026492 0
0.0026548 0
0.0026604 0
0.002666 0
0.0026717 0
0.0026773 0
0.0026829 0
0.0026886 0
0.0026942 0
0.0026998 0
0.0027054 0
0.0027111 0
0.0027167 0
0.0027223 0
0.002728 0
0.0027336 0
0.0027392 0
0.0027448 0
0.0027505 0
0.0027561 0
0.0027617 0
0.0027674 0
0.002773 0
0.0027786 0
0.0027842 0
0.0027899 1e-07
0.0027955 2e-07
0.0028011 6e-07
0.0028068 1.5e-06
0.0028124 3e-06
0.002818 6.1e-06
0.0028236 1.24e-05
0.0028293 2.17e-05
0.0028349 3.03e-05
0.0028405 4.22e-05
0.0028462 5.89e-05
0.0028518 7.53e-05
0.0028574 8.34e-05
0.002863 9.24e-05
0.0028687 0.0001024
0.0028743 0.0001118
0.0028799 0.0001191
0.0028856 0.0001268
0.0028912 0.0001351
0.0028968 0.0001434
0.0029024 0.0001514
0.0029081 0.0001599
0.0029137 0.0001689
0.0029193 0.0001718
0.002925 0.0001635
0.0029306 0.0001555
0.0029362 0.000148
0.0029418 0.0001327
0.0029475 0.0001068
0.0029531 8.6e-05
0.0029587 6.92e-05
0.0029644 5.37e-05
0.00297 3.9e-05
0.0029756 2.83e-05
0.0029812 2.06e-05
0.0029869 1.5e-05
0.0029925 1.12e-05
0.0029981 8.3e-06
0.0030038 6.1e-06
0.0030094 4.7e-06
0.003015 3.8e-06
0.0030206 3.1e-06
0.0030263 2.5e-06
0.0030319 2.1e-06
0.0030375 1.9e-06
0.0030432 1.7e-06
0.0030488 1.5e-06
0.0030544 1.3e-06
0.00306 1.2e-06
0.0030657 1.1e-06
0.0030713 9e-07
0.0030769 8e-07
0.0030826 7e-07
0.0030882 6e-07
0.0030938 6e-07
0.0030994 5e-07
0.0031051 4e-07
0.0031107 4e-07
0.0031163 3e-07
0.003122 3e-07
0.0031276 2e-07
0.0031332 2e-07
0.0031388 2e-07
0.0031445 2e-07
0.0031501 2e-07
0.0031557 2e-07
0.0031614 2e-07
0.003167 2e-07
0.0031726 2e-07
0.0031782 2e-07
0.0031839 2e-07
0.0031895 2e-07
0.0031951 2e-07
0.0032008 3e-07
0.0032064 3e-07
0.003212 3e-07
0.0032176 4e-07
0.0032233 4e-07
0.0032289 5e-07
0.0032345 5e-07
0.0032402 6e-07
0.0032458 6e-07
0.0032514 7e-07
0.003257 7e-07
0.0032627 8e-07
0.0032683 8e-07
0.0032739 9e-07
0.0032795 1e-06
0.0032852 1e-06
0.0032908 1.1e-06
0.0032964 1.2e-06
0.0033021 1.4e-06
0.0033077 1.6e-06
0.0033133 1.8e-06
0.0033189 2.1e-06
0.0033246 2.5e-06
0.0033302 3e-06
0.0033358 3.6e-06
0.0033415 4.4e-06
0.0033471 5.3e-06
0.0033527 6.4e-06
0.0033583 7.8e-06
0.003364 9.4e-06
0.0033696 1.13e-05
0.0033752 1.32e-05
0.0033809 1.54e-05
0.0033865 1.8e-05
0.0033921 2.09e-05
0.0033977 2.37e-05
0.0034034 2.68e-05
0.003409 3.04e-05
0.0034146 3.44e-05
0.0034203 3.93e-05
0.0034259 4.48e-05
0.0034315 5.11e-05
0.0034371 5.88e-05
0.0034428 7.04e-05
0.0034484 8.42e-05
0.003454 0.0001008
0.0034597 0.0001219
0.0034653 0.000154
0.0034709 0.0001945
0.0034765 0.0002457
0.0034822 0.0003116
0.0034878 0.0004028
0.0034934 0.0005206
0.0034991 0.000673
0.0035047 0.0008679
0.0035103 0.0011061
0.0035159 0.0014096
0.0035216 0.0017965
0.0035272 0.0022802
0.0035328 0.0028328
0.0035385 0.0035194
0.0035441 0.0043723
0.0035497 0.005427
0.0035553 0.0067018
0.003561 0.0082762
0.0035666 0.0102204
0.0035722 0.0126539
0.0035779 0.0159114
0.0035835 0.0200073
0.0035891 0.0251576
0.0035947 0.0317093
0.0036004 0.0405805
0.003606 0.0519336
0.0036116 0.0664629
0.0036173 0.084946
0.0036229 0.1076061
0.0036285 0.136311
0.0036341 0.1726731
0.0036398 0.2176045
0.0036454 0.2640292
0.003651 0.3203583
0.0036567 0.3887049
0.0036623 0.4685829
0.0036679 0.5367694
0.0036735 0.6148782
0.0036792 0.704353
0.0036848 0.8026124
0.0036904 0.8745649
0.0036961 0.9529678
0.0037017 1.0383993
0.0037073 1.1274172
0.0037129 1.1839966
0.0037186 1.2434154
0.0037242 1.3058162
0.0037298 1.3671613
0.0037355 1.3879246
0.0037411 1.4090033
0.0037467 1.4304021
0.0037523 1.447585
0.003758 1.4149611
0.0037636 1.3830724
0.0037692 1.3519024
0.0037749 1.3181568
0.0037805 1.2465828
0.0037861 1.1788952
0.0037917 1.1148829
0.0037974 1.053532
0.003803 0.9850156
0.0038086 0.9209551
0.0038143 0.8610608
0.0038199 0.8058411
0.0038255 0.7656511
0.0038311 0.7274655
0.0038368 0.6911843
0.0038424 0.6576722
0.003848 0.6424498
0.0038537 0.6275797
0.0038593 0.6130538
0.0038649 0.5992619
0.0038705 0.5940718
0.0038762 0.5889267
0.0038818 0.5838262
0.0038874 0.5786683
0.0038931 0.5709866
0.0038987 0.5634068
0.0039043 0.5559276
0.0039099 0.5484763
0.0039156 0.5388566
0.0039212 0.5294056
0.0039268 0.5201203
0.0039325 0.5112406
0.0039381 0.5129586
0.0039437 0.5146823
0.0039493 0.5164118
0.003955 0.5185229
0.0039606 0.545965
0.0039662 0.5748594
0.0039719 0.605283
0.0039775 0.6375155
0.0039831 0.6996808
0.0039887 0.767908
0.0039944 0.8427881
0.004 0.9249699
0.0040056 1.0121675
0.0040113 1.1075853
0.0040169 1.2119981
0.0040225 1.3262541
0.0040281 1.3962772
0.0040338 1.4695671
0.0040394 1.5467039
0.004045 1.6278897
0.0040507 1.6590654
0.0040563 1.6900074
0.0040619 1.7215265
0.0040675 1.7536334
0.0040732 1.7800062
0.0040788 1.8066275
0.0040844 1.833647
0.0040901 1.8610706
0.0040957 1.8970239
0.0041013 1.933929
0.0041069 1.9715521
0.0041126 2.009907
0.0041182 1.9945319
0.0041238 1.9771921
0.0041295 1.960003
0.0041351 1.9429634
0.0041407 1.8329768
0.0041463 1.7251738
0.004152 1.623711
0.0041576 1.5282155
0.0041632 1.4030548
0.0041689 1.2863687
0.0041745 1.1793869
0.0041801 1.0813023
0.0041857 1.0012962
0.0041914 0.9278009
0.004197 0.8597001
0.0042026 0.7965979
0.0042083 0.7557018
0.0042139 0.7181306
0.0042195 0.6824273
0.0042251 0.6484991
0.0042308 0.6288066
0.0042364 0.6107123
0.004242 0.5931386
0.0042477 0.5760706
0.0042533 0.5680538
0.0042589 0.5609159
0.0042645 0.5538678
0.0042702 0.5469082
0.0042758 0.548579
0.0042814 0.5511121
0.0042871 0.5536569
0.0042927 0.5562135
0.0042983 0.5678546
0.0043039 0.5807518
0.0043096 0.5939419
0.0043152 0.6074316
0.0043208 0.62847
0.0043265 0.6511244
0.0043321 0.6745954
0.0043377 0.6989124
0.0043433 0.7282616
0.004349 0.7593954
0.0043546 0.7918603
0.0043602 0.8257131
0.0043659 0.8682325
0.0043715 0.9139845
0.0043771 0.9621475
0.0043827 1.0128484
0.0043884 1.0891332
0.004394 1.1748185
0.0043996 1.2672449
0.0044053 1.3669428
0.0044109 1.5212702
0.0044165 1.7013191
0.0044221 1.9026775
0.0044278 2.1278676
0.0044334 2.445506
0.004439 2.8233647
0.0044447 3.2596069
0.0044503 3.7632535
0.0044559 4.3847333
0.0044615 5.1171431
0.0044672 5.9718919
0.0044728 6.9694149
0.0044784 8.0326928
0.0044841 9.236551
0.0044897 10.6208312
0.0044953 12.2125732
0.0045009 13.7607449
0.0045066 15.4429338
0.0045122 17.3307627
0.0045178 19.4493701
0.0045235 21.545327
0.0045291 23.8024302
0.0045347 26.2959891
0.0045403 29.0507749
0.004546 31.7225166
0.0045516 34.5512521
0.0045572 37.6322294
0.0045629 40.9879413
0.0045685 43.3501079
0.0045741 45.5375934
0.0045797 47.8354614
0.0045854 50.2492819
0.004591 50.0620637
0.0045966 49.2377963
0.0046023 48.4271005
0.0046079 47.6297527
0.0046135 44.4098959
0.0046191 40.8483668
0.0046248 37.5724608
0.0046304 34.5592717
0.004636 31.1944132
0.0046417 28.0160565
0.0046473 25.1615383
0.0046529 22.5978631
0.0046585 20.7554281
0.0046642 19.1827269
0.0046698 17.729194
0.0046754 16.3857997
0.0046811 15.6847173
0.0046867 15.1677719
0.0046923 14.6678643
0.0046979 14.1844329
0.0047036 13.9315477
0.0047092 13.7478848
0.0047148 13.5666432
0.0047205 13.3877909
0.0047261 13.0385126
0.0047317 12.6454921
0.0047373 12.2643184
0.004743 11.8946344
0.0047486 11.2950331
0.0047542 10.651172
0.0047598 10.0440135
0.0047655 9.4714654
0.0047711 8.9392189
0.0047767 8.4393675
0.0047824 7.9674661
0.004788 7.5219519
0.0047936 7.2952771
0.0047992 7.1438435
0.0048049 6.9955533
0.0048105 6.8503413
0.0048161 6.8991187
0.0048218 7.0210104
0.0048274 7.1450558
0.004833 7.2712927
0.0048386 7.408946
0.0048443 7.5528158
0.0048499 7.6994793
0.0048555 7.8489908
0.0048612 7.7330998
0.0048668 7.5156812
0.0048724 7.3043754
0.004878 7.0990105
0.0048837 6.5543459
0.0048893 5.9240095
0.0048949 5.354293
0.0049006 4.8393666
0.0049062 4.1925097
0.0049118 3.5665252
0.0049174 3.0340066
0.0049231 2.5809984
0.0049287 2.138481
0.0049343 1.7511314
0.00494 1.4339436
0.0049456 1.174209
0.0049512 0.9425864
0.0049568 0.7497394
0.0049625 0.5963476
0.0049681 0.4743388
0.0049737 0.3704083
0.0049794 0.2867161
0.004985 0.2219337
0.0049906 0.1717887
0.0049962 0.1317505
0.0050019 0.1005834
0.0050075 0.0767892
0.0050131 0.0586238
0.0050188 0.0451458
0.0050244 0.0349211
0.00503 0.0270122
0.0050356 0.0208945
0.0050413 0.0165196
0.0050469 0.0132126
0.0050525 0.0105676
0.0050582 0.0084521
0.0050638 0.0069099
0.0050694 0.005717
0.005075 0.0047301
0.0050807 0.0039136
0.0050863 0.003291
0.0050919 0.0027931
0.0050976 0.0023704
0.0051032 0.0020118
0.0051088 0.0017353
0.0051144 0.0015111
0.0051201 0.0013159
0.0051257 0.0011459
0.0051313 0.0010218
0.005137 0.0009241
0.0051426 0.0008358
0.0051482 0.000756
0.0051538 0.0007041
0.0051595 0.000668
0.0051651 0.0006337
0.0051707 0.0006012
0.0051764 0.000585
0.005182 0.0005786
0.0051876 0.0005724
0.0051932 0.0005661
0.0051989 0.0005687
0.0052045 0.000577
0.0052101 0.0005855
0.0052158 0.0005941
0.0052214 0.0006087
0.005227 0.0006277
0.0052326 0.0006473
0.0052383 0.0006675
0.0052439 0.0006977
0.0052495 0.0007361
0.0052552 0.0007766
0.0052608 0.0008194
0.0052664 0.0008836
0.005272 0.000968
0.0052777 0.0010605
0.0052833 0.0011618
0.0052889 0.001305
0.0052946 0.0014934
0.0053002 0.0017091
0.0053058 0.0019559
0.0053114 0.0022818
0.0053171 0.0027017
0.0053227 0.0031989
0.0053283 0.0037876
0.005334 0.0045356
0.0053396 0.0054805
0.0053452 0.0066224
0.0053508 0.0080021
0.0053565 0.0097765
0.0053621 0.0120531
0.0053677 0.01486
0.0053734 0.0183204
0.005379 0.0230531
0.0053846 0.0295151
0.0053902 0.0377884
0.0053959 0.0483807
0.0054015 0.0639052
0.0054071 0.0867426
0.0054128 0.1177412
0.0054184 0.1598176
0.005424 0.2239998
0.0054296 0.3231509
0.0054353 0.46619
0.0054409 0.6725438
0.0054465 0.9902184
0.0054522 1.4857734
0.0054578 2.2293291
0.0054634 3.3449974
0.005469 5.0412498
0.0054747 7.6298629
0.0054803 11.5476937
0.0054859 17.4772771
0.0054916 26.2655675
0.0054972 39.1994573
0.0055028 58.5023513
0.0055084 87.3105226
0.0055141 128.4610435
0.0055197 186.291968
0.0055253 270.1573676
0.005531 391.7775094
0.0055366 554.9080004
0.0055422 766.8114708
0.0055478 1059.6348067
0.0055535 1464.2789869
0.0055591 1949.0775383
0.0055647 2491.7334396
0.0055704 3185.4738522
0.005576 4072.36324
0.0055816 4958.6665407
0.0055872 5719.7728066
0.0055929 6597.7013561
0.0055985 7610.3832539
0.0056041 8365.0080102
0.0056098 8700.2240511
0.0056154 9048.8734077
0.005621 9411.4944015
0.0056266 9437.6486381
0.0056323 9064.6359612
0.0056379 8706.3661999
0.0056435 8362.2566566
0.0056492 7846.0318864
0.0056548 7155.0937298
0.0056604 6525.0010481
0.005666 5950.3956602
0.0056717 5331.6321269
0.0056773 4672.813316
0.0056829 4095.4033899
0.0056886 3589.3428202
0.0056942 3089.6601139
0.0056998 2598.3113242
0.0057054 2185.1017551
0.0057111 1837.6049228
0.0057167 1521.5429009
0.0057223 1234.0090958
0.005728 1000.8120359
0.0057336 811.6834266
0.0057392 655.2106182
0.0057448 525.4970699
0.0057505 421.4632101
0.0057561 338.0251721
0.0057617 273.7360099
0.0057674 224.7304872
0.005773 184.4981664
0.0057786 151.468427
0.0057842 126.5174081
0.0057899 108.3796926
0.0057955 92.8422257
0.0058011 79.5322322
0.0058068 68.9662193
0.0058124 60.9148322
0.005818 53.8033957
0.0058236 47.5221762
0.0058293 41.9579106
0.0058349 37.0226909
0.0058405 32.667967
0.0058462 28.8254593
0.0058518 25.2288201
0.0058574 21.7939752
0.005863 18.8267764
0.0058687 16.2635548
0.0058743 13.9846684
0.0058799 11.9333999
0.0058856 10.1830111
0.0058912 8.6893689
0.0058968 7.4540424
0.0059024 6.4524396
0.0059081 5.5854225
0.0059137 4.8349069
0.0059193 4.2342045
0.005925 3.7853071
0.0059306 3.3840005
0.0059362 3.0252392
0.0059418 2.7267676
0.0059475 2.4948757
0.0059531 2.2827046
0.0059587 2.0885771
0.0059644 1.9084899
0.00597 1.739672
0.0059756 1.5857871
0.0059812 1.4455143
0.0059869 1.3088874
0.0059925 1.1698111
0.0059981 1.0455125
0.0060038 0.9344212
0.0060094 0.8320203
0.006015 0.7352647
0.0060206 0.6497609
0.0060263 0.5742002
0.0060319 0.5089683
0.0060375 0.4540207
0.0060432 0.4050052
0.0060488 0.3612814
0.0060544 0.3246616
0.00606 0.2964493
0.0060657 0.2706885
0.0060713 0.2471663
0.0060769 0.2271245
0.0060826 0.2117001
0.0060882 0.1973232
0.0060938 0.1839227
0.0060994 0.1719457
0.0061051 0.1618701
0.0061107 0.152385
0.0061163 0.1434557
0.006122 0.1353941
0.0061276 0.1285727
0.0061332 0.122095
0.0061388 0.1159436
0.0061445 0.1106695
0.0061501 0.1070016
0.0061557 0.1034551
0.0061614 0.1000262
0.006167 0.0974324
0.0061726 0.0967535
0.0061782 0.0960793
0.0061839 0.0954098
0.0061895 0.0954367
0.0061951 0.0973534
0.0062008 0.0993086
0.0062064 0.1013031
0.006212 0.1038382
0.0062176 0.1078868
0.0062233 0.1120932
0.0062289 0.1164636
0.0062345 0.1213938
0.0062402 0.127722
0.0062458 0.1343802
0.0062514 0.1413854
0.006257 0.1494459
0.0062627 0.1601968
0.0062683 0.1717212
0.0062739 0.1840747
0.0062795 0.1986834
0.0062852 0.2191747
0.0062908 0.2417794
0.0062964 0.2667154
0.0063021 0.2962494
0.0063077 0.336569
0.0063133 0.3823761
0.0063189 0.4344176
0.0063246 0.4948099
0.0063302 0.5685848
0.0063358 0.6533594
0.0063415 0.7507737
0.0063471 0.8611361
0.0063527 0.9812655
0.0063583 1.118153
0.006364 1.2741364
0.0063696 1.4506957
0.0063752 1.6466757
0.0063809 1.8691314
0.0063865 2.1216395
0.0063921 2.4084964
0.0063977 2.7351926
0.0064034 3.1062029
0.006409 3.5275382
0.0064146 3.9870685
0.0064203 4.4193482
0.0064259 4.8984959
0.0064315 5.429593
0.0064371 5.9436768
0.0064428 6.1651455
0.0064484 6.3948663
0.006454 6.6331468
0.0064597 6.7857065
0.0064653 6.5187291
0.0064709 6.2622557
0.0064765 6.015873
0.0064822 5.7415529
0.0064878 5.3111809
0.0064934 4.9130685
0.0064991 4.5447975
0.0065047 4.2016487
0.0065103 3.87285
0.0065159 3.5697813
0.0065216 3.2904291
0.0065272 3.0292618
0.0065328 2.7708448
0.0065385 2.5344725
0.0065441 2.3182644
0.0065497 2.111683
0.0065553 1.8787543
0.006561 1.6715188
0.0065666 1.4871423
0.0065722 1.3179248
0.0065779 1.1408002
0.0065835 0.9874806
0.0065891 0.8547666
0.0065947 0.7404114
0.0066004 0.6442544
0.006606 0.5605853
0.0066116 0.4877823
0.0066173 0.4265941
0.0066229 0.3862298
0.0066285 0.3496848
0.0066341 0.3165976
0.0066398 0.2880389
0.0066454 0.2715452
0.006651 0.2559961
0.0066567 0.2413372
0.0066623 0.2278064
0.0066679 0.2171895
0.0066735 0.2070674
0.0066792 0.197417
0.0066848 0.1878614
0.0066904 0.1759232
0.0066961 0.1647437
0.0067017 0.1542746
0.0067073 0.1441732
0.0067129 0.1321931
0.0067186 0.1212086
0.0067242 0.1111368
0.0067298 0.1019333
0.0067355 0.0937835
0.0067411 0.0862852
0.0067467 0.0793864
0.0067523 0.0732096
0.006758 0.0692806
0.0067636 0.0655625
0.0067692 0.062044
0.0067749 0.0588257
0.0067805 0.0570905
0.0067861 0.0554066
0.0067917 0.0537723
0.0067974 0.0521741
0.006803 0.0504623
0.0068086 0.0488067
0.0068143 0.0472054
0.0068199 0.0455694
0.0068255 0.042694
0.0068311 0.0400001
0.0068368 0.0374762
0.0068424 0.0350457
0.006848 0.031684
0.0068537 0.0286448
0.0068593 0.0258972
0.0068649 0.0233977
0.0068705 0.0208474
0.0068762 0.018575
0.0068818 0.0165503
0.0068874 0.0147498
0.0068931 0.0132249
0.0068987 0.0118576
0.0069043 0.0106317
0.0069099 0.0095338
0.0069156 0.0085863
0.0069212 0.0077331
0.0069268 0.0069646
0.0069325 0.0062704
0.0069381 0.0055642
0.0069437 0.0049376
0.0069493 0.0043815
0.006955 0.0038864
0.0069606 0.003354
0.0069662 0.0028945
0.0069719 0.002498
0.0069775 0.0021555
0.0069831 0.0018257
0.0069887 0.0015463
0.0069944 0.0013097
0.007 0.0011093
0.0070056 0.0009437
0.0070113 0.0008028
0.0070169 0.000683
0.0070225 0.0005811
0.0070281 0.0005033
0.0070338 0.000436
0.0070394 0.0003777
0.007045 0.0003272
0.0070507 0.0002862
0.0070563 0.0002504
0.0070619 0.000219
0.0070675 0.0001916
0.0070732 0.0001661
0.0070788 0.0001439
0.0070844 0.0001247
0.0070901 0.0001081
0.0070957 9.18e-05
0.0071013 7.8e-05
0.0071069 6.62e-05
0.0071126 5.62e-05
0.0071182 4.7e-05
0.0071238 3.93e-05
0.0071295 3.29e-05
0.0071351 2.75e-05
0.0071407 2.29e-05
0.0071463 1.91e-05
0.007152 1.59e-05
0.0071576 1.33e-05
0.0071632 1.11e-05
0.0071689 9.3e-06
0.0071745 7.8e-06
0.0071801 6.5e-06
0.0071857 5.4e-06
0.0071914 4.5e-06
0.007197 3.7e-06
0.0072026 3.1e-06
0.0072083 2.5e-06
0.0072139 2.1e-06
0.0072195 1.7e-06
0.0072251 1.4e-06
0.0072308 1.1e-06
0.0072364 9e-07
0.007242 7e-07
0.0072477 6e-07
0.0072533 5e-07
0.0072589 4e-07
0.0072645 3e-07
0.0072702 3e-07
0.0072758 2e-07
0.0072814 2e-07
0.0072871 1e-07
0.0072927 1e-07
0.0072983 1e-07
0.0073039 1e-07
0.0073096 1e-07
0.0073152 1e-07
0.0073208 0
0.0073265 0
0.0073321 0
0.0073377 0
0.0073433 0
0.007349 0
0.0073546 0
0.0073602 0
0.0073659 0
0.0073715 0
0.0073771 0
0.0073827 0
0.0073884 0
0.007394 0
0.0073996 0
0.0074053 0
0.0074109 0
0.0074165 0
0.0074221 0
0.0074278 0
0.0074334 0
0.007439 0
0.0074447 0
0.0074503 0
0.0074559 0
0.0074615 0
0.0074672 0
0.0074728 0
0.0074784 0
0.0074841 0
0.0074897 0
0.0074953 0
0.0075009 0
0.0075066 0
0.0075122 0
0.0075178 0
0.0075235 0
0.0075291 0
0.0075347 0
0.0075403 0
0.007546 0
0.0075516 0
0.0075572 0
0.0075629 0
0.0075685 0
0.0075741 0
0.0075797 0
0.0075854 0
0.007591 0
0.0075966 0
0.0076023 0
0.0076079 0
0.0076135 0
0.0076191 0
0.0076248 0
0.0076304 0
0.007636 0
0.0076417 0
0.0076473 0
0.0076529 0
0.0076585 0
0.0076642 0
0.0076698 1e-07
0.0076754 1e-07
0.0076811 1e-07
0.0076867 1e-07
0.0076923 1e-07
0.0076979 1e-07
0.0077036 1e-07
0.0077092 2e-07
0.0077148 2e-07
0.0077205 2e-07
0.0077261 3e-07
0.0077317 3e-07
0.0077373 4e-07
0.007743 5e-07
0.0077486 6e-07
0.0077542 8e-07
0.0077598 1.1e-06
0.0077655 1.4e-06
0.0077711 1.9e-06
0.0077767 2.7e-06
0.0077824 3.7e-06
0.007788 5.1e-06
0.0077936 6.8e-06
0.0077992 8.8e-06
0.0078049 1.15e-05
0.0078105 1.5e-05
0.0078161 1.8e-05
0.0078218 2.1e-05
0.0078274 2.45e-05
0.007833 2.85e-05
0.0078386 3.18e-05
0.0078443 3.49e-05
0.0078499 3.83e-05
0.0078555 4.2e-05
0.0078612 4.68e-05
0.0078668 5.24e-05
0.0078724 5.86e-05
0.007878 6.56e-05
0.0078837 7.55e-05
0.0078893 8.78e-05
0.0078949 0.0001022
0.0079006 0.000119
0.0079062 0.0001359
0.0079118 0.0001541
0.0079174 0.0001747
0.0079231 0.0001981
0.0079287 0.0002094
0.0079343 0.0002145
0.00794 0.0002198
0.0079456 0.0002252
0.0079512 0.0002169
0.0079568 0.0002031
0.0079625 0.0001901
0.0079681 0.000178
0.0079737 0.0001657
0.0079794 0.0001537
0.007985 0.0001427
0.0079906 0.0001324
0.0079962 0.0001277
0.0080019 0.0001256
0.0080075 0.0001234
0.0080131 0.0001213
0.0080188 0.0001239
0.0080244 0.0001291
0.00803 0.0001344
0.0080356 0.00014
0.0080413 0.0001458
0.0080469 0.0001519
0.0080525 0.0001582
0.0080582 0.0001648
0.0080638 0.0001663
0.0080694 0.0001649
0.008075 0.0001636
0.0080807 0.0001622
0.0080863 0.0001574
0.0080919 0.0001509
0.0080976 0.0001447
0.0081032 0.0001387
0.0081088 0.0001344
0.0081144 0.0001311
0.0081201 0.000128
0.0081257 0.0001248
0.0081313 0.0001253
0.008137 0.000128
0.0081426 0.0001308
0.0081482 0.0001336
0.0081538 0.0001383
0.0081595 0.0001443
0.0081651 0.0001506
0.0081707 0.0001571
0.0081764 0.0001605
0.008182 0.0001617
0.0081876 0.000163
0.0081932 0.0001643
0.0081989 0.0001601
0.0082045 0.0001525
0.0082101 0.0001453
0.0082158 0.0001385
0.0082214 0.0001305
0.008227 0.0001219
0.0082326 0.000114
0.0082383 0.0001065
0.0082439 0.0001012
0.0082495 9.71e-05
0.0082552 9.33e-05
0.0082608 8.96e-05
0.0082664 8.79e-05
0.008272 8.75e-05
0.0082777 8.72e-05
0.0082833 8.69e-05
0.0082889 8.66e-05
0.0082946 8.63e-05
0.0083002 8.6e-05
0.0083058 8.57e-05
0.0083114 8.33e-05
0.0083171 7.95e-05
0.0083227 7.58e-05
0.0083283 7.23e-05
0.008334 6.77e-05
0.0083396 6.24e-05
0.0083452 5.75e-05
0.0083508 5.3e-05
0.0083565 4.9e-05
0.0083621 4.55e-05
0.0083677 4.23e-05
0.0083734 3.93e-05
0.008379 3.72e-05
0.0083846 3.58e-05
0.0083902 3.45e-05
0.0083959 3.32e-05
0.0084015 3.27e-05
0.0084071 3.29e-05
0.0084128 3.3e-05
0.0084184 3.32e-05
0.008424 3.38e-05
0.0084296 3.48e-05
0.0084353 3.59e-05
0.0084409 3.7e-05
0.0084465 3.8e-05
0.0084522 3.89e-05
0.0084578 3.99e-05
0.0084634 4.08e-05
0.008469 4.12e-05
0.0084747 4.11e-05
0.0084803 4.09e-05
0.0084859 4.08e-05
0.0084916 4.02e-05
0.0084972 3.91e-05
0.0085028 3.81e-05
0.0085084 3.71e-05
0.0085141 3.61e-05
0.0085197 3.5e-05
0.0085253 3.41e-05
0.008531 3.31e-05
0.0085366 3.26e-05
0.0085422 3.26e-05
0.0085478 3.25e-05
0.0085535 3.25e-05
0.0085591 3.31e-05
0.0085647 3.43e-05
0.0085704 3.56e-05
0.008576 3.69e-05
0.0085816 3.83e-05
0.0085872 3.98e-05
0.0085929 4.15e-05
0.0085985 4.32e-05
0.0086041 4.41e-05
0.0086098 4.4e-05
0.0086154 4.39e-05
0.008621 4.39e-05
0.0086266 4.26e-05
0.0086323 4e-05
0.0086379 3.76e-05
0.0086435 3.54e-05
0.0086492 3.26e-05
0.0086548 2.92e-05
0.0086604 2.62e-05
0.008666 2.35e-05
0.0086717 2.09e-05
0.0086773 1.83e-05
0.0086829 1.61e-05
0.0086886 1.42e-05
0.0086942 1.25e-05
0.0086998 1.1e-05
0.0087054 9.7e-06
0.0087111 8.6e-06
0.0087167 7.6e-06
0.0087223 6.7e-06
0.008728 5.9e-06
0.0087336 5.2e-06
0.0087392 4.6e-06
0.0087448 4.1e-06
0.0087505 3.6e-06
0.0087561 3.1e-06
0.0087617 2.7e-06
0.0087674 2.4e-06
0.008773 2e-06
0.0087786 1.8e-06
0.0087842 1.5e-06
0.0087899 1.3e-06
0.0087955 1.2e-06
0.0088011 1e-06
0.0088068 9e-07
0.0088124 8e-07
0.008818 7e-07
0.0088236 6e-07
0.0088293 6e-07
0.0088349 5e-07
0.0088405 5e-07
0.0088462 4e-07
0.0088518 4e-07
0.0088574 4e-07
0.008863 3e-07
0.0088687 3e-07
0.0088743 3e-07
0.0088799 3e-07
0.0088856 3e-07
0.0088912 2e-07
0.0088968 2e-07
0.0089024 2e-07
0.0089081 2e-07
0.0089137 2e-07
0.0089193 1e-07
0.008925 1e-07
0.0089306 1e-07
0.0089362 1e-07
0.0089418 1e-07
0.0089475 1e-07
0.0089531 1e-07
0.0089587 1e-07
0.0089644 1e-07
0.00897 1e-07
0.0089756 0
0.0089812 0
0.0089869 0
0.0089925 0
0.0089981 0
0.0090038 0
0.0090094 0
0.009015 0
0.0090206 0
0.0090263 0
0.0090319 0
0.0090375 0
0.0090432 0
0.0090488 0
0.0090544 0
0.00906 0
0.0090657 0
0.0090713 0
0.0090769 0
0.0090826 0
0.0090882 0
0.0090938 0
0.0090994 0
0.0091051 0
0.0091107 0
0.0091163 0
0.009122 0
0.0091276 0
0.0091332 0
0.0091388 0
0.0091445 0
0.0091501 0
0.0091557 0
0.0091614 0
0.009167 0
0.0091726 0
0.0091782 0
0.0091839 0
0.0091895 0
0.0091951 0
0.0092008 0
0.0092064 0
0.009212 0
0.0092176 0
0.0092233 0
0.0092289 0
0.0092345 0
0.0092402 0
0.0092458 0
0.0092514 0
0.009257 0
0.0092627 0
0.0092683 0
0.0092739 0
0.0092795 0
0.0092852 0
0.0092908 0
0.0092964 0
0.0093021 0
0.0093077 0
0.0093133 0
0.0093189 0
0.0093246 0
0.0093302 0
0.0093358 0
0.0093415 0
0.0093471 0
0.0093527 0
0.0093583 0
0.009364 0
0.0093696 0
0.0093752 0
0.0093809 0
0.0093865 0
0.0093921 0
0.0093977 0
0.0094034 0
0.009409 0
0.0094146 0
0.0094203 0
0.0094259 0
0.0094315 0
0.0094371 0
0.0094428 0
0.0094484 0
0.009454 0
0.0094597 0
0.0094653 0
0.0094709 0
0.0094765 0
0.0094822 0
0.0094878 0
0.0094934 0
0.0094991 0
0.0095047 0
0.0095103 0
0.0095159 0
0.0095216 0
0.0095272 0
0.0095328 0
0.0095385 0
0.0095441 0
0.0095497 0
0.0095553 0
0.009561 0
0.0095666 0
0.0095722 0
0.0095779 0
0.0095835 0
0.0095891 0
0.0095947 0
0.0096004 0
0.009606 0
0.0096116 0
0.0096173 0
0.0096229 0
0.0096285 0
0.0096341 0
0.0096398 0
0.0096454 0
0.009651 0
0.0096567 0
0.0096623 0
0.0096679 0
0.0096735 0
0.0096792 0
0.0096848 0
0.0096904 0
0.0096961 0
0.0097017 0
0.0097073 0
0.0097129 0
0.0097186 0
0.0097242 0
0.0097298 0
0.0097355 0
0.0097411 0
0.0097467 0
0.0097523 0
0.009758 0
0.0097636 0
0.0097692 0
0.0097749 0
0.0097805 0
0.0097861 0
0.0097917 0
0.0097974 0
0.009803 0
0.0098086 0
0.0098143 0
0.0098199 0
0.0098255 0
0.0098311 0
0.0098368 0
0.0098424 0
0.009848 0
0.0098537 0
0.0098593 0
0.0098649 0
0.0098705 0
0.0098762 0
0.0098818 0
0.0098874 0
0.0098931 0
0.0098987 0
0.0099043 0
0.0099099 0
0.0099156 0
0.0099212 0
0.0099268 0
0.0099325 0
0.0099381 0
0.0099437 0
0.0099493 0
0.009955 0
0.0099606 0
0.0099662 0
0.0099719 0
0.0099775 0
0.0099831 0
0.0099887 0
0.0099944 0
0.01 0
