0.001 0
0.0010056 0
0.0010113 0
0.0010169 0
0.0010225 0
0.0010281 0
0.0010338 0
0.0010394 0
0.001045 0
0.0010507 0
0.0010563 0
0.0010619 0
0.0010675 0
0.0010732 0
0.0010788 0
0.0010844 0
0.0010901 0
0.0010957 0
0.0011013 0
0.0011069 0
0.0011126 0
0.0011182 0
0.0011238 0
0.0011295 0
0.0011351 0
0.0011407 0
0.0011463 0
0.001152 0
0.0011576 0
0.0011632 0
0.0011689 0
0.0011745 0
0.0011801 0
0.0011857 0
0.0011914 0
0.001197 0
0.0012026 0
0.0012083 0
0.0012139 0
0.0012195 0
0.0012251 0
0.0012308 0
0.0012364 0
0.001242 0
0.0012477 0
0.0012533 0
0.0012589 0
0.0012645 0
0.0012702 0
0.0012758 0
0.0012814 0
0.0012871 0
0.0012927 0
0.0012983 0
0.0013039 0
0.0013096 0
0.0013152 0
0.0013208 0
0.0013265 0
0.0013321 0
0.0013377 0
0.0013433 0
0.001349 0
0.0013546 0
0.0013602 0
0.0013659 0
0.0013715 0
0.0013771 0
0.0013827 0
0.0013884 0
0.001394 0
0.0013996 0
0.0014053 0
0.0014109 0
0.0014165 0
0.0014221 0
0.0014278 0
0.0014334 0
0.001439 0
0.0014447 0
0.0014503 0
0.0014559 0
0.0014615 0
0.0014672 0
0.0014728 0
0.0014784 0
0.0014841 0
0.0014897 0
0.0014953 0
0.0015009 0
0.0015066 0
0.0015122 0
0.0015178 0
0.0015235 0
0.0015291 0
0.0015347 0
0.0015403 0
0.001546 0
0.0015516 0
0.0015572 0
0.0015629 0
0.0015685 0
0.0015741 0
0.0015797 0
0.0015854 0
0.001591 0
0.0015966 0
0.0016023 0
0.0016079 0
0.0016135 0
0.0016191 0
0.0016248 0
0.0016304 0
0.001636 0
0.0016417 0
0.0016473 0
0.0016529 0
0.0016585 0
0.0016642 0
0.0016698 0
0.0016754 0
0.0016811 0
0.0016867 0
0.0016923 0
0.0016979 0
0.0017036 0
0.0017092 0
0.0017148 0
0.0017205 0
0.0017261 0
0.0017317 0
0.0017373 0
0.001743 0
0.0017486 0
0.0017542 0
0.0017598 0
0.0017655 0
0.0017711 0
0.0017767 0
0.0017824 0
0.001788 0
0.0017936 0
0.0017992 0
0.0018049 0
0.0018105 0
0.0018161 0
0.0018218 0
0.0018274 0
0.001833 0
0.0018386 0
0.0018443 0
0.0018499 0
0.0018555 0
0.0018612 0
0.0018668 0
0.0018724 0
0.001878 0
0.0018837 0
0.0018893 0
0.0018949 0
0.0019006 0
0.0019062 0
0.0019118 0
0.0019174 0
0.0019231 0
0.0019287 0
0.0019343 0
0.00194 0
0.0019456 0
0.0019512 0
0.0019568 0
0.0019625 0
0.0019681 0
0.0019737 0
0.0019794 0
0.001985 0
0.0019906 0
0.0019962 0
0.0020019 0
0.0020075 0
0.0020131 0
0.0020188 0
0.0020244 0
0.00203 0
0.0020356 0
0.0020413 0
0.0020469 0
0.0020525 0
0.0020582 0
0.0020638 0
0.0020694 0
0.002075 0
0.0020807 0
0.0020863 0
0.0020919 0
0.0020976 0
0.0021032 0
0.0021088 0
0.0021144 0
0.0021201 0
0.0021257 0
0.0021313 0
0.002137 0
0.0021426 0
0.0021482 0
0.0021538 0
0.0021595 0
0.0021651 0
0.0021707 0
0.0021764 0
0.002182 0
0.0021876 0
0.0021932 0
0.0021989 0
0.0022045 0
0.0022101 0
0.0022158 0
0.0022214 0
0.002227 0
0.0022326 0
0.0022383 0
0.0022439 0
0.0022495 0
0.0022552 0
0.0022608 0
0.0022664 0
0.002272 0
0.0022777 0
0.0022833 0
0.0022889 0
0.0022946 0
0.0023002 0
0.0023058 0
0.0023114 0
0.0023171 0
0.0023227 0
0.0023283 0
0.002334 0
0.0023396 0
0.0023452 0
0.0023508 0
0.0023565 0
0.0023621 0
0.0023677 0
0.0023734 0
0.002379 0
0.0023846 0
0.0023902 0
0.0023959 0
0.0024015 0
0.0024071 0
0.0024128 0
0.0024184 0
0.002424 0
0.0024296 0
0.0024353 0
0.0024409 0
0.0024465 0
0.0024522 0
0.0024578 0
0.0024634 0
0.002469 0
0.0024747 0
0.0024803 0
0.0024859 0
0.0024916 0
0.0024972 0
0.0025028 0
0.0025084 0
0.0025141 0
0.0025197 0
0.0025253 0
0.002531 0
0.0025366 0
0.0025422 0
0.0025478 0
0.0025535 0
0.0025591 0
0.0025647 0
0.0025704 0
0.002576 0
0.0025816 0
0.0025872 0
0.0025929 0
0.0025985 0
0.0026041 0
0.0026098 0
0.0026154 0
0.002621 0
0.0026266 0
0.0026323 0
0.0026379 0
0.0026435 0
0.0026492 0
0.0026548 0
0.0026604 0
0.002666 0
0.0026717 0
0.0026773 0
0.0026829 0
0.0026886 0
0.0026942 0
0.0026998 0
0.0027054 0
0.0027111 0
0.0027167 0
0.0027223 0
0.002728 0
0.0027336 0
0.0027392 0
0.0027448 0
0.0027505 0
0.0027561 0
0.0027617 0
0.0027674 0
0.002773 0
0.0027786 0
0.0027842 0
0.0027899 0
0.0027955 0
0.0028011 0
0.0028068 0
0.0028124 0
0.002818 0
0.0028236 0
0.0028293 0
0.0028349 0
0.0028405 0
0.0028462 0
0.0028518 0
0.0028574 0
0.002863 0
0.0028687 0
0.0028743 0
0.0028799 0
0.0028856 0
0.0028912 0
0.0028968 0
0.0029024 0
0.0029081 0
0.0029137 0
0.0029193 0
0.002925 0
0.0029306 0
0.0029362 0
0.0029418 0
0.0029475 0
0.0029531 0
0.0029587 0
0.0029644 0
0.00297 0
0.0029756 0
0.0029812 0
0.0029869 0
0.0029925 0
0.0029981 0
0.0030038 0
0.0030094 0
0.003015 0
0.0030206 0
0.0030263 0
0.0030319 0
0.0030375 0
0.0030432 0
0.0030488 0
0.0030544 0
0.00306 0
0.0030657 0
0.0030713 0
0.0030769 0
0.0030826 0
0.0030882 0
0.0030938 0
0.0030994 0
0.0031051 0
0.0031107 0
0.0031163 0
0.003122 0
0.0031276 0
0.0031332 0
0.0031388 0
0.0031445 0
0.0031501 0
0.0031557 0
0.0031614 0
0.003167 0
0.0031726 0
0.0031782 0
0.0031839 0
0.0031895 0
0.0031951 0
0.0032008 0
0.0032064 0
0.003212 0
0.0032176 0
0.0032233 0
0.0032289 0
0.0032345 0
0.0032402 0
0.0032458 0
0.0032514 0
0.003257 0
0.0032627 0
0.0032683 0
0.0032739 0
0.0032795 0
0.0032852 0
0.0032908 0
0.0032964 0
0.0033021 0
0.0033077 0
0.0033133 0
0.0033189 0
0.0033246 0
0.0033302 0
0.0033358 0
0.0033415 0
0.0033471 0
0.0033527 0
0.0033583 0
0.003364 0
0.0033696 0
0.0033752 0
0.0033809 0
0.0033865 0
0.0033921 0
0.0033977 0
0.0034034 0
0.003409 0
0.0034146 0
0.0034203 0
0.0034259 0
0.0034315 0
0.0034371 0
0.0034428 0
0.0034484 0
0.003454 0
0.0034597 0
0.0034653 0
0.0034709 0
0.0034765 0
0.0034822 0
0.0034878 0
0.0034934 0
0.0034991 0
0.0035047 0
0.0035103 0
0.0035159 0
0.0035216 0
0.0035272 0
0.0035328 0
0.0035385 0
0.0035441 0
0.0035497 0
0.0035553 0
0.003561 0
0.0035666 0
0.0035722 0
0.0035779 0
0.0035835 0
0.0035891 0
0.0035947 0
0.0036004 0
0.003606 0
0.0036116 0
0.0036173 0
0.0036229 0
0.0036285 0
0.0036341 0
0.0036398 0
0.0036454 0
0.003651 0
0.0036567 0
0.0036623 0
0.0036679 0
0.0036735 0
0.0036792 0
0.0036848 0
0.0036904 0
0.0036961 0
0.0037017 0
0.0037073 0
0.0037129 0
0.0037186 0
0.0037242 0
0.0037298 0
0.0037355 0
0.0037411 0
0.0037467 0
0.0037523 0
0.003758 0
0.0037636 0
0.0037692 0
0.0037749 0
0.0037805 0
0.0037861 0
0.0037917 0
0.0037974 0
0.003803 0
0.0038086 0
0.0038143 0
0.0038199 0
0.0038255 0
0.0038311 0
0.0038368 0
0.0038424 0
0.003848 0
0.0038537 0
0.0038593 0
0.0038649 0
0.0038705 0
0.0038762 0
0.0038818 0
0.0038874 0
0.0038931 0
0.0038987 0
0.0039043 0
0.0039099 0
0.0039156 0
0.0039212 0
0.0039268 0
0.0039325 0
0.0039381 0
0.0039437 0
0.0039493 0
0.003955 0
0.0039606 0
0.0039662 0
0.0039719 0
0.0039775 0
0.0039831 0
0.0039887 0
0.0039944 0
0.004 0
0.0040056 0
0.0040113 0
0.0040169 0
0.0040225 0
0.0040281 0
0.0040338 0
0.0040394 0
0.004045 0
0.0040507 0
0.0040563 0
0.0040619 0
0.0040675 0
0.0040732 0
0.0040788 0
0.0040844 0
0.0040901 0
0.0040957 0
0.0041013 0
0.0041069 0
0.0041126 0
0.0041182 0
0.0041238 0
0.0041295 0
0.0041351 0
0.0041407 0
0.0041463 0
0.004152 0
0.0041576 0
0.0041632 0
0.0041689 0
0.0041745 0
0.0041801 0
0.0041857 0
0.0041914 0
0.004197 0
0.0042026 0
0.0042083 0
0.0042139 0
0.0042195 0
0.0042251 0
0.0042308 0
0.0042364 0
0.004242 0
0.0042477 0
0.0042533 0
0.0042589 0
0.0042645 0
0.0042702 0
0.0042758 0
0.0042814 0
0.0042871 0
0.0042927 0
0.0042983 0
0.0043039 0
0.0043096 0
0.0043152 0
0.0043208 0
0.0043265 0
0.0043321 0
0.0043377 0
0.0043433 0
0.004349 0
0.0043546 0
0.0043602 0
0.0043659 0
0.0043715 0
0.0043771 0
0.0043827 0
0.0043884 0
0.004394 0
0.0043996 0
0.0044053 0
0.0044109 0
0.0044165 0
0.0044221 0
0.0044278 0
0.0044334 0
0.004439 0
0.0044447 0
0.0044503 0
0.0044559 0
0.0044615 0
0.0044672 0
0.0044728 0
0.0044784 0
0.0044841 0
0.0044897 0
0.0044953 0
0.0045009 0
0.0045066 0
0.0045122 0
0.0045178 0
0.0045235 0
0.0045291 0
0.0045347 0
0.0045403 0
0.004546 0
0.0045516 0
0.0045572 0
0.0045629 0
0.0045685 0
0.0045741 0
0.0045797 0
0.0045854 0
0.004591 0
0.0045966 0
0.0046023 0
0.0046079 0
0.0046135 0
0.0046191 0
0.0046248 0
0.0046304 0
0.004636 0
0.0046417 0
0.0046473 0
0.0046529 0
0.0046585 0
0.0046642 0
0.0046698 0
0.0046754 0
0.0046811 0
0.0046867 0
0.0046923 0
0.0046979 0
0.0047036 0
0.0047092 0
0.0047148 0
0.0047205 0
0.0047261 0
0.0047317 0
0.0047373 0
0.004743 0
0.0047486 0
0.0047542 0
0.0047598 0
0.0047655 0
0.0047711 0
0.0047767 0
0.0047824 0
0.004788 0
0.0047936 0
0.0047992 0
0.0048049 0
0.0048105 0
0.0048161 0
0.0048218 0
0.0048274 0
0.004833 0
0.0048386 0
0.0048443 0
0.0048499 0
0.0048555 0
0.0048612 0
0.0048668 0
0.0048724 0
0.004878 0
0.0048837 0
0.0048893 0
0.0048949 0
0.0049006 0
0.0049062 0
0.0049118 0
0.0049174 0
0.0049231 0
0.0049287 0
0.0049343 0
0.00494 0
0.0049456 0
0.0049512 0
0.0049568 0
0.0049625 0
0.0049681 0
0.0049737 0
0.0049794 0
0.004985 0
0.0049906 0
0.0049962 0
0.0050019 0
0.0050075 0
0.0050131 0
0.0050188 0
0.0050244 0
0.00503 0
0.0050356 0
0.0050413 0
0.0050469 0
0.0050525 0
0.0050582 0
0.0050638 0
0.0050694 0
0.005075 0
0.0050807 0
0.0050863 0
0.0050919 0
0.0050976 0
0.0051032 0
0.0051088 0
0.0051144 0
0.0051201 0
0.0051257 0
0.0051313 0
0.005137 0
0.0051426 0
0.0051482 0
0.0051538 0
0.0051595 0
0.0051651 0
0.0051707 0
0.0051764 0
0.005182 0
0.0051876 0
0.0051932 0
0.0051989 0
0.0052045 0
0.0052101 0
0.0052158 0
0.0052214 0
0.005227 0
0.0052326 0
0.0052383 0
0.0052439 0
0.0052495 0
0.0052552 0
0.0052608 0
0.0052664 0
0.005272 0
0.0052777 0
0.0052833 0
0.0052889 0
0.0052946 0
0.0053002 0
0.0053058 0
0.0053114 0
0.0053171 0
0.0053227 0
0.0053283 0
0.005334 0
0.0053396 0
0.0053452 0
0.0053508 0
0.0053565 0
0.0053621 0
0.0053677 0
0.0053734 0
0.005379 0
0.0053846 0
0.0053902 0
0.0053959 0
0.0054015 0
0.0054071 1e-07
0.0054128 1e-07
0.0054184 1e-07
0.005424 2e-07
0.0054296 2e-07
0.0054353 3e-07
0.0054409 4e-07
0.0054465 6e-07
0.0054522 8e-07
0.0054578 1e-06
0.0054634 1.3e-06
0.005469 1.6e-06
0.0054747 1.9e-06
0.0054803 2.3e-06
0.0054859 2.8e-06
0.0054916 3.2e-06
0.0054972 3.7e-06
0.0055028 4.1e-06
0.0055084 4.7e-06
0.0055141 5.3e-06
0.0055197 6e-06
0.0055253 6.7e-06
0.005531 7.6e-06
0.0055366 8.5e-06
0.0055422 9.6e-06
0.0055478 1.09e-05
0.0055535 1.23e-05
0.0055591 1.36e-05
0.0055647 1.46e-05
0.0055704 1.58e-05
0.005576 1.71e-05
0.0055816 1.78e-05
0.0055872 1.79e-05
0.0055929 1.8e-05
0.0055985 1.81e-05
0.0056041 1.78e-05
0.0056098 1.73e-05
0.0056154 1.67e-05
0.005621 1.61e-05
0.0056266 1.57e-05
0.0056323 1.54e-05
0.0056379 1.51e-05
0.0056435 1.48e-05
0.0056492 1.47e-05
0.0056548 1.48e-05
0.0056604 1.48e-05
0.005666 1.49e-05
0.0056717 1.5e-05
0.0056773 1.49e-05
0.0056829 1.49e-05
0.0056886 1.49e-05
0.0056942 1.47e-05
0.0056998 1.42e-05
0.0057054 1.37e-05
0.0057111 1.33e-05
0.0057167 1.27e-05
0.0057223 1.2e-05
0.005728 1.14e-05
0.0057336 1.08e-05
0.0057392 1.02e-05
0.0057448 9.6e-06
0.0057505 9.1e-06
0.0057561 8.6e-06
0.0057617 8.1e-06
0.0057674 7.6e-06
0.005773 7.2e-06
0.0057786 6.8e-06
0.0057842 6.4e-06
0.0057899 5.9e-06
0.0057955 5.5e-06
0.0058011 5.1e-06
0.0058068 4.7e-06
0.0058124 4.3e-06
0.005818 4e-06
0.0058236 3.6e-06
0.0058293 3.3e-06
0.0058349 3e-06
0.0058405 2.7e-06
0.0058462 2.5e-06
0.0058518 2.3e-06
0.0058574 2.1e-06
0.005863 1.9e-06
0.0058687 1.7e-06
0.0058743 1.6e-06
0.0058799 1.5e-06
0.0058856 1.4e-06
0.0058912 1.3e-06
0.0058968 1.2e-06
0.0059024 1.1e-06
0.0059081 1e-06
0.0059137 1e-06
0.0059193 9e-07
0.005925 8e-07
0.0059306 8e-07
0.0059362 7e-07
0.0059418 7e-07
0.0059475 7e-07
0.0059531 6e-07
0.0059587 6e-07
0.0059644 6e-07
0.00597 6e-07
0.0059756 6e-07
0.0059812 6e-07
0.0059869 6e-07
0.0059925 6e-07
0.0059981 6e-07
0.0060038 6e-07
0.0060094 6e-07
0.006015 6e-07
0.0060206 7e-07
0.0060263 7e-07
0.0060319 7e-07
0.0060375 8e-07
0.0060432 9e-07
0.0060488 9e-07
0.0060544 1e-06
0.00606 1.1e-06
0.0060657 1.2e-06
0.0060713 1.3e-06
0.0060769 1.5e-06
0.0060826 1.7e-06
0.0060882 2e-06
0.0060938 2.3e-06
0.0060994 2.7e-06
0.0061051 3.2e-06
0.0061107 3.8e-06
0.0061163 4.5e-06
0.006122 5.4e-06
0.0061276 6.6e-06
0.0061332 8e-06
0.0061388 9.7e-06
0.0061445 1.17e-05
0.0061501 1.42e-05
0.0061557 1.71e-05
0.0061614 2.07e-05
0.006167 2.48e-05
0.0061726 2.95e-05
0.0061782 3.5e-05
0.0061839 4.15e-05
0.0061895 4.91e-05
0.0061951 5.76e-05
0.0062008 6.77e-05
0.0062064 7.94e-05
0.006212 9.35e-05
0.0062176 0.0001109
0.0062233 0.0001314
0.0062289 0.0001559
0.0062345 0.0001859
0.0062402 0.0002258
0.0062458 0.0002742
0.0062514 0.000333
0.006257 0.0004062
0.0062627 0.0005023
0.0062683 0.0006213
0.0062739 0.0007683
0.0062795 0.0009499
0.0062852 0.0011734
0.0062908 0.0014494
0.0062964 0.0017905
0.0063021 0.0022035
0.0063077 0.0026787
0.0063133 0.0032563
0.0063189 0.0039586
0.0063246 0.0047969
0.0063302 0.0057493
0.0063358 0.0068908
0.0063415 0.008259
0.0063471 0.0098908
0.0063527 0.0118107
0.0063583 0.0141034
0.006364 0.016841
0.0063696 0.0200753
0.0063752 0.0237758
0.0063809 0.0281583
0.0063865 0.0333487
0.0063921 0.0392357
0.0063977 0.0449802
0.0064034 0.0515656
0.006409 0.0591152
0.0064146 0.0670734
0.0064203 0.072934
0.0064259 0.0793067
0.0064315 0.0862363
0.0064371 0.0930594
0.0064428 0.0971704
0.0064484 0.1014629
0.006454 0.1059451
0.0064597 0.1106479
0.0064653 0.1156671
0.0064709 0.1209139
0.0064765 0.1263987
0.0064822 0.132926
0.0064878 0.1438521
0.0064934 0.1556763
0.0064991 0.1684723
0.0065047 0.1835838
0.0065103 0.207145
0.0065159 0.2337301
0.0065216 0.2637271
0.0065272 0.299472
0.0065328 0.3517907
0.0065385 0.4132497
0.0065441 0.4854458
0.0065497 0.5750276
0.0065553 0.7139839
0.006561 0.8865192
0.0065666 1.1007478
0.0065722 1.3823228
0.0065779 1.8580722
0.0065835 2.4975587
0.0065891 3.3571352
0.0065947 4.5578426
0.0066004 6.5956984
0.006606 9.5446994
0.0066116 13.8122275
0.0066173 20.0558059
0.0066229 29.8044224
0.0066285 44.2915932
0.0066341 65.8206089
0.0066398 97.4876877
0.0066454 140.901182
0.006651 203.6476972
0.0066567 294.3366689
0.0066623 423.0475902
0.0066679 581.9647141
0.0066735 800.5787915
0.0066792 1101.3148835
0.0066848 1507.015973
0.0066904 1971.3558097
0.0066961 2578.7674437
0.0067017 3373.3339746
0.0067073 4381.1460487
0.0067129 5325.0963003
0.0067186 6472.4276004
0.0067242 7866.9598971
0.0067298 9460.4681112
0.0067355 10216.2542589
0.0067411 11032.4193112
0.0067467 11913.7868707
0.0067523 12720.78296
0.006758 11980.2389297
0.0067636 11282.8058826
0.0067692 10625.9741004
0.0067749 9922.9274093
0.0067805 8349.1025871
0.0067861 7024.8940797
0.0067917 5910.7115185
0.0067974 4943.6829366
0.006803 3808.8064252
0.0068086 2934.4532347
0.0068143 2260.8173861
0.0068199 1732.3888619
0.0068255 1219.4819859
0.0068311 858.4310062
0.0068368 604.2760786
0.0068424 423.4251668
0.006848 273.2250959
0.0068537 176.3049503
0.0068593 113.7649359
0.0068649 73.302646
0.0068705 45.7971915
0.0068762 28.6126472
0.0068818 17.8762835
0.0068874 11.1933594
0.0068931 7.4186101
0.0068987 4.9168237
0.0069043 3.2587177
0.0069099 2.1674303
0.0069156 1.6158074
0.0069212 1.2045755
0.0069268 0.8980044
0.0069325 0.6708956
0.0069381 0.550074
0.0069437 0.4510112
0.0069493 0.3697886
0.006955 0.3032877
0.0069606 0.2538662
0.0069662 0.2124981
0.0069719 0.177871
0.0069775 0.1488689
0.0069831 0.1226697
0.0069887 0.1010812
0.0069944 0.0832921
0.007 0.0686336
0.0070056 0.0582407
0.0070113 0.0494215
0.0070169 0.0419378
0.0070225 0.0355873
0.0070281 0.0331789
0.0070338 0.0309555
0.0070394 0.0288811
0.007045 0.0269457
0.0070507 0.0276519
0.0070563 0.028418
0.0070619 0.0292052
0.0070675 0.0300143
0.0070732 0.0317131
0.0070788 0.0335295
0.0070844 0.03545
0.0070901 0.0374805
0.0070957 0.0385127
0.0071013 0.0395384
0.0071069 0.0405915
0.0071126 0.0416726
0.0071182 0.0420126
0.0071238 0.0423253
0.0071295 0.0426404
0.0071351 0.0429578
0.0071407 0.0440703
0.0071463 0.0452505
0.007152 0.0464623
0.0071576 0.0477065
0.0071632 0.0499394
0.0071689 0.052333
0.0071745 0.0548414
0.0071801 0.0574699
0.0071857 0.0589222
0.0071914 0.0603267
0.007197 0.0617646
0.0072026 0.0632369
0.0072083 0.0610824
0.0072139 0.0587526
0.0072195 0.0565116
0.0072251 0.0543561
0.0072308 0.0495337
0.0072364 0.0449413
0.007242 0.0407747
0.0072477 0.0369944
0.0072533 0.0322218
0.0072589 0.0279618
0.0072645 0.024265
0.0072702 0.021057
0.0072758 0.0172474
0.0072814 0.0140464
0.0072871 0.0114395
0.0072927 0.0093164
0.0072983 0.0069275
0.0073039 0.0051006
0.0073096 0.0037555
0.0073152 0.0027652
0.0073208 0.0018471
0.0073265 0.0012198
0.0073321 0.0008055
0.0073377 0.0005319
0.0073433 0.0003299
0.007349 0.0002029
0.0073546 0.0001249
0.0073602 7.68e-05
0.0073659 4.68e-05
0.0073715 2.85e-05
0.0073771 1.74e-05
0.0073827 1.06e-05
0.0073884 6.7e-06
0.007394 4.3e-06
0.0073996 2.8e-06
0.0074053 1.8e-06
0.0074109 1.2e-06
0.0074165 9e-07
0.0074221 6e-07
0.0074278 4e-07
0.0074334 3e-07
0.007439 3e-07
0.0074447 2e-07
0.0074503 2e-07
0.0074559 2e-07
0.0074615 1e-07
0.0074672 1e-07
0.0074728 1e-07
0.0074784 1e-07
0.0074841 1e-07
0.0074897 1e-07
0.0074953 1e-07
0.0075009 2e-07
0.0075066 2e-07
0.0075122 2e-07
0.0075178 3e-07
0.0075235 4e-07
0.0075291 6e-07
0.0075347 9e-07
0.0075403 1.3e-06
0.007546 2.1e-06
0.0075516 3.4e-06
0.0075572 5.6e-06
0.0075629 9.2e-06
0.0075685 1.62e-05
0.0075741 2.94e-05
0.0075797 5.31e-05
0.0075854 9.59e-05
0.007591 0.000185
0.0075966 0.0003623
0.0076023 0.0007096
0.0076079 0.0013899
0.0076135 0.002799
0.0076191 0.0056769
0.0076248 0.0115139
0.0076304 0.0233524
0.007636 0.0455542
0.0076417 0.0879457
0.0076473 0.1697857
0.0076529 0.3277839
0.0076585 0.5694851
0.0076642 0.9607455
0.0076698 1.6208182
0.0076754 2.7343889
0.0076811 4.0551098
0.0076867 5.7921399
0.0076923 8.273237
0.0076979 11.8171267
0.0077036 14.9904071
0.0077092 18.3422412
0.0077148 22.4435406
0.0077205 27.4618848
0.0077261 29.9925677
0.0077317 31.5979944
0.0077373 33.2893555
0.007743 35.0712509
0.0077486 32.9065618
0.0077542 29.7173402
0.0077598 26.83721
0.0077655 24.2362148
0.0077711 19.786187
0.0077767 15.6029479
0.0077824 12.3041385
0.007788 9.7027705
0.0077936 7.1856025
0.0077992 5.2034189
0.0078049 3.7680304
0.0078105 2.7286007
0.0078161 1.9315813
0.0078218 1.3559052
0.0078274 0.9518
0.007833 0.6681316
0.0078386 0.4712439
0.0078443 0.3329863
0.0078499 0.2352919
0.0078555 0.1662599
0.0078612 0.1206417
0.0078668 0.0884747
0.0078724 0.0648845
0.007878 0.0475842
0.0078837 0.0366989
0.0078893 0.0289013
0.0078949 0.0227604
0.0079006 0.0179244
0.0079062 0.0151437
0.0079118 0.0131871
0.0079174 0.0114833
0.0079231 0.0099997
0.0079287 0.0093631
0.0079343 0.0090551
0.00794 0.0087573
0.0079456 0.0084693
0.0079512 0.0086439
0.0079568 0.009044
0.0079625 0.0094627
0.0079681 0.0099007
0.0079737 0.0106759
0.0079794 0.0116788
0.007985 0.0127759
0.0079906 0.0139761
0.0079962 0.0155762
0.0080019 0.0175201
0.0080075 0.0197066
0.0080131 0.0221659
0.0080188 0.0254079
0.0080244 0.0294069
0.00803 0.0340354
0.0080356 0.0393923
0.0080413 0.0462576
0.0080469 0.054737
0.0080525 0.0647708
0.0080582 0.0766438
0.0080638 0.090021
0.0080694 0.1053038
0.008075 0.1231812
0.0080807 0.1440936
0.0080863 0.1626272
0.0080919 0.1798702
0.0080976 0.1989414
0.0081032 0.2200346
0.0081088 0.2320421
0.0081144 0.237998
0.0081201 0.2441068
0.0081257 0.2503724
0.0081313 0.2482733
0.008137 0.241235
0.0081426 0.2343963
0.0081482 0.2277514
0.0081538 0.2193957
0.0081595 0.2102166
0.0081651 0.2014215
0.0081707 0.1929944
0.0081764 0.185559
0.008182 0.1788057
0.0081876 0.1722981
0.0081932 0.1660274
0.0081989 0.159561
0.0082045 0.1530772
0.0082101 0.1468569
0.0082158 0.1408893
0.0082214 0.1335281
0.008227 0.1255023
0.0082326 0.117959
0.0082383 0.110869
0.0082439 0.1028798
0.0082495 0.0946084
0.0082552 0.087002
0.0082608 0.0800072
0.0082664 0.0730927
0.008272 0.0664572
0.0082777 0.0604241
0.0082833 0.0549387
0.0082889 0.0496929
0.0082946 0.0447734
0.0083002 0.0403409
0.0083058 0.0363472
0.0083114 0.0323464
0.0083171 0.0285118
0.0083227 0.0251319
0.0083283 0.0221526
0.008334 0.0191722
0.0083396 0.0163522
0.0083452 0.0139471
0.0083508 0.0118957
0.0083565 0.0100232
0.0083621 0.0083613
0.0083677 0.006975
0.0083734 0.0058185
0.008379 0.0048689
0.0083846 0.0040851
0.0083902 0.0034275
0.0083959 0.0028757
0.0084015 0.0024433
0.0084071 0.0020988
0.0084128 0.0018029
0.0084184 0.0015487
0.008424 0.0013426
0.0084296 0.0011737
0.0084353 0.001026
0.0084409 0.0008969
0.0084465 0.0007868
0.0084522 0.0006925
0.0084578 0.0006095
0.0084634 0.0005365
0.008469 0.0004754
0.0084747 0.0004241
0.0084803 0.0003783
0.0084859 0.0003374
0.0084916 0.0003052
0.0084972 0.0002797
0.0085028 0.0002564
0.0085084 0.000235
0.0085141 0.0002177
0.0085197 0.0002039
0.0085253 0.0001909
0.008531 0.0001788
0.0085366 0.0001669
0.0085422 0.0001552
0.0085478 0.0001444
0.0085535 0.0001343
0.0085591 0.0001234
0.0085647 0.0001118
0.0085704 0.0001013
0.008576 9.17e-05
0.0085816 8.23e-05
0.0085872 7.3e-05
0.0085929 6.48e-05
0.0085985 5.75e-05
0.0086041 5.09e-05
0.0086098 4.48e-05
0.0086154 3.95e-05
0.008621 3.48e-05
0.0086266 3.05e-05
0.0086323 2.65e-05
0.0086379 2.3e-05
0.0086435 2e-05
0.0086492 1.71e-05
0.0086548 1.44e-05
0.0086604 1.21e-05
0.008666 1.01e-05
0.0086717 8.3e-06
0.0086773 6.7e-06
0.0086829 5.4e-06
0.0086886 4.4e-06
0.0086942 3.5e-06
0.0086998 2.8e-06
0.0087054 2.2e-06
0.0087111 1.7e-06
0.0087167 1.4e-06
0.0087223 1.1e-06
0.008728 9e-07
0.0087336 7e-07
0.0087392 6e-07
0.0087448 5e-07
0.0087505 4e-07
0.0087561 3e-07
0.0087617 3e-07
0.0087674 2e-07
0.008773 2e-07
0.0087786 1e-07
0.0087842 1e-07
0.0087899 1e-07
0.0087955 1e-07
0.0088011 1e-07
0.0088068 0
0.0088124 0
0.008818 0
0.0088236 0
0.0088293 0
0.0088349 0
0.0088405 0
0.0088462 0
0.0088518 0
0.0088574 0
0.008863 0
0.0088687 0
0.0088743 0
0.0088799 0
0.0088856 0
0.0088912 0
0.0088968 0
0.0089024 0
0.0089081 0
0.0089137 0
0.0089193 0
0.008925 0
0.0089306 0
0.0089362 0
0.0089418 0
0.0089475 0
0.0089531 0
0.0089587 0
0.0089644 0
0.00897 0
0.0089756 0
0.0089812 0
0.0089869 0
0.0089925 0
0.0089981 0
0.0090038 0
0.0090094 0
0.009015 0
0.0090206 0
0.0090263 0
0.0090319 0
0.0090375 0
0.0090432 0
0.0090488 0
0.0090544 0
0.00906 0
0.0090657 0
0.0090713 0
0.0090769 0
0.0090826 0
0.0090882 0
0.0090938 0
0.0090994 0
0.0091051 0
0.0091107 0
0.0091163 0
0.009122 0
0.0091276 0
0.0091332 0
0.0091388 0
0.0091445 0
0.0091501 0
0.0091557 0
0.0091614 0
0.009167 0
0.0091726 0
0.0091782 0
0.0091839 0
0.0091895 0
0.0091951 0
0.0092008 0
0.0092064 0
0.009212 0
0.0092176 0
0.0092233 0
0.0092289 0
0.0092345 0
0.0092402 0
0.0092458 0
0.0092514 0
0.009257 0
0.0092627 0
0.0092683 0
0.0092739 0
0.0092795 0
0.0092852 0
0.0092908 0
0.0092964 0
0.0093021 0
0.0093077 0
0.0093133 0
0.0093189 0
0.0093246 0
0.0093302 0
0.0093358 0
0.0093415 1e-07
0.0093471 1e-07
0.0093527 1e-07
0.0093583 1e-07
0.009364 1e-07
0.0093696 1e-07
0.0093752 2e-07
0.0093809 2e-07
0.0093865 2e-07
0.0093921 3e-07
0.0093977 3e-07
0.0094034 3e-07
0.009409 4e-07
0.0094146 4e-07
0.0094203 4e-07
0.0094259 4e-07
0.0094315 4e-07
0.0094371 4e-07
0.0094428 4e-07
0.0094484 4e-07
0.009454 4e-07
0.0094597 3e-07
0.0094653 3e-07
0.0094709 3e-07
0.0094765 3e-07
0.0094822 3e-07
0.0094878 2e-07
0.0094934 2e-07
0.0094991 2e-07
0.0095047 2e-07
0.0095103 1e-07
0.0095159 1e-07
0.0095216 1e-07
0.0095272 1e-07
0.0095328 1e-07
0.0095385 1e-07
0.0095441 0
0.0095497 0
0.0095553 0
0.009561 0
0.0095666 0
0.0095722 0
0.0095779 0
0.0095835 0
0.0095891 0
0.0095947 0
0.0096004 0
0.009606 0
0.0096116 0
0.0096173 0
0.0096229 0
0.0096285 0
0.0096341 0
0.0096398 0
0.0096454 0
0.009651 0
0.0096567 0
0.0096623 0
0.0096679 0
0.0096735 0
0.0096792 0
0.0096848 0
0.0096904 0
0.0096961 0
0.0097017 0
0.0097073 0
0.0097129 0
0.0097186 0
0.0097242 0
0.0097298 0
0.0097355 0
0.0097411 0
0.0097467 0
0.0097523 0
0.009758 0
0.0097636 0
0.0097692 0
0.0097749 0
0.0097805 0
0.0097861 0
0.0097917 0
0.0097974 0
0.009803 0
0.0098086 0
0.0098143 0
0.0098199 0
0.0098255 0
0.0098311 0
0.0098368 0
0.0098424 0
0.009848 0
0.0098537 0
0.0098593 0
0.0098649 0
0.0098705 0
0.0098762 0
0.0098818 0
0.0098874 0
0.0098931 0
0.0098987 0
0.0099043 0
0.0099099 0
0.0099156 0
0.0099212 0
0.0099268 0
0.0099325 0
0.0099381 0
0.0099437 0
0.0099493 0
0.009955 0
0.0099606 0
0.0099662 0
0.0099719 0
0.0099775 0
0.0099831 0
0.0099887 0
0.0099944 0
0.01 0
