0.001 0
0.0010056 0
0.0010113 0
0.0010169 0
0.0010225 0
0.0010281 0
0.0010338 0
0.0010394 0
0.001045 0
0.0010507 0
0.0010563 0
0.0010619 0
0.0010675 0
0.0010732 0
0.0010788 0
0.0010844 0
0.0010901 0
0.0010957 0
0.0011013 0
0.0011069 0
0.0011126 0
0.0011182 0
0.0011238 0
0.0011295 0
0.0011351 0
0.0011407 0
0.0011463 0
0.001152 0
0.0011576 0
0.0011632 0
0.0011689 0
0.0011745 0
0.0011801 0
0.0011857 0
0.0011914 0
0.001197 0
0.0012026 0
0.0012083 0
0.0012139 0
0.0012195 0
0.0012251 0
0.0012308 0
0.0012364 0
0.001242 0
0.0012477 0
0.0012533 0
0.0012589 0
0.0012645 0
0.0012702 0
0.0012758 0
0.0012814 0
0.0012871 0
0.0012927 0
0.0012983 0
0.0013039 0
0.0013096 0
0.0013152 0
0.0013208 0
0.0013265 0
0.0013321 0
0.0013377 0
0.0013433 0
0.001349 0
0.0013546 0
0.0013602 0
0.0013659 0
0.0013715 0
0.0013771 0
0.0013827 0
0.0013884 0
0.001394 0
0.0013996 0
0.0014053 0
0.0014109 0
0.0014165 0
0.0014221 0
0.0014278 0
0.0014334 0
0.001439 0
0.0014447 0
0.0014503 0
0.0014559 0
0.0014615 0
0.0014672 0
0.0014728 0
0.0014784 0
0.0014841 0
0.0014897 0
0.0014953 0
0.0015009 0
0.0015066 0
0.0015122 0
0.0015178 0
0.0015235 0
0.0015291 0
0.0015347 0
0.0015403 0
0.001546 0
0.0015516 0
0.0015572 0
0.0015629 0
0.0015685 0
0.0015741 0
0.0015797 0
0.0015854 0
0.001591 0
0.0015966 0
0.0016023 0
0.0016079 0
0.0016135 0
0.0016191 0
0.0016248 0
0.0016304 0
0.001636 0
0.0016417 0
0.0016473 0
0.0016529 0
0.0016585 0
0.0016642 0
0.0016698 0
0.0016754 0
0.0016811 0
0.0016867 0
0.0016923 0
0.0016979 0
0.0017036 0
0.0017092 0
0.0017148 0
0.0017205 0
0.0017261 0
0.0017317 0
0.0017373 0
0.001743 0
0.0017486 0
0.0017542 0
0.0017598 0
0.0017655 0
0.0017711 0
0.0017767 0
0.0017824 0
0.001788 0
0.0017936 0
0.0017992 0
0.0018049 0
0.0018105 0
0.0018161 0
0.0018218 0
0.0018274 0
0.001833 0
0.0018386 0
0.0018443 0
0.0018499 0
0.0018555 0
0.0018612 0
0.0018668 0
0.0018724 0
0.001878 0
0.0018837 0
0.0018893 0
0.0018949 0
0.0019006 0
0.0019062 0
0.0019118 0
0.0019174 0
0.0019231 0
0.0019287 0
0.0019343 0
0.00194 0
0.0019456 0
0.0019512 0
0.0019568 0
0.0019625 0
0.0019681 0
0.0019737 0
0.0019794 0
0.001985 0
0.0019906 0
0.0019962 0
0.0020019 0
0.0020075 0
0.0020131 0
0.0020188 0
0.0020244 0
0.00203 0
0.0020356 0
0.0020413 0
0.0020469 0
0.0020525 0
0.0020582 0
0.0020638 0
0.0020694 0
0.002075 0
0.0020807 0
0.0020863 0
0.0020919 0
0.0020976 0
0.0021032 0
0.0021088 0
0.0021144 0
0.0021201 0
0.0021257 0
0.0021313 0
0.002137 0
0.0021426 0
0.0021482 0
0.0021538 0
0.0021595 0
0.0021651 0
0.0021707 0
0.0021764 0
0.002182 0
0.0021876 0
0.0021932 0
0.0021989 0
0.0022045 0
0.0022101 0
0.0022158 0
0.0022214 0
0.002227 0
0.0022326 0
0.0022383 0
0.0022439 0
0.0022495 0
0.0022552 0
0.0022608 0
0.0022664 0
0.002272 0
0.0022777 0
0.0022833 0
0.0022889 0
0.0022946 0
0.0023002 0
0.0023058 0
0.0023114 0
0.0023171 0
0.0023227 0
0.0023283 0
0.002334 0
0.0023396 0
0.0023452 0
0.0023508 0
0.0023565 0
0.0023621 0
0.0023677 0
0.0023734 0
0.002379 0
0.0023846 0
0.0023902 0
0.0023959 0
0.0024015 0
0.0024071 0
0.0024128 0
0.0024184 0
0.002424 0
0.0024296 0
0.0024353 0
0.0024409 0
0.0024465 0
0.0024522 0
0.0024578 0
0.0024634 0
0.002469 0
0.0024747 0
0.0024803 0
0.0024859 0
0.0024916 0
0.0024972 0
0.0025028 0
0.0025084 0
0.0025141 0
0.0025197 0
0.0025253 0
0.002531 0
0.0025366 0
0.0025422 0
0.0025478 0
0.0025535 0
0.0025591 0
0.0025647 0
0.0025704 0
0.002576 0
0.0025816 0
0.0025872 0
0.0025929 0
0.0025985 0
0.0026041 0
0.0026098 0
0.0026154 0
0.002621 0
0.0026266 0
0.0026323 0
0.0026379 0
0.0026435 0
0.0026492 0
0.0026548 0
0.0026604 0
0.002666 0
0.0026717 0
0.0026773 0
0.0026829 0
0.0026886 0
0.0026942 0
0.0026998 0
0.0027054 0
0.0027111 0
0.0027167 0
0.0027223 0
0.002728 0
0.0027336 0
0.0027392 0
0.0027448 0
0.0027505 0
0.0027561 0
0.0027617 0
0.0027674 0
0.002773 0
0.0027786 0
0.0027842 0
0.0027899 0
0.0027955 0
0.0028011 0
0.0028068 0
0.0028124 0
0.002818 0
0.0028236 0
0.0028293 0
0.0028349 0
0.0028405 0
0.0028462 0
0.0028518 0
0.0028574 0
0.002863 0
0.0028687 0
0.0028743 0
0.0028799 0
0.0028856 0
0.0028912 0
0.0028968 0
0.0029024 0
0.0029081 0
0.0029137 0
0.0029193 0
0.002925 0
0.0029306 0
0.0029362 0
0.0029418 0
0.0029475 0
0.0029531 0
0.0029587 0
0.0029644 0
0.00297 0
0.0029756 0
0.0029812 0
0.0029869 0
0.0029925 0
0.0029981 0
0.0030038 0
0.0030094 0
0.003015 0
0.0030206 0
0.0030263 0
0.0030319 0
0.0030375 0
0.0030432 0
0.0030488 0
0.0030544 0
0.00306 0
0.0030657 0
0.0030713 0
0.0030769 0
0.0030826 0
0.0030882 0
0.0030938 0
0.0030994 0
0.0031051 0
0.0031107 0
0.0031163 0
0.003122 0
0.0031276 0
0.0031332 0
0.0031388 0
0.0031445 0
0.0031501 0
0.0031557 0
0.0031614 0
0.003167 0
0.0031726 0
0.0031782 0
0.0031839 0
0.0031895 0
0.0031951 0
0.0032008 0
0.0032064 0
0.003212 0
0.0032176 0
0.0032233 0
0.0032289 0
0.0032345 0
0.0032402 0
0.0032458 0
0.0032514 0
0.003257 0
0.0032627 0
0.0032683 0
0.0032739 0
0.0032795 0
0.0032852 0
0.0032908 0
0.0032964 0
0.0033021 0
0.0033077 0
0.0033133 0
0.0033189 0
0.0033246 0
0.0033302 0
0.0033358 0
0.0033415 0
0.0033471 0
0.0033527 0
0.0033583 0
0.003364 0
0.0033696 0
0.0033752 0
0.0033809 0
0.0033865 0
0.0033921 0
0.0033977 0
0.0034034 0
0.003409 0
0.0034146 0
0.0034203 0
0.0034259 0
0.0034315 0
0.0034371 0
0.0034428 0
0.0034484 0
0.003454 0
0.0034597 0
0.0034653 0
0.0034709 0
0.0034765 0
0.0034822 0
0.0034878 0
0.0034934 0
0.0034991 0
0.0035047 0
0.0035103 0
0.0035159 0
0.0035216 0
0.0035272 0
0.0035328 0
0.0035385 0
0.0035441 0
0.0035497 0
0.0035553 0
0.003561 0
0.0035666 0
0.0035722 0
0.0035779 0
0.0035835 0
0.0035891 0
0.0035947 0
0.0036004 0
0.003606 0
0.0036116 0
0.0036173 0
0.0036229 0
0.0036285 0
0.0036341 0
0.0036398 0
0.0036454 0
0.003651 0
0.0036567 0
0.0036623 0
0.0036679 0
0.0036735 0
0.0036792 0
0.0036848 0
0.0036904 0
0.0036961 0
0.0037017 0
0.0037073 0
0.0037129 0
0.0037186 0
0.0037242 0
0.0037298 0
0.0037355 0
0.0037411 0
0.0037467 0
0.0037523 0
0.003758 0
0.0037636 0
0.0037692 0
0.0037749 0
0.0037805 0
0.0037861 0
0.0037917 0
0.0037974 0
0.003803 0
0.0038086 0
0.0038143 0
0.0038199 0
0.0038255 0
0.0038311 0
0.0038368 0
0.0038424 0
0.003848 0
0.0038537 0
0.0038593 0
0.0038649 0
0.0038705 0
0.0038762 0
0.0038818 0
0.0038874 0
0.0038931 0
0.0038987 0
0.0039043 0
0.0039099 0
0.0039156 0
0.0039212 0
0.0039268 0
0.0039325 0
0.0039381 0
0.0039437 0
0.0039493 0
0.003955 0
0.0039606 0
0.0039662 0
0.0039719 0
0.0039775 0
0.0039831 0
0.0039887 0
0.0039944 0
0.004 0
0.0040056 0
0.0040113 0
0.0040169 0
0.0040225 0
0.0040281 0
0.0040338 0
0.0040394 0
0.004045 0
0.0040507 0
0.0040563 0
0.0040619 0
0.0040675 0
0.0040732 0
0.0040788 0
0.0040844 0
0.0040901 0
0.0040957 0
0.0041013 0
0.0041069 1e-07
0.0041126 1e-07
0.0041182 1e-07
0.0041238 1e-07
0.0041295 2e-07
0.0041351 2e-07
0.0041407 3e-07
0.0041463 4e-07
0.004152 5e-07
0.0041576 6e-07
0.0041632 7e-07
0.0041689 9e-07
0.0041745 1.1e-06
0.0041801 1.4e-06
0.0041857 1.8e-06
0.0041914 2.3e-06
0.004197 3e-06
0.0042026 3.8e-06
0.0042083 5.3e-06
0.0042139 7.5e-06
0.0042195 1.05e-05
0.0042251 1.47e-05
0.0042308 2.14e-05
0.0042364 3.12e-05
0.004242 4.56e-05
0.0042477 6.65e-05
0.0042533 9.35e-05
0.0042589 0.0001308
0.0042645 0.0001831
0.0042702 0.0002562
0.0042758 0.0003415
0.0042814 0.000453
0.0042871 0.0006009
0.0042927 0.000797
0.0042983 0.0010506
0.0043039 0.001384
0.0043096 0.0018232
0.0043152 0.0024017
0.0043208 0.0031384
0.0043265 0.0040971
0.0043321 0.0053487
0.0043377 0.0069827
0.0043433 0.0085048
0.004349 0.0102679
0.0043546 0.0123963
0.0043602 0.014966
0.0043659 0.0164686
0.0043715 0.0178936
0.0043771 0.019442
0.0043827 0.0211243
0.0043884 0.0222842
0.004394 0.0234062
0.0043996 0.0245847
0.0044053 0.0258225
0.0044109 0.0281236
0.0044165 0.030804
0.0044221 0.0337398
0.0044278 0.0369555
0.0044334 0.0420797
0.004439 0.0482256
0.0044447 0.055269
0.0044503 0.0633411
0.0044559 0.0723051
0.0044615 0.0824797
0.0044672 0.0940861
0.0044728 0.1073257
0.0044784 0.1200803
0.0044841 0.1338638
0.0044897 0.1492293
0.0044953 0.1663587
0.0045009 0.1883753
0.0045066 0.2139676
0.0045122 0.2430367
0.0045178 0.2760551
0.0045235 0.3260173
0.0045291 0.3881715
0.0045347 0.4621753
0.0045403 0.5502876
0.004546 0.658093
0.0045516 0.7877826
0.0045572 0.9430301
0.0045629 1.1288719
0.0045685 1.2833038
0.0045741 1.4415218
0.0045797 1.6192464
0.0045854 1.8188825
0.004591 1.9320165
0.0045966 2.0244911
0.0046023 2.1213919
0.0046079 2.2229308
0.0046135 2.2850709
0.0046191 2.3374983
0.0046248 2.3911285
0.0046304 2.4459893
0.004636 2.4978464
0.0046417 2.5496436
0.0046473 2.6025148
0.0046529 2.6564825
0.0046585 2.670784
0.0046642 2.673839
0.0046698 2.6768974
0.0046754 2.6799593
0.0046811 2.625365
0.0046867 2.5556605
0.0046923 2.4878066
0.0046979 2.4217543
0.0047036 2.3603758
0.0047092 2.3014187
0.0047148 2.2439341
0.0047205 2.1878855
0.0047261 2.1998074
0.0047317 2.2334335
0.0047373 2.2675736
0.004743 2.3022357
0.0047486 2.4166089
0.0047542 2.5647053
0.0047598 2.7218774
0.0047655 2.8886815
0.0047711 3.0762782
0.0047767 3.2799328
0.0047824 3.4970696
0.004788 3.7285812
0.0047936 3.8889927
0.0047992 4.024588
0.0048049 4.1649111
0.0048105 4.3101266
0.0048161 4.3879327
0.0048218 4.4400667
0.0048274 4.4928202
0.004833 4.5462004
0.0048386 4.6128006
0.0048443 4.6853078
0.0048499 4.7589546
0.0048555 4.833759
0.0048612 4.9406897
0.0048668 5.0626957
0.0048724 5.1877145
0.004878 5.3158205
0.0048837 5.3806975
0.0048893 5.4187253
0.0048949 5.4570219
0.0049006 5.4955891
0.0049062 5.3766954
0.0049118 5.1953593
0.0049174 5.020139
0.0049231 4.8508282
0.0049287 4.5812397
0.0049343 4.2827571
0.00494 4.0037216
0.0049456 3.7428662
0.0049512 3.4988179
0.0049568 3.2706011
0.0049625 3.0572702
0.0049681 2.8578541
0.0049737 2.7191525
0.0049794 2.6091551
0.004985 2.5036073
0.0049906 2.4023292
0.0049962 2.3379185
0.0050019 2.2911685
0.0050075 2.2453534
0.0050131 2.2004544
0.0050188 2.1514319
0.0050244 2.1009954
0.00503 2.0517413
0.0050356 2.0036418
0.0050413 1.937395
0.0050469 1.8635585
0.0050525 1.792536
0.0050582 1.7242202
0.0050638 1.6488738
0.0050694 1.5718075
0.005075 1.4983431
0.0050807 1.4283124
0.0050863 1.3529924
0.0050919 1.2770867
0.0050976 1.2054394
0.0051032 1.1378116
0.0051088 1.0538393
0.0051144 0.9653456
0.0051201 0.8842829
0.0051257 0.8100273
0.0051313 0.720863
0.005137 0.6304379
0.0051426 0.5513557
0.0051482 0.4821936
0.0051538 0.413442
0.0051595 0.3501557
0.0051651 0.2965568
0.0051707 0.2511624
0.0051764 0.2126175
0.005182 0.1799342
0.0051876 0.152275
0.0051932 0.1288675
0.0051989 0.1099089
0.0052045 0.0942232
0.0052101 0.0807762
0.0052158 0.0692482
0.0052214 0.0595859
0.005227 0.0514018
0.0052326 0.0443419
0.0052383 0.0382516
0.0052439 0.033213
0.0052495 0.0289707
0.0052552 0.0252702
0.0052608 0.0220424
0.0052664 0.0196164
0.005272 0.0177139
0.0052777 0.015996
0.0052833 0.0144447
0.0052889 0.0133893
0.0052946 0.0126567
0.0053002 0.0119642
0.0053058 0.0113096
0.0053114 0.0109041
0.0053171 0.0106749
0.0053227 0.0104506
0.0053283 0.0102309
0.005334 0.0101566
0.0053396 0.0101956
0.0053452 0.0102348
0.0053508 0.0102741
0.0053565 0.0105062
0.0053621 0.0109081
0.0053677 0.0113255
0.0053734 0.0117588
0.005379 0.0125808
0.0053846 0.0138072
0.0053902 0.0151531
0.0053959 0.0166303
0.0054015 0.0190675
0.0054071 0.0227133
0.0054128 0.0270561
0.0054184 0.0322293
0.005424 0.0405581
0.0054296 0.0536243
0.0054353 0.0709
0.0054409 0.0937411
0.0054465 0.1295109
0.0054522 0.1863765
0.0054578 0.2682106
0.0054634 0.3859764
0.005469 0.5564537
0.0054747 0.8036113
0.0054803 1.160548
0.0054859 1.6760237
0.0054916 2.3353913
0.0054972 3.1414743
0.0055028 4.2257848
0.0055084 5.6843555
0.0055141 7.3017798
0.0055197 8.9504825
0.0055253 10.9714533
0.005531 13.4487485
0.0055366 15.7395612
0.0055422 17.5496472
0.0055478 19.5678973
0.0055535 21.8182508
0.0055591 23.4407543
0.0055647 24.1957686
0.0055704 24.9751016
0.005576 25.7795364
0.0055816 26.4085986
0.0055872 26.8257346
0.0055929 27.2494595
0.0055985 27.6798773
0.0056041 28.8603708
0.0056098 31.0038781
0.0056154 33.3065873
0.005621 35.7803225
0.0056266 39.7963613
0.0056323 46.1155853
0.0056379 53.4382325
0.0056435 61.9236355
0.0056492 72.8344659
0.0056548 87.2361983
0.0056604 104.4856195
0.005666 125.1458099
0.0056717 149.7986598
0.0056773 179.1691302
0.0056829 214.2981605
0.0056886 256.3148101
0.0056942 309.9467899
0.0056998 380.1486118
0.0057054 466.2508915
0.0057111 571.8550247
0.0057167 718.2011851
0.0057223 930.9610395
0.005728 1206.7488539
0.0057336 1564.2360257
0.0057392 2029.272481
0.0057448 2635.5023106
0.0057505 3422.8387239
0.0057561 4445.385945
0.0057617 5502.4281007
0.0057674 6361.9506357
0.005773 7355.7373491
0.0057786 8504.7613613
0.0057842 9172.8716155
0.0057899 8936.7095731
0.0057955 8706.6276889
0.0058011 8482.4694249
0.0058068 7891.0064388
0.0058124 6846.362252
0.005818 5940.0123988
0.0058236 5153.6489012
0.0058293 4415.0478417
0.0058349 3708.3264383
0.0058405 3114.7306816
0.0058462 2616.1524289
0.0058518 2204.8486209
0.0058574 1868.3712158
0.005863 1583.2429342
0.0058687 1341.6274922
0.0058743 1141.9614708
0.0058799 979.2266822
0.0058856 839.6823532
0.0058912 720.0237362
0.0058968 622.5072664
0.0059024 545.8268287
0.0059081 478.5918864
0.0059137 419.6389435
0.0059193 375.9239048
0.005925 349.7978378
0.0059306 325.4874877
0.0059362 302.8666652
0.0059418 291.1148892
0.0059475 296.9406204
0.0059531 302.882935
0.0059587 308.9441659
0.0059644 323.9375364
0.00597 357.8433654
0.0059756 395.2980428
0.0059812 436.673019
0.0059869 487.3193729
0.0059925 554.7860687
0.0059981 631.5931588
0.0060038 719.0337695
0.0060094 814.9029889
0.006015 915.182279
0.0060206 1027.8016098
0.0060263 1154.2795062
0.0060319 1282.3275661
0.0060375 1392.5830092
0.0060432 1512.3182943
0.0060488 1642.3485051
0.0060544 1756.6008146
0.00606 1817.8152441
0.0060657 1881.1628881
0.0060713 1946.7180853
0.0060769 1968.7643846
0.0060826 1890.9361255
0.0060882 1816.1845362
0.0060938 1744.3879912
0.0060994 1626.0219411
0.0061051 1413.7908832
0.0061107 1229.260572
0.0061163 1068.8154605
0.006122 905.8886327
0.0061276 721.9799238
0.0061332 575.4073862
0.0061388 458.5912284
0.0061445 363.423394
0.0061501 283.9501346
0.0061557 221.8560507
0.0061614 173.3406724
0.006167 137.4970804
0.0061726 113.4271129
0.0061782 93.5707865
0.0061839 77.1904693
0.0061895 64.8999902
0.0061951 57.4347965
0.0062008 50.828295
0.0062064 44.9817137
0.006212 40.1913348
0.0062176 36.8887211
0.0062233 33.8574907
0.0062289 31.0753434
0.0062345 28.61339
0.0062402 26.59356
0.0062458 24.7163105
0.0062514 22.9715767
0.006257 21.5199943
0.0062627 20.6504924
0.0062683 19.8161223
0.0062739 19.0154644
0.0062795 18.507901
0.0062852 18.8389249
0.0062908 19.1758695
0.0062964 19.5188404
0.0063021 20.0370114
0.0063077 21.1504788
0.0063133 22.3258221
0.0063189 23.56648
0.0063246 24.6647815
0.0063302 25.0691926
0.0063358 25.4802344
0.0063415 25.8980158
0.0063471 25.7226866
0.0063527 23.5210451
0.0063583 21.5078453
0.006364 19.6669581
0.0063696 17.5845726
0.0063752 14.4537386
0.0063809 11.880332
0.0063865 9.7651058
0.0063921 7.9176619
0.0063977 6.0847474
0.0064034 4.676147
0.006409 3.5936332
0.0064146 2.7357138
0.0064203 2.003082
0.0064259 1.466651
0.0064315 1.0738778
0.0064371 0.7822783
0.0064428 0.5574042
0.0064484 0.3971726
0.006454 0.2830012
0.0064597 0.2029756
0.0064653 0.1499782
0.0064709 0.1108186
0.0064765 0.0818836
0.0064822 0.0614649
0.0064878 0.0497507
0.0064934 0.040269
0.0064991 0.0325944
0.0065047 0.0267451
0.0065103 0.0235103
0.0065159 0.0206668
0.0065216 0.0181671
0.0065272 0.016051
0.0065328 0.0145697
0.0065385 0.0132251
0.0065441 0.0120047
0.0065497 0.0108802
0.0065553 0.0097765
0.006561 0.0087847
0.0065666 0.0078936
0.0065722 0.0070798
0.0065779 0.0062803
0.0065835 0.0055711
0.0065891 0.0049419
0.0065947 0.0043832
0.0066004 0.0038844
0.006606 0.0034423
0.0066116 0.0030505
0.0066173 0.0027025
0.0066229 0.0023894
0.0066285 0.0021126
0.0066341 0.0018679
0.0066398 0.0016523
0.0066454 0.0014669
0.006651 0.0013024
0.0066567 0.0011563
0.0066623 0.0010313
0.0066679 0.0009533
0.0066735 0.0008812
0.0066792 0.0008146
0.0066848 0.0007584
0.0066904 0.0007498
0.0066961 0.0007413
0.0067017 0.0007329
0.0067073 0.0007292
0.0067129 0.0007695
0.0067186 0.000812
0.0067242 0.0008568
0.0067298 0.0009087
0.0067355 0.0010131
0.0067411 0.0011295
0.0067467 0.0012592
0.0067523 0.0014062
0.006758 0.0015994
0.0067636 0.0018191
0.0067692 0.002069
0.0067749 0.002347
0.0067805 0.0025781
0.0067861 0.0028318
0.0067917 0.0031106
0.0067974 0.0034064
0.006803 0.0035768
0.0068086 0.0037557
0.0068143 0.0039435
0.0068199 0.0041363
0.0068255 0.0042665
0.0068311 0.0044009
0.0068368 0.0045395
0.0068424 0.0046801
0.006848 0.0047814
0.0068537 0.0048849
0.0068593 0.0049906
0.0068649 0.005094
0.0068705 0.0051005
0.0068762 0.005107
0.0068818 0.0051135
0.0068874 0.0051191
0.0068931 0.0051003
0.0068987 0.0050816
0.0069043 0.005063
0.0069099 0.0050504
0.0069156 0.0052306
0.0069212 0.0054174
0.0069268 0.0056107
0.0069325 0.005819
0.0069381 0.0064035
0.0069437 0.0070467
0.0069493 0.0077546
0.006955 0.0085366
0.0069606 0.0096245
0.0069662 0.0108509
0.0069719 0.0122336
0.0069775 0.0137881
0.0069831 0.0148942
0.0069887 0.016089
0.0069944 0.0173798
0.007 0.018774
0.0070056 0.0191297
0.0070113 0.0194921
0.0070169 0.0198615
0.0070225 0.0202378
0.0070281 0.0200867
0.0070338 0.0199329
0.0070394 0.0197802
0.007045 0.0196286
0.0070507 0.0191375
0.0070563 0.0186536
0.0070619 0.018182
0.0070675 0.0177223
0.0070732 0.0166079
0.0070788 0.0155494
0.0070844 0.0145585
0.0070901 0.0136306
0.0070957 0.0122659
0.0071013 0.0110242
0.0071069 0.0099082
0.0071126 0.0089052
0.0071182 0.0079722
0.0071238 0.0071358
0.0071295 0.0063872
0.0071351 0.0057171
0.0071407 0.0052541
0.0071463 0.0048346
0.007152 0.0044486
0.0071576 0.0040934
0.0071632 0.003868
0.0071689 0.0036605
0.0071745 0.0034641
0.0071801 0.0032782
0.0071857 0.0031247
0.0071914 0.0029797
0.007197 0.0028414
0.0072026 0.0027096
0.0072083 0.0025751
0.0072139 0.0024467
0.0072195 0.0023247
0.0072251 0.0022088
0.0072308 0.0021092
0.0072364 0.0020149
0.007242 0.0019249
0.0072477 0.0018388
0.0072533 0.001783
0.0072589 0.0017312
0.0072645 0.0016809
0.0072702 0.0016321
0.0072758 0.0016017
0.0072814 0.0015736
0.0072871 0.001546
0.0072927 0.0015188
0.0072983 0.0014889
0.0073039 0.0014592
0.0073096 0.0014301
0.0073152 0.0014016
0.0073208 0.0013631
0.0073265 0.0013245
0.0073321 0.001287
0.0073377 0.0012506
0.0073433 0.001211
0.007349 0.0011721
0.0073546 0.0011345
0.0073602 0.0010981
0.0073659 0.0010659
0.0073715 0.001035
0.0073771 0.0010051
0.0073827 0.000976
0.0073884 0.000952
0.007394 0.0009293
0.0073996 0.000907
0.0074053 0.0008854
0.0074109 0.0008655
0.0074165 0.0008463
0.0074221 0.0008274
0.0074278 0.0008091
0.0074334 0.0007904
0.007439 0.0007721
0.0074447 0.0007542
0.0074503 0.0007368
0.0074559 0.0007201
0.0074615 0.0007039
0.0074672 0.0006881
0.0074728 0.0006726
0.0074784 0.0006618
0.0074841 0.000652
0.0074897 0.0006423
0.0074953 0.0006328
0.0075009 0.0006325
0.0075066 0.000634
0.0075122 0.0006355
0.0075178 0.000637
0.0075235 0.0006506
0.0075291 0.0006671
0.0075347 0.0006841
0.0075403 0.0007015
0.007546 0.0007287
0.0075516 0.0007591
0.0075572 0.0007907
0.0075629 0.0008237
0.0075685 0.0008554
0.0075741 0.0008877
0.0075797 0.0009212
0.0075854 0.000956
0.007591 0.0009769
0.0075966 0.0009944
0.0076023 0.0010123
0.0076079 0.0010304
0.0076135 0.0010376
0.0076191 0.001042
0.0076248 0.0010463
0.0076304 0.0010507
0.007636 0.0010568
0.0076417 0.0010634
0.0076473 0.0010701
0.0076529 0.0010767
0.0076585 0.0010741
0.0076642 0.0010689
0.0076698 0.0010637
0.0076754 0.0010585
0.0076811 0.0010107
0.0076867 0.0009535
0.0076923 0.0008996
0.0076979 0.0008487
0.0077036 0.0007632
0.0077092 0.0006765
0.0077148 0.0005996
0.0077205 0.0005314
0.0077261 0.0004699
0.0077317 0.0004152
0.0077373 0.0003669
0.007743 0.0003242
0.0077486 0.0002974
0.0077542 0.0002763
0.0077598 0.0002566
0.0077655 0.0002383
0.0077711 0.0002252
0.0077767 0.0002141
0.0077824 0.0002035
0.007788 0.0001934
0.0077936 0.0001771
0.0077992 0.0001601
0.0078049 0.0001447
0.0078105 0.0001308
0.0078161 0.0001122
0.0078218 9.44e-05
0.0078274 7.94e-05
0.007833 6.68e-05
0.0078386 5.55e-05
0.0078443 4.59e-05
0.0078499 3.8e-05
0.0078555 3.14e-05
0.0078612 2.63e-05
0.0078668 2.21e-05
0.0078724 1.86e-05
0.007878 1.56e-05
0.0078837 1.3e-05
0.0078893 1.08e-05
0.0078949 9e-06
0.0079006 7.5e-06
0.0079062 6.1e-06
0.0079118 4.9e-06
0.0079174 3.9e-06
0.0079231 3.1e-06
0.0079287 2.5e-06
0.0079343 2e-06
0.00794 1.6e-06
0.0079456 1.3e-06
0.0079512 1.1e-06
0.0079568 9e-07
0.0079625 7e-07
0.0079681 6e-07
0.0079737 5e-07
0.0079794 5e-07
0.007985 4e-07
0.0079906 4e-07
0.0079962 3e-07
0.0080019 3e-07
0.0080075 3e-07
0.0080131 3e-07
0.0080188 2e-07
0.0080244 2e-07
0.00803 2e-07
0.0080356 2e-07
0.0080413 2e-07
0.0080469 2e-07
0.0080525 2e-07
0.0080582 2e-07
0.0080638 2e-07
0.0080694 2e-07
0.008075 2e-07
0.0080807 2e-07
0.0080863 2e-07
0.0080919 2e-07
0.0080976 2e-07
0.0081032 2e-07
0.0081088 2e-07
0.0081144 2e-07
0.0081201 2e-07
0.0081257 3e-07
0.0081313 3e-07
0.008137 3e-07
0.0081426 3e-07
0.0081482 4e-07
0.0081538 4e-07
0.0081595 5e-07
0.0081651 5e-07
0.0081707 6e-07
0.0081764 7e-07
0.008182 7e-07
0.0081876 8e-07
0.0081932 9e-07
0.0081989 1e-06
0.0082045 1.1e-06
0.0082101 1.2e-06
0.0082158 1.3e-06
0.0082214 1.4e-06
0.008227 1.6e-06
0.0082326 1.7e-06
0.0082383 1.8e-06
0.0082439 1.9e-06
0.0082495 2e-06
0.0082552 2.2e-06
0.0082608 2.3e-06
0.0082664 2.4e-06
0.008272 2.5e-06
0.0082777 2.6e-06
0.0082833 2.6e-06
0.0082889 2.7e-06
0.0082946 2.6e-06
0.0083002 2.6e-06
0.0083058 2.5e-06
0.0083114 2.5e-06
0.0083171 2.4e-06
0.0083227 2.4e-06
0.0083283 2.3e-06
0.008334 2.3e-06
0.0083396 2.4e-06
0.0083452 2.5e-06
0.0083508 2.5e-06
0.0083565 2.7e-06
0.0083621 3e-06
0.0083677 3.3e-06
0.0083734 3.6e-06
0.008379 4e-06
0.0083846 4.5e-06
0.0083902 5.1e-06
0.0083959 5.7e-06
0.0084015 6.3e-06
0.0084071 6.8e-06
0.0084128 7.3e-06
0.0084184 7.9e-06
0.008424 8.4e-06
0.0084296 8.8e-06
0.0084353 9.2e-06
0.0084409 9.6e-06
0.0084465 1e-05
0.0084522 1.03e-05
0.0084578 1.07e-05
0.0084634 1.11e-05
0.008469 1.13e-05
0.0084747 1.14e-05
0.0084803 1.15e-05
0.0084859 1.16e-05
0.0084916 1.12e-05
0.0084972 1.04e-05
0.0085028 9.7e-06
0.0085084 9.1e-06
0.0085141 8.2e-06
0.0085197 7.1e-06
0.0085253 6.1e-06
0.008531 5.3e-06
0.0085366 4.5e-06
0.0085422 3.8e-06
0.0085478 3.2e-06
0.0085535 2.7e-06
0.0085591 2.3e-06
0.0085647 2e-06
0.0085704 1.7e-06
0.008576 1.5e-06
0.0085816 1.3e-06
0.0085872 1.1e-06
0.0085929 1e-06
0.0085985 9e-07
0.0086041 8e-07
0.0086098 7e-07
0.0086154 6e-07
0.008621 5e-07
0.0086266 5e-07
0.0086323 4e-07
0.0086379 4e-07
0.0086435 3e-07
0.0086492 3e-07
0.0086548 3e-07
0.0086604 3e-07
0.008666 2e-07
0.0086717 2e-07
0.0086773 2e-07
0.0086829 2e-07
0.0086886 2e-07
0.0086942 2e-07
0.0086998 2e-07
0.0087054 2e-07
0.0087111 2e-07
0.0087167 2e-07
0.0087223 2e-07
0.008728 2e-07
0.0087336 2e-07
0.0087392 2e-07
0.0087448 2e-07
0.0087505 2e-07
0.0087561 2e-07
0.0087617 2e-07
0.0087674 2e-07
0.008773 2e-07
0.0087786 2e-07
0.0087842 1e-07
0.0087899 1e-07
0.0087955 1e-07
0.0088011 1e-07
0.0088068 1e-07
0.0088124 1e-07
0.008818 1e-07
0.0088236 1e-07
0.0088293 1e-07
0.0088349 1e-07
0.0088405 1e-07
0.0088462 0
0.0088518 0
0.0088574 0
0.008863 0
0.0088687 0
0.0088743 0
0.0088799 0
0.0088856 0
0.0088912 0
0.0088968 0
0.0089024 0
0.0089081 0
0.0089137 0
0.0089193 0
0.008925 0
0.0089306 0
0.0089362 0
0.0089418 0
0.0089475 0
0.0089531 0
0.0089587 0
0.0089644 0
0.00897 0
0.0089756 0
0.0089812 0
0.0089869 0
0.0089925 0
0.0089981 0
0.0090038 0
0.0090094 0
0.009015 0
0.0090206 0
0.0090263 0
0.0090319 0
0.0090375 0
0.0090432 0
0.0090488 0
0.0090544 0
0.00906 0
0.0090657 0
0.0090713 0
0.0090769 0
0.0090826 0
0.0090882 0
0.0090938 0
0.0090994 0
0.0091051 0
0.0091107 0
0.0091163 0
0.009122 0
0.0091276 0
0.0091332 0
0.0091388 0
0.0091445 0
0.0091501 0
0.0091557 0
0.0091614 0
0.009167 0
0.0091726 0
0.0091782 0
0.0091839 0
0.0091895 0
0.0091951 0
0.0092008 0
0.0092064 0
0.009212 0
0.0092176 0
0.0092233 0
0.0092289 0
0.0092345 0
0.0092402 0
0.0092458 0
0.0092514 0
0.009257 0
0.0092627 0
0.0092683 0
0.0092739 0
0.0092795 0
0.0092852 0
0.0092908 0
0.0092964 0
0.0093021 0
0.0093077 0
0.0093133 0
0.0093189 0
0.0093246 0
0.0093302 0
0.0093358 0
0.0093415 0
0.0093471 0
0.0093527 0
0.0093583 0
0.009364 0
0.0093696 0
0.0093752 0
0.0093809 0
0.0093865 0
0.0093921 0
0.0093977 0
0.0094034 0
0.009409 0
0.0094146 0
0.0094203 0
0.0094259 0
0.0094315 0
0.0094371 0
0.0094428 0
0.0094484 0
0.009454 0
0.0094597 0
0.0094653 0
0.0094709 0
0.0094765 0
0.0094822 0
0.0094878 0
0.0094934 0
0.0094991 0
0.0095047 0
0.0095103 0
0.0095159 0
0.0095216 0
0.0095272 0
0.0095328 0
0.0095385 0
0.0095441 0
0.0095497 0
0.0095553 0
0.009561 0
0.0095666 0
0.0095722 0
0.0095779 0
0.0095835 0
0.0095891 0
0.0095947 0
0.0096004 0
0.009606 0
0.0096116 0
0.0096173 0
0.0096229 0
0.0096285 0
0.0096341 0
0.0096398 0
0.0096454 0
0.009651 0
0.0096567 0
0.0096623 0
0.0096679 0
0.0096735 0
0.0096792 0
0.0096848 0
0.0096904 0
0.0096961 0
0.0097017 0
0.0097073 0
0.0097129 0
0.0097186 0
0.0097242 0
0.0097298 0
0.0097355 0
0.0097411 0
0.0097467 0
0.0097523 0
0.009758 0
0.0097636 0
0.0097692 0
0.0097749 0
0.0097805 0
0.0097861 0
0.0097917 0
0.0097974 0
0.009803 0
0.0098086 0
0.0098143 0
0.0098199 0
0.0098255 0
0.0098311 0
0.0098368 0
0.0098424 0
0.009848 0
0.0098537 0
0.0098593 0
0.0098649 0
0.0098705 0
0.0098762 0
0.0098818 0
0.0098874 0
0.0098931 0
0.0098987 0
0.0099043 0
0.0099099 0
0.0099156 0
0.0099212 0
0.0099268 0
0.0099325 0
0.0099381 0
0.0099437 0
0.0099493 0
0.009955 0
0.0099606 0
0.0099662 0
0.0099719 0
0.0099775 0
0.0099831 0
0.0099887 0
0.0099944 0
0.01 0
