0.001 0
0.0010056 0
0.0010113 0
0.0010169 0
0.0010225 0
0.0010281 0
0.0010338 0
0.0010394 0
0.001045 0
0.0010507 0
0.0010563 0
0.0010619 0
0.0010675 0
0.0010732 0
0.0010788 0
0.0010844 0
0.0010901 0
0.0010957 0
0.0011013 0
0.0011069 0
0.0011126 0
0.0011182 0
0.0011238 0
0.0011295 0
0.0011351 0
0.0011407 0
0.0011463 0
0.001152 0
0.0011576 0
0.0011632 0
0.0011689 0
0.0011745 0
0.0011801 0
0.0011857 0
0.0011914 0
0.001197 0
0.0012026 0
0.0012083 0
0.0012139 0
0.0012195 0
0.0012251 0
0.0012308 0
0.0012364 0
0.001242 0
0.0012477 0
0.0012533 0
0.0012589 0
0.0012645 0
0.0012702 0
0.0012758 0
0.0012814 0
0.0012871 0
0.0012927 0
0.0012983 0
0.0013039 0
0.0013096 0
0.0013152 0
0.0013208 0
0.0013265 0
0.0013321 0
0.0013377 0
0.0013433 0
0.001349 0
0.0013546 0
0.0013602 0
0.0013659 0
0.0013715 0
0.0013771 0
0.0013827 0
0.0013884 0
0.001394 0
0.0013996 0
0.0014053 0
0.0014109 0
0.0014165 0
0.0014221 0
0.0014278 0
0.0014334 0
0.001439 0
0.0014447 0
0.0014503 0
0.0014559 0
0.0014615 0
0.0014672 0
0.0014728 0
0.0014784 0
0.0014841 0
0.0014897 0
0.0014953 0
0.0015009 0
0.0015066 0
0.0015122 0
0.0015178 0
0.0015235 0
0.0015291 0
0.0015347 0
0.0015403 0
0.001546 0
0.0015516 0
0.0015572 0
0.0015629 0
0.0015685 0
0.0015741 0
0.0015797 0
0.0015854 0
0.001591 0
0.0015966 0
0.0016023 0
0.0016079 0
0.0016135 0
0.0016191 0
0.0016248 0
0.0016304 0
0.001636 0
0.0016417 0
0.0016473 0
0.0016529 0
0.0016585 0
0.0016642 0
0.0016698 0
0.0016754 0
0.0016811 0
0.0016867 0
0.0016923 0
0.0016979 0
0.0017036 0
0.0017092 0
0.0017148 0
0.0017205 0
0.0017261 0
0.0017317 0
0.0017373 0
0.001743 0
0.0017486 0
0.0017542 0
0.0017598 0
0.0017655 0
0.0017711 0
0.0017767 0
0.0017824 0
0.001788 0
0.0017936 0
0.0017992 0
0.0018049 0
0.0018105 0
0.0018161 0
0.0018218 0
0.0018274 0
0.001833 0
0.0018386 0
0.0018443 0
0.0018499 0
0.0018555 0
0.0018612 0
0.0018668 0
0.0018724 0
0.001878 0
0.0018837 0
0.0018893 0
0.0018949 0
0.0019006 0
0.0019062 0
0.0019118 0
0.0019174 0
0.0019231 0
0.0019287 0
0.0019343 0
0.00194 0
0.0019456 0
0.0019512 0
0.0019568 0
0.0019625 0
0.0019681 0
0.0019737 0
0.0019794 0
0.001985 0
0.0019906 0
0.0019962 0
0.0020019 0
0.0020075 0
0.0020131 0
0.0020188 0
0.0020244 0
0.00203 0
0.0020356 0
0.0020413 0
0.0020469 0
0.0020525 0
0.0020582 0
0.0020638 0
0.0020694 0
0.002075 0
0.0020807 0
0.0020863 0
0.0020919 0
0.0020976 0
0.0021032 0
0.0021088 0
0.0021144 0
0.0021201 0
0.0021257 0
0.0021313 0
0.002137 0
0.0021426 0
0.0021482 0
0.0021538 0
0.0021595 0
0.0021651 0
0.0021707 0
0.0021764 0
0.002182 0
0.0021876 0
0.0021932 0
0.0021989 0
0.0022045 0
0.0022101 0
0.0022158 0
0.0022214 0
0.002227 0
0.0022326 0
0.0022383 0
0.0022439 0
0.0022495 0
0.0022552 0
0.0022608 0
0.0022664 0
0.002272 0
0.0022777 0
0.0022833 0
0.0022889 0
0.0022946 0
0.0023002 0
0.0023058 0
0.0023114 0
0.0023171 0
0.0023227 0
0.0023283 0
0.002334 0
0.0023396 0
0.0023452 0
0.0023508 0
0.0023565 0
0.0023621 0
0.0023677 0
0.0023734 0
0.002379 0
0.0023846 0
0.0023902 0
0.0023959 0
0.0024015 0
0.0024071 0
0.0024128 0
0.0024184 0
0.002424 0
0.0024296 0
0.0024353 0
0.0024409 0
0.0024465 0
0.0024522 0
0.0024578 0
0.0024634 0
0.002469 0
0.0024747 0
0.0024803 0
0.0024859 0
0.0024916 0
0.0024972 1e-07
0.0025028 2e-07
0.0025084 4e-07
0.0025141 7e-07
0.0025197 1.2e-06
0.0025253 1.9e-06
0.002531 3.2e-06
0.0025366 4.8e-06
0.0025422 6.9e-06
0.0025478 9.8e-06
0.0025535 1.4e-05
0.0025591 2.07e-05
0.0025647 3.2e-05
0.0025704 4.94e-05
0.002576 7.64e-05
0.0025816 0.000122
0.0025872 0.0002019
0.0025929 0.0003342
0.0025985 0.000553
0.0026041 0.0008669
0.0026098 0.001277
0.0026154 0.0018811
0.002621 0.002771
0.0026266 0.0036766
0.0026323 0.0043116
0.0026379 0.0050562
0.0026435 0.0059294
0.0026492 0.0065558
0.0026548 0.0067473
0.0026604 0.0069444
0.002666 0.0071472
0.0026717 0.0075229
0.0026773 0.0081442
0.0026829 0.0088169
0.0026886 0.0095451
0.0026942 0.0107062
0.0026998 0.0125713
0.0027054 0.0147613
0.0027111 0.0173329
0.0027167 0.0199987
0.0027223 0.0225412
0.002728 0.025407
0.0027336 0.028637
0.0027392 0.0303518
0.0027448 0.0295598
0.0027505 0.0287884
0.0027561 0.0280372
0.0027617 0.0262738
0.0027674 0.0233124
0.002773 0.0206848
0.0027786 0.0183533
0.0027842 0.0168336
0.0027899 0.0162069
0.0027955 0.0156036
0.0028011 0.0150227
0.0028068 0.0153457
0.0028124 0.0171411
0.002818 0.0191467
0.0028236 0.0213868
0.0028293 0.0243053
0.0028349 0.0283751
0.0028405 0.0331264
0.0028462 0.0386732
0.0028518 0.0438254
0.0028574 0.047344
0.002863 0.0511451
0.0028687 0.0552515
0.0028743 0.0583686
0.0028799 0.0594164
0.0028856 0.060483
0.0028912 0.0615688
0.0028968 0.0643277
0.0029024 0.0702786
0.0029081 0.0767801
0.0029137 0.083883
0.0029193 0.0954065
0.002925 0.1165292
0.0029306 0.1423284
0.0029362 0.1738395
0.0029418 0.2125273
0.0029475 0.260274
0.0029531 0.3187474
0.0029587 0.3903576
0.0029644 0.4569968
0.00297 0.4913147
0.0029756 0.5282097
0.0029812 0.5678753
0.0029869 0.5863091
0.0029925 0.5592878
0.0029981 0.5335118
0.0030038 0.5089238
0.0030094 0.4888507
0.003015 0.4762093
0.0030206 0.4638948
0.0030263 0.4518988
0.0030319 0.4520966
0.0030375 0.478227
0.0030432 0.5058677
0.0030488 0.535106
0.0030544 0.565684
0.00306 0.5972079
0.0030657 0.6304884
0.0030713 0.6656236
0.0030769 0.681782
0.0030826 0.6525129
0.0030882 0.6245004
0.0030938 0.5976904
0.0030994 0.5627183
0.0031051 0.5099544
0.0031107 0.4621379
0.0031163 0.418805
0.003122 0.3887577
0.0031276 0.3823645
0.0031332 0.3760764
0.0031388 0.3698917
0.0031445 0.3781244
0.0031501 0.4256952
0.0031557 0.4792508
0.0031614 0.539544
0.003167 0.6191229
0.0031726 0.7464926
0.0031782 0.9000656
0.0031839 1.0852326
0.0031895 1.2985054
0.0031951 1.521943
0.0032008 1.7838281
0.0032064 2.0907765
0.003212 2.4154624
0.0032176 2.6801523
0.0032233 2.9738473
0.0032289 3.2997258
0.0032345 3.6568875
0.0032402 4.0384561
0.0032458 4.4598386
0.0032514 4.9251892
0.003257 5.484907
0.0032627 6.2654714
0.0032683 7.157119
0.0032739 8.1756581
0.0032795 9.3643831
0.0032852 10.8176929
0.0032908 12.4965498
0.0032964 14.4359576
0.0033021 16.4990863
0.0033077 18.2055255
0.0033133 20.0884554
0.0033189 22.1661297
0.0033246 24.0478868
0.0033302 24.6154296
0.0033358 25.1963666
0.0033415 25.7910141
0.0033471 26.0893862
0.0033527 25.2955384
0.0033583 24.5258457
0.003364 23.7795733
0.0033696 22.9263592
0.0033752 21.641246
0.0033809 20.4281685
0.0033865 19.2830888
0.0033921 18.109823
0.0033977 16.6715978
0.0034034 15.3475919
0.003409 14.1287344
0.0034146 12.9246749
0.0034203 11.5194689
0.0034259 10.2670408
0.0034315 9.15078
0.0034371 8.1254027
0.0034428 7.0991627
0.0034484 6.202537
0.003454 5.4191553
0.0034597 4.7400258
0.0034653 4.1671684
0.0034709 3.6635438
0.0034765 3.220785
0.0034822 2.8404518
0.0034878 2.5429804
0.0034934 2.2766622
0.0034991 2.0382347
0.0035047 1.8280597
0.0035103 1.6544931
0.0035159 1.4974059
0.0035216 1.3552334
0.0035272 1.2275904
0.0035328 1.116962
0.0035385 1.0163033
0.0035441 0.9247158
0.0035497 0.8438489
0.0035553 0.7828974
0.003561 0.7263485
0.0035666 0.6738841
0.0035722 0.628836
0.0035779 0.6075219
0.0035835 0.5869302
0.0035891 0.5670364
0.0035947 0.5510162
0.0036004 0.5557444
0.003606 0.5605132
0.0036116 0.5653228
0.0036173 0.5718015
0.0036229 0.5897146
0.0036285 0.6081889
0.0036341 0.6272419
0.0036398 0.6467611
0.0036454 0.6659034
0.003651 0.6856123
0.0036567 0.7059045
0.0036623 0.7267593
0.0036679 0.7479235
0.0036735 0.7697041
0.0036792 0.7921189
0.0036848 0.8170174
0.0036904 0.8589227
0.0036961 0.9029775
0.0037017 0.9492918
0.0037073 1.0008097
0.0037129 1.0830483
0.0037186 1.1720445
0.0037242 1.2683538
0.0037298 1.3735103
0.0037355 1.4976155
0.0037411 1.6329344
0.0037467 1.7804802
0.0037523 1.9387332
0.003758 2.0796156
0.0037636 2.2307356
0.0037692 2.392837
0.0037749 2.5664004
0.0037805 2.7483686
0.0037861 2.9432391
0.0037917 3.1519268
0.0037974 3.3850345
0.003803 3.7808116
0.0038086 4.222863
0.0038143 4.7165988
0.0038199 5.2893814
0.0038255 6.3181077
0.0038311 7.5469099
0.0038368 9.0147006
0.0038424 10.795071
0.003848 13.5256059
0.0038537 16.9468098
0.0038593 21.2333824
0.0038649 26.6099361
0.0038705 33.5000886
0.0038762 42.174319
0.0038818 53.0945815
0.0038874 66.8337527
0.0038931 83.8485711
0.0038987 105.1950937
0.0039043 131.976104
0.0039099 165.7259096
0.0039156 214.3056339
0.0039212 277.1256761
0.0039268 358.3603424
0.0039325 463.8571935
0.0039381 626.180601
0.0039437 845.307889
0.0039493 1141.1171571
0.003955 1540.0147354
0.0039606 2040.870774
0.0039662 2704.6192614
0.0039719 3584.2373962
0.0039775 4745.9056887
0.0039831 5618.582051
0.0039887 6651.7260002
0.0039944 7874.8442899
0.004 9322.8693709
0.0040056 9688.3081956
0.0040113 10068.0715303
0.0040169 10462.7208685
0.0040225 10872.8397134
0.0040281 10337.2544025
0.0040338 9821.4299926
0.0040394 9331.3449919
0.004045 8865.7150154
0.0040507 7836.639705
0.0040563 6919.3821282
0.0040619 6109.4870809
0.0040675 5394.3880683
0.0040732 4425.6881082
0.0040788 3624.7937187
0.0040844 2968.8331356
0.0040901 2431.578421
0.0040957 1906.8905114
0.0041013 1493.4073113
0.0041069 1169.5823037
0.0041126 915.9743326
0.0041182 719.325225
0.0041238 564.9548485
0.0041295 443.7130379
0.0041351 348.4902564
0.0041407 279.7620367
0.0041463 224.8206499
0.004152 180.66899
0.0041576 145.1881043
0.0041632 118.5482633
0.0041689 96.8821172
0.0041745 79.1757245
0.0041801 64.7053918
0.0041857 53.1958325
0.0041914 43.7502386
0.004197 35.9818296
0.0042026 29.5928
0.0042083 24.4469827
0.0042139 20.2024953
0.0042195 16.6949362
0.0042251 13.7963599
0.0042308 11.5000155
0.0042364 9.5926268
0.004242 8.001597
0.0042477 6.6744549
0.0042533 5.6296409
0.0042589 4.753141
0.0042645 4.0131067
0.0042702 3.3882911
0.0042758 2.8894624
0.0042814 2.4665131
0.0042871 2.1054737
0.0042927 1.7972819
0.0042983 1.5453132
0.0043039 1.3297082
0.0043096 1.1441848
0.0043152 0.984546
0.0043208 0.8508403
0.0043265 0.7356653
0.0043321 0.6360812
0.0043377 0.5499774
0.0043433 0.4763338
0.004349 0.4126401
0.0043546 0.3574632
0.0043602 0.3096644
0.0043659 0.2684036
0.0043715 0.2326579
0.0043771 0.2016728
0.0043827 0.1748142
0.0043884 0.152138
0.004394 0.1324807
0.0043996 0.1153632
0.0044053 0.1004575
0.0044109 0.0886835
0.0044165 0.0784575
0.0044221 0.0694106
0.0044278 0.0614069
0.0044334 0.0555921
0.004439 0.0505215
0.0044447 0.0459135
0.0044503 0.0417257
0.0044559 0.0387633
0.0044615 0.0361518
0.0044672 0.0337162
0.0044728 0.0314447
0.0044784 0.0296152
0.0044841 0.0279435
0.0044897 0.0263661
0.0044953 0.0248778
0.0045009 0.0234109
0.0045066 0.0220188
0.0045122 0.0207095
0.0045178 0.0194781
0.0045235 0.0183193
0.0045291 0.0172292
0.0045347 0.0162041
0.0045403 0.0152399
0.004546 0.0145972
0.0045516 0.0140379
0.0045572 0.0135
0.0045629 0.0129828
0.0045685 0.012844
0.0045741 0.0127904
0.0045797 0.0127369
0.0045854 0.0126837
0.004591 0.0128053
0.0045966 0.0129714
0.0046023 0.0131397
0.0046079 0.0133101
0.0046135 0.0133771
0.0046191 0.0134176
0.0046248 0.0134583
0.0046304 0.013499
0.004636 0.0134858
0.0046417 0.0134583
0.0046473 0.0134308
0.0046529 0.0134034
0.0046585 0.0137434
0.0046642 0.0141988
0.0046698 0.0146693
0.0046754 0.0151554
0.0046811 0.0164145
0.0046867 0.0180244
0.0046923 0.0197922
0.0046979 0.0217333
0.0047036 0.0246663
0.0047092 0.0282776
0.0047148 0.0324176
0.0047205 0.0371637
0.0047261 0.0426569
0.0047317 0.0489811
0.0047373 0.0562429
0.004743 0.0645814
0.0047486 0.0729899
0.0047542 0.0820627
0.0047598 0.0922634
0.0047655 0.103732
0.0047711 0.1159216
0.0047767 0.1292743
0.0047824 0.1441652
0.004788 0.1607712
0.0047936 0.1805208
0.0047992 0.2031923
0.0048049 0.2287111
0.0048105 0.2574348
0.0048161 0.2889758
0.0048218 0.3240525
0.0048274 0.3633869
0.004833 0.4074959
0.0048386 0.4434734
0.0048443 0.4770872
0.0048499 0.5132488
0.0048555 0.5521513
0.0048612 0.5663394
0.0048668 0.569916
0.0048724 0.5735152
0.004878 0.5771372
0.0048837 0.5567177
0.0048893 0.5276744
0.0048949 0.5001463
0.0049006 0.4740542
0.0049062 0.4348992
0.0049118 0.3934182
0.0049174 0.3558936
0.0049231 0.3219482
0.0049287 0.2813701
0.0049343 0.242157
0.00494 0.2084087
0.0049456 0.1793638
0.0049512 0.1490528
0.0049568 0.1218775
0.0049625 0.0996569
0.0049681 0.0814875
0.0049737 0.0654017
0.0049794 0.0520264
0.004985 0.0413865
0.0049906 0.0329226
0.0049962 0.0262315
0.0050019 0.0209168
0.0050075 0.0166789
0.0050131 0.0132997
0.0050188 0.0106337
0.0050244 0.0085139
0.00503 0.0068166
0.0050356 0.0054577
0.0050413 0.0043207
0.0050469 0.0034001
0.0050525 0.0026757
0.0050582 0.0021057
0.0050638 0.001631
0.0050694 0.0012525
0.005075 0.0009619
0.0050807 0.0007386
0.0050863 0.0005682
0.0050919 0.0004376
0.0050976 0.000337
0.0051032 0.0002595
0.0051088 0.0002048
0.0051144 0.000164
0.0051201 0.0001313
0.0051257 0.0001051
0.0051313 8.64e-05
0.005137 7.22e-05
0.0051426 6.03e-05
0.0051482 5.04e-05
0.0051538 4.23e-05
0.0051595 3.57e-05
0.0051651 3e-05
0.0051707 2.53e-05
0.0051764 2.1e-05
0.005182 1.72e-05
0.0051876 1.41e-05
0.0051932 1.16e-05
0.0051989 9.4e-06
0.0052045 7.5e-06
0.0052101 6.1e-06
0.0052158 4.9e-06
0.0052214 3.9e-06
0.005227 3.2e-06
0.0052326 2.6e-06
0.0052383 2.1e-06
0.0052439 1.7e-06
0.0052495 1.4e-06
0.0052552 1.2e-06
0.0052608 1e-06
0.0052664 8e-07
0.005272 6e-07
0.0052777 5e-07
0.0052833 4e-07
0.0052889 4e-07
0.0052946 3e-07
0.0053002 2e-07
0.0053058 2e-07
0.0053114 2e-07
0.0053171 1e-07
0.0053227 1e-07
0.0053283 1e-07
0.005334 1e-07
0.0053396 0
0.0053452 0
0.0053508 0
0.0053565 0
0.0053621 0
0.0053677 0
0.0053734 0
0.005379 0
0.0053846 0
0.0053902 0
0.0053959 0
0.0054015 0
0.0054071 0
0.0054128 0
0.0054184 0
0.005424 0
0.0054296 0
0.0054353 0
0.0054409 0
0.0054465 0
0.0054522 0
0.0054578 0
0.0054634 0
0.005469 0
0.0054747 0
0.0054803 0
0.0054859 0
0.0054916 0
0.0054972 0
0.0055028 0
0.0055084 0
0.0055141 0
0.0055197 0
0.0055253 0
0.005531 0
0.0055366 0
0.0055422 0
0.0055478 0
0.0055535 0
0.0055591 0
0.0055647 0
0.0055704 0
0.005576 0
0.0055816 0
0.0055872 0
0.0055929 0
0.0055985 0
0.0056041 0
0.0056098 0
0.0056154 0
0.005621 0
0.0056266 0
0.0056323 0
0.0056379 0
0.0056435 0
0.0056492 0
0.0056548 0
0.0056604 0
0.005666 0
0.0056717 0
0.0056773 0
0.0056829 0
0.0056886 0
0.0056942 0
0.0056998 0
0.0057054 0
0.0057111 0
0.0057167 0
0.0057223 0
0.005728 0
0.0057336 0
0.0057392 0
0.0057448 0
0.0057505 0
0.0057561 0
0.0057617 0
0.0057674 0
0.005773 0
0.0057786 0
0.0057842 0
0.0057899 0
0.0057955 0
0.0058011 0
0.0058068 0
0.0058124 0
0.005818 0
0.0058236 0
0.0058293 0
0.0058349 0
0.0058405 0
0.0058462 0
0.0058518 0
0.0058574 0
0.005863 0
0.0058687 0
0.0058743 0
0.0058799 0
0.0058856 0
0.0058912 0
0.0058968 0
0.0059024 0
0.0059081 0
0.0059137 0
0.0059193 0
0.005925 0
0.0059306 0
0.0059362 0
0.0059418 0
0.0059475 0
0.0059531 0
0.0059587 0
0.0059644 0
0.00597 0
0.0059756 0
0.0059812 0
0.0059869 0
0.0059925 0
0.0059981 0
0.0060038 0
0.0060094 0
0.006015 0
0.0060206 0
0.0060263 0
0.0060319 0
0.0060375 0
0.0060432 0
0.0060488 0
0.0060544 0
0.00606 0
0.0060657 0
0.0060713 0
0.0060769 0
0.0060826 0
0.0060882 0
0.0060938 0
0.0060994 0
0.0061051 0
0.0061107 0
0.0061163 0
0.006122 0
0.0061276 0
0.0061332 0
0.0061388 0
0.0061445 0
0.0061501 0
0.0061557 0
0.0061614 0
0.006167 0
0.0061726 0
0.0061782 0
0.0061839 0
0.0061895 0
0.0061951 0
0.0062008 0
0.0062064 0
0.006212 0
0.0062176 0
0.0062233 0
0.0062289 0
0.0062345 0
0.0062402 0
0.0062458 0
0.0062514 0
0.006257 0
0.0062627 0
0.0062683 0
0.0062739 0
0.0062795 0
0.0062852 0
0.0062908 0
0.0062964 0
0.0063021 0
0.0063077 0
0.0063133 0
0.0063189 0
0.0063246 0
0.0063302 0
0.0063358 0
0.0063415 0
0.0063471 0
0.0063527 0
0.0063583 0
0.006364 0
0.0063696 0
0.0063752 0
0.0063809 0
0.0063865 0
0.0063921 0
0.0063977 0
0.0064034 0
0.006409 0
0.0064146 0
0.0064203 0
0.0064259 0
0.0064315 0
0.0064371 0
0.0064428 0
0.0064484 0
0.006454 0
0.0064597 0
0.0064653 0
0.0064709 0
0.0064765 0
0.0064822 0
0.0064878 0
0.0064934 0
0.0064991 0
0.0065047 0
0.0065103 0
0.0065159 0
0.0065216 0
0.0065272 0
0.0065328 0
0.0065385 0
0.0065441 0
0.0065497 0
0.0065553 0
0.006561 0
0.0065666 0
0.0065722 0
0.0065779 0
0.0065835 0
0.0065891 0
0.0065947 0
0.0066004 0
0.006606 0
0.0066116 0
0.0066173 0
0.0066229 0
0.0066285 0
0.0066341 0
0.0066398 0
0.0066454 0
0.006651 0
0.0066567 0
0.0066623 0
0.0066679 0
0.0066735 0
0.0066792 0
0.0066848 0
0.0066904 0
0.0066961 0
0.0067017 0
0.0067073 0
0.0067129 0
0.0067186 0
0.0067242 0
0.0067298 0
0.0067355 0
0.0067411 0
0.0067467 0
0.0067523 0
0.006758 0
0.0067636 0
0.0067692 0
0.0067749 0
0.0067805 0
0.0067861 0
0.0067917 0
0.0067974 0
0.006803 0
0.0068086 0
0.0068143 0
0.0068199 0
0.0068255 0
0.0068311 0
0.0068368 0
0.0068424 0
0.006848 0
0.0068537 0
0.0068593 0
0.0068649 0
0.0068705 0
0.0068762 0
0.0068818 0
0.0068874 0
0.0068931 0
0.0068987 0
0.0069043 0
0.0069099 0
0.0069156 0
0.0069212 0
0.0069268 0
0.0069325 0
0.0069381 0
0.0069437 0
0.0069493 0
0.006955 0
0.0069606 0
0.0069662 0
0.0069719 0
0.0069775 0
0.0069831 0
0.0069887 0
0.0069944 0
0.007 0
0.0070056 0
0.0070113 0
0.0070169 0
0.0070225 0
0.0070281 0
0.0070338 0
0.0070394 0
0.007045 0
0.0070507 0
0.0070563 0
0.0070619 0
0.0070675 0
0.0070732 0
0.0070788 0
0.0070844 0
0.0070901 0
0.0070957 0
0.0071013 0
0.0071069 0
0.0071126 0
0.0071182 0
0.0071238 0
0.0071295 0
0.0071351 0
0.0071407 0
0.0071463 0
0.007152 0
0.0071576 0
0.0071632 0
0.0071689 0
0.0071745 0
0.0071801 0
0.0071857 0
0.0071914 0
0.007197 0
0.0072026 0
0.0072083 0
0.0072139 0
0.0072195 0
0.0072251 0
0.0072308 0
0.0072364 0
0.007242 0
0.0072477 0
0.0072533 0
0.0072589 0
0.0072645 0
0.0072702 0
0.0072758 0
0.0072814 0
0.0072871 0
0.0072927 0
0.0072983 0
0.0073039 0
0.0073096 0
0.0073152 0
0.0073208 0
0.0073265 0
0.0073321 0
0.0073377 0
0.0073433 0
0.007349 0
0.0073546 0
0.0073602 0
0.0073659 0
0.0073715 0
0.0073771 0
0.0073827 0
0.0073884 0
0.007394 0
0.0073996 0
0.0074053 0
0.0074109 0
0.0074165 0
0.0074221 0
0.0074278 0
0.0074334 0
0.007439 0
0.0074447 0
0.0074503 0
0.0074559 0
0.0074615 0
0.0074672 0
0.0074728 0
0.0074784 0
0.0074841 0
0.0074897 0
0.0074953 0
0.0075009 0
0.0075066 0
0.0075122 0
0.0075178 0
0.0075235 0
0.0075291 0
0.0075347 0
0.0075403 0
0.007546 0
0.0075516 0
0.0075572 0
0.0075629 0
0.0075685 0
0.0075741 0
0.0075797 0
0.0075854 0
0.007591 0
0.0075966 0
0.0076023 0
0.0076079 0
0.0076135 0
0.0076191 0
0.0076248 0
0.0076304 0
0.007636 0
0.0076417 0
0.0076473 0
0.0076529 0
0.0076585 0
0.0076642 0
0.0076698 0
0.0076754 0
0.0076811 0
0.0076867 0
0.0076923 0
0.0076979 0
0.0077036 0
0.0077092 0
0.0077148 0
0.0077205 0
0.0077261 0
0.0077317 0
0.0077373 0
0.007743 0
0.0077486 0
0.0077542 0
0.0077598 0
0.0077655 0
0.0077711 0
0.0077767 0
0.0077824 0
0.007788 0
0.0077936 0
0.0077992 0
0.0078049 0
0.0078105 0
0.0078161 0
0.0078218 0
0.0078274 0
0.007833 0
0.0078386 0
0.0078443 0
0.0078499 0
0.0078555 0
0.0078612 0
0.0078668 0
0.0078724 0
0.007878 0
0.0078837 0
0.0078893 0
0.0078949 0
0.0079006 0
0.0079062 0
0.0079118 0
0.0079174 0
0.0079231 0
0.0079287 0
0.0079343 0
0.00794 0
0.0079456 0
0.0079512 0
0.0079568 0
0.0079625 0
0.0079681 0
0.0079737 0
0.0079794 0
0.007985 0
0.0079906 0
0.0079962 0
0.0080019 0
0.0080075 0
0.0080131 0
0.0080188 0
0.0080244 0
0.00803 0
0.0080356 0
0.0080413 0
0.0080469 0
0.0080525 0
0.0080582 0
0.0080638 0
0.0080694 0
0.008075 0
0.0080807 0
0.0080863 0
0.0080919 0
0.0080976 0
0.0081032 0
0.0081088 0
0.0081144 0
0.0081201 0
0.0081257 0
0.0081313 0
0.008137 0
0.0081426 0
0.0081482 0
0.0081538 0
0.0081595 0
0.0081651 0
0.0081707 0
0.0081764 0
0.008182 0
0.0081876 0
0.0081932 0
0.0081989 0
0.0082045 0
0.0082101 0
0.0082158 0
0.0082214 0
0.008227 0
0.0082326 0
0.0082383 0
0.0082439 0
0.0082495 0
0.0082552 0
0.0082608 0
0.0082664 0
0.008272 0
0.0082777 0
0.0082833 0
0.0082889 0
0.0082946 0
0.0083002 0
0.0083058 0
0.0083114 0
0.0083171 0
0.0083227 0
0.0083283 0
0.008334 0
0.0083396 0
0.0083452 0
0.0083508 0
0.0083565 0
0.0083621 0
0.0083677 0
0.0083734 0
0.008379 0
0.0083846 0
0.0083902 0
0.0083959 0
0.0084015 0
0.0084071 0
0.0084128 0
0.0084184 0
0.008424 0
0.0084296 0
0.0084353 0
0.0084409 0
0.0084465 0
0.0084522 0
0.0084578 0
0.0084634 0
0.008469 0
0.0084747 0
0.0084803 0
0.0084859 0
0.0084916 0
0.0084972 0
0.0085028 0
0.0085084 0
0.0085141 0
0.0085197 0
0.0085253 0
0.008531 0
0.0085366 0
0.0085422 0
0.0085478 0
0.0085535 0
0.0085591 0
0.0085647 0
0.0085704 0
0.008576 0
0.0085816 0
0.0085872 0
0.0085929 0
0.0085985 0
0.0086041 0
0.0086098 0
0.0086154 0
0.008621 0
0.0086266 0
0.0086323 0
0.0086379 0
0.0086435 0
0.0086492 0
0.0086548 0
0.0086604 0
0.008666 0
0.0086717 0
0.0086773 0
0.0086829 0
0.0086886 0
0.0086942 0
0.0086998 0
0.0087054 0
0.0087111 0
0.0087167 0
0.0087223 0
0.008728 0
0.0087336 0
0.0087392 0
0.0087448 0
0.0087505 0
0.0087561 0
0.0087617 0
0.0087674 0
0.008773 0
0.0087786 0
0.0087842 0
0.0087899 0
0.0087955 0
0.0088011 0
0.0088068 0
0.0088124 0
0.008818 0
0.0088236 0
0.0088293 0
0.0088349 0
0.0088405 0
0.0088462 0
0.0088518 0
0.0088574 0
0.008863 0
0.0088687 0
0.0088743 0
0.0088799 0
0.0088856 0
0.0088912 0
0.0088968 0
0.0089024 0
0.0089081 0
0.0089137 0
0.0089193 0
0.008925 0
0.0089306 0
0.0089362 0
0.0089418 0
0.0089475 0
0.0089531 0
0.0089587 0
0.0089644 0
0.00897 0
0.0089756 0
0.0089812 0
0.0089869 0
0.0089925 0
0.0089981 0
0.0090038 0
0.0090094 0
0.009015 0
0.0090206 0
0.0090263 0
0.0090319 0
0.0090375 0
0.0090432 0
0.0090488 0
0.0090544 0
0.00906 0
0.0090657 0
0.0090713 0
0.0090769 0
0.0090826 0
0.0090882 0
0.0090938 0
0.0090994 0
0.0091051 0
0.0091107 0
0.0091163 0
0.009122 0
0.0091276 0
0.0091332 0
0.0091388 0
0.0091445 0
0.0091501 0
0.0091557 0
0.0091614 0
0.009167 0
0.0091726 0
0.0091782 0
0.0091839 0
0.0091895 0
0.0091951 0
0.0092008 0
0.0092064 0
0.009212 0
0.0092176 0
0.0092233 0
0.0092289 0
0.0092345 0
0.0092402 0
0.0092458 0
0.0092514 0
0.009257 0
0.0092627 0
0.0092683 0
0.0092739 0
0.0092795 0
0.0092852 0
0.0092908 0
0.0092964 0
0.0093021 0
0.0093077 0
0.0093133 0
0.0093189 0
0.0093246 0
0.0093302 0
0.0093358 0
0.0093415 0
0.0093471 0
0.0093527 0
0.0093583 0
0.009364 0
0.0093696 0
0.0093752 0
0.0093809 0
0.0093865 0
0.0093921 0
0.0093977 0
0.0094034 0
0.009409 0
0.0094146 0
0.0094203 0
0.0094259 0
0.0094315 0
0.0094371 0
0.0094428 0
0.0094484 0
0.009454 0
0.0094597 0
0.0094653 0
0.0094709 0
0.0094765 0
0.0094822 0
0.0094878 0
0.0094934 0
0.0094991 0
0.0095047 0
0.0095103 0
0.0095159 0
0.0095216 0
0.0095272 0
0.0095328 0
0.0095385 0
0.0095441 0
0.0095497 0
0.0095553 0
0.009561 0
0.0095666 0
0.0095722 0
0.0095779 0
0.0095835 0
0.0095891 0
0.0095947 0
0.0096004 0
0.009606 0
0.0096116 0
0.0096173 0
0.0096229 0
0.0096285 0
0.0096341 0
0.0096398 0
0.0096454 0
0.009651 0
0.0096567 0
0.0096623 0
0.0096679 0
0.0096735 0
0.0096792 0
0.0096848 0
0.0096904 0
0.0096961 0
0.0097017 0
0.0097073 0
0.0097129 0
0.0097186 0
0.0097242 0
0.0097298 0
0.0097355 0
0.0097411 0
0.0097467 0
0.0097523 0
0.009758 0
0.0097636 0
0.0097692 0
0.0097749 0
0.0097805 0
0.0097861 0
0.0097917 0
0.0097974 0
0.009803 0
0.0098086 0
0.0098143 0
0.0098199 0
0.0098255 0
0.0098311 0
0.0098368 0
0.0098424 0
0.009848 0
0.0098537 0
0.0098593 0
0.0098649 0
0.0098705 0
0.0098762 0
0.0098818 0
0.0098874 0
0.0098931 0
0.0098987 0
0.0099043 0
0.0099099 0
0.0099156 0
0.0099212 0
0.0099268 0
0.0099325 0
0.0099381 0
0.0099437 0
0.0099493 0
0.009955 0
0.0099606 0
0.0099662 0
0.0099719 0
0.0099775 0
0.0099831 0
0.0099887 0
0.0099944 0
0.01 0
