0.001 0
0.0010056 0
0.0010113 0
0.0010169 0
0.0010225 0
0.0010281 0
0.0010338 0
0.0010394 0
0.001045 0
0.0010507 0
0.0010563 0
0.0010619 0
0.0010675 0
0.0010732 0
0.0010788 0
0.0010844 0
0.0010901 0
0.0010957 0
0.0011013 0
0.0011069 0
0.0011126 0
0.0011182 0
0.0011238 0
0.0011295 0
0.0011351 0
0.0011407 0
0.0011463 0
0.001152 0
0.0011576 0
0.0011632 0
0.0011689 0
0.0011745 0
0.0011801 0
0.0011857 0
0.0011914 0
0.001197 0
0.0012026 0
0.0012083 0
0.0012139 0
0.0012195 0
0.0012251 0
0.0012308 0
0.0012364 0
0.001242 0
0.0012477 0
0.0012533 0
0.0012589 0
0.0012645 0
0.0012702 0
0.0012758 0
0.0012814 0
0.0012871 0
0.0012927 0
0.0012983 0
0.0013039 0
0.0013096 0
0.0013152 0
0.0013208 0
0.0013265 0
0.0013321 0
0.0013377 0
0.0013433 0
0.001349 0
0.0013546 0
0.0013602 0
0.0013659 0
0.0013715 0
0.0013771 0
0.0013827 0
0.0013884 0
0.001394 0
0.0013996 0
0.0014053 0
0.0014109 0
0.0014165 0
0.0014221 0
0.0014278 0
0.0014334 0
0.001439 0
0.0014447 0
0.0014503 0
0.0014559 0
0.0014615 0
0.0014672 0
0.0014728 0
0.0014784 0
0.0014841 0
0.0014897 0
0.0014953 0
0.0015009 0
0.0015066 0
0.0015122 0
0.0015178 0
0.0015235 0
0.0015291 0
0.0015347 0
0.0015403 0
0.001546 0
0.0015516 0
0.0015572 0
0.0015629 0
0.0015685 0
0.0015741 0
0.0015797 0
0.0015854 0
0.001591 0
0.0015966 0
0.0016023 0
0.0016079 0
0.0016135 0
0.0016191 0
0.0016248 0
0.0016304 0
0.001636 0
0.0016417 0
0.0016473 0
0.0016529 0
0.0016585 0
0.0016642 0
0.0016698 0
0.0016754 0
0.0016811 0
0.0016867 0
0.0016923 0
0.0016979 0
0.0017036 0
0.0017092 0
0.0017148 0
0.0017205 0
0.0017261 0
0.0017317 0
0.0017373 0
0.001743 0
0.0017486 0
0.0017542 0
0.0017598 0
0.0017655 0
0.0017711 0
0.0017767 0
0.0017824 0
0.001788 0
0.0017936 0
0.0017992 0
0.0018049 0
0.0018105 0
0.0018161 0
0.0018218 0
0.0018274 0
0.001833 0
0.0018386 0
0.0018443 0
0.0018499 0
0.0018555 0
0.0018612 0
0.0018668 0
0.0018724 0
0.001878 0
0.0018837 0
0.0018893 0
0.0018949 0
0.0019006 0
0.0019062 0
0.0019118 0
0.0019174 0
0.0019231 0
0.0019287 0
0.0019343 0
0.00194 0
0.0019456 0
0.0019512 0
0.0019568 0
0.0019625 0
0.0019681 0
0.0019737 0
0.0019794 0
0.001985 0
0.0019906 0
0.0019962 0
0.0020019 0
0.0020075 0
0.0020131 0
0.0020188 0
0.0020244 0
0.00203 0
0.0020356 0
0.0020413 0
0.0020469 0
0.0020525 0
0.0020582 0
0.0020638 0
0.0020694 0
0.002075 0
0.0020807 0
0.0020863 0
0.0020919 0
0.0020976 0
0.0021032 0
0.0021088 0
0.0021144 0
0.0021201 0
0.0021257 0
0.0021313 0
0.002137 0
0.0021426 0
0.0021482 0
0.0021538 0
0.0021595 0
0.0021651 0
0.0021707 0
0.0021764 0
0.002182 0
0.0021876 0
0.0021932 0
0.0021989 0
0.0022045 0
0.0022101 0
0.0022158 0
0.0022214 0
0.002227 0
0.0022326 0
0.0022383 0
0.0022439 0
0.0022495 0
0.0022552 0
0.0022608 0
0.0022664 0
0.002272 0
0.0022777 0
0.0022833 0
0.0022889 0
0.0022946 0
0.0023002 0
0.0023058 0
0.0023114 0
0.0023171 0
0.0023227 0
0.0023283 0
0.002334 0
0.0023396 0
0.0023452 0
0.0023508 0
0.0023565 0
0.0023621 0
0.0023677 0
0.0023734 0
0.002379 0
0.0023846 0
0.0023902 0
0.0023959 0
0.0024015 0
0.0024071 0
0.0024128 0
0.0024184 0
0.002424 0
0.0024296 0
0.0024353 0
0.0024409 0
0.0024465 0
0.0024522 0
0.0024578 0
0.0024634 0
0.002469 0
0.0024747 0
0.0024803 0
0.0024859 0
0.0024916 0
0.0024972 0
0.0025028 0
0.0025084 0
0.0025141 0
0.0025197 0
0.0025253 0
0.002531 0
0.0025366 0
0.0025422 0
0.0025478 0
0.0025535 0
0.0025591 0
0.0025647 0
0.0025704 0
0.002576 0
0.0025816 0
0.0025872 0
0.0025929 0
0.0025985 0
0.0026041 0
0.0026098 0
0.0026154 0
0.002621 0
0.0026266 0
0.0026323 0
0.0026379 0
0.0026435 0
0.0026492 0
0.0026548 0
0.0026604 0
0.002666 0
0.0026717 0
0.0026773 0
0.0026829 0
0.0026886 0
0.0026942 0
0.0026998 0
0.0027054 0
0.0027111 0
0.0027167 0
0.0027223 0
0.002728 0
0.0027336 0
0.0027392 0
0.0027448 0
0.0027505 0
0.0027561 0
0.0027617 0
0.0027674 0
0.002773 0
0.0027786 0
0.0027842 0
0.0027899 0
0.0027955 0
0.0028011 0
0.0028068 0
0.0028124 0
0.002818 0
0.0028236 0
0.0028293 0
0.0028349 0
0.0028405 0
0.0028462 0
0.0028518 0
0.0028574 0
0.002863 0
0.0028687 0
0.0028743 0
0.0028799 0
0.0028856 0
0.0028912 0
0.0028968 0
0.0029024 0
0.0029081 0
0.0029137 0
0.0029193 0
0.002925 0
0.0029306 0
0.0029362 0
0.0029418 0
0.0029475 0
0.0029531 0
0.0029587 0
0.0029644 0
0.00297 0
0.0029756 0
0.0029812 0
0.0029869 0
0.0029925 0
0.0029981 0
0.0030038 0
0.0030094 0
0.003015 0
0.0030206 0
0.0030263 0
0.0030319 0
0.0030375 0
0.0030432 0
0.0030488 0
0.0030544 0
0.00306 0
0.0030657 0
0.0030713 0
0.0030769 0
0.0030826 0
0.0030882 0
0.0030938 0
0.0030994 0
0.0031051 0
0.0031107 0
0.0031163 0
0.003122 0
0.0031276 0
0.0031332 0
0.0031388 0
0.0031445 0
0.0031501 0
0.0031557 0
0.0031614 0
0.003167 0
0.0031726 0
0.0031782 0
0.0031839 0
0.0031895 0
0.0031951 0
0.0032008 0
0.0032064 0
0.003212 0
0.0032176 0
0.0032233 0
0.0032289 0
0.0032345 0
0.0032402 0
0.0032458 0
0.0032514 0
0.003257 0
0.0032627 0
0.0032683 0
0.0032739 0
0.0032795 0
0.0032852 0
0.0032908 0
0.0032964 0
0.0033021 0
0.0033077 0
0.0033133 0
0.0033189 0
0.0033246 0
0.0033302 0
0.0033358 0
0.0033415 0
0.0033471 0
0.0033527 0
0.0033583 0
0.003364 0
0.0033696 0
0.0033752 0
0.0033809 0
0.0033865 0
0.0033921 0
0.0033977 0
0.0034034 0
0.003409 0
0.0034146 0
0.0034203 0
0.0034259 0
0.0034315 0
0.0034371 0
0.0034428 0
0.0034484 0
0.003454 0
0.0034597 0
0.0034653 0
0.0034709 0
0.0034765 0
0.0034822 0
0.0034878 0
0.0034934 0
0.0034991 0
0.0035047 0
0.0035103 0
0.0035159 0
0.0035216 0
0.0035272 0
0.0035328 0
0.0035385 0
0.0035441 0
0.0035497 0
0.0035553 0
0.003561 0
0.0035666 0
0.0035722 0
0.0035779 0
0.0035835 0
0.0035891 0
0.0035947 0
0.0036004 0
0.003606 0
0.0036116 0
0.0036173 0
0.0036229 0
0.0036285 0
0.0036341 0
0.0036398 0
0.0036454 0
0.003651 0
0.0036567 0
0.0036623 0
0.0036679 0
0.0036735 0
0.0036792 0
0.0036848 0
0.0036904 0
0.0036961 0
0.0037017 0
0.0037073 0
0.0037129 0
0.0037186 0
0.0037242 0
0.0037298 0
0.0037355 0
0.0037411 0
0.0037467 0
0.0037523 0
0.003758 0
0.0037636 0
0.0037692 0
0.0037749 0
0.0037805 0
0.0037861 0
0.0037917 0
0.0037974 0
0.003803 0
0.0038086 0
0.0038143 0
0.0038199 0
0.0038255 0
0.0038311 0
0.0038368 0
0.0038424 0
0.003848 0
0.0038537 0
0.0038593 0
0.0038649 0
0.0038705 0
0.0038762 0
0.0038818 0
0.0038874 0
0.0038931 0
0.0038987 0
0.0039043 0
0.0039099 0
0.0039156 0
0.0039212 0
0.0039268 0
0.0039325 0
0.0039381 0
0.0039437 0
0.0039493 0
0.003955 0
0.0039606 0
0.0039662 0
0.0039719 0
0.0039775 0
0.0039831 0
0.0039887 0
0.0039944 0
0.004 0
0.0040056 0
0.0040113 0
0.0040169 0
0.0040225 0
0.0040281 0
0.0040338 0
0.0040394 0
0.004045 0
0.0040507 0
0.0040563 0
0.0040619 0
0.0040675 0
0.0040732 0
0.0040788 0
0.0040844 0
0.0040901 0
0.0040957 0
0.0041013 0
0.0041069 0
0.0041126 0
0.0041182 0
0.0041238 0
0.0041295 0
0.0041351 0
0.0041407 0
0.0041463 0
0.004152 0
0.0041576 0
0.0041632 0
0.0041689 0
0.0041745 0
0.0041801 0
0.0041857 0
0.0041914 0
0.004197 0
0.0042026 0
0.0042083 0
0.0042139 0
0.0042195 0
0.0042251 0
0.0042308 0
0.0042364 0
0.004242 0
0.0042477 0
0.0042533 0
0.0042589 0
0.0042645 0
0.0042702 0
0.0042758 0
0.0042814 0
0.0042871 0
0.0042927 0
0.0042983 0
0.0043039 0
0.0043096 0
0.0043152 0
0.0043208 0
0.0043265 0
0.0043321 0
0.0043377 0
0.0043433 0
0.004349 0
0.0043546 0
0.0043602 0
0.0043659 0
0.0043715 0
0.0043771 0
0.0043827 0
0.0043884 0
0.004394 0
0.0043996 0
0.0044053 0
0.0044109 0
0.0044165 0
0.0044221 0
0.0044278 0
0.0044334 0
0.004439 0
0.0044447 1e-07
0.0044503 1e-07
0.0044559 1e-07
0.0044615 1e-07
0.0044672 1e-07
0.0044728 1e-07
0.0044784 1e-07
0.0044841 1e-07
0.0044897 1e-07
0.0044953 2e-07
0.0045009 2e-07
0.0045066 2e-07
0.0045122 3e-07
0.0045178 4e-07
0.0045235 5e-07
0.0045291 7e-07
0.0045347 1e-06
0.0045403 1.4e-06
0.004546 2e-06
0.0045516 2.9e-06
0.0045572 4.2e-06
0.0045629 6e-06
0.0045685 8.8e-06
0.0045741 1.28e-05
0.0045797 1.88e-05
0.0045854 2.74e-05
0.004591 4.1e-05
0.0045966 6.14e-05
0.0046023 9.22e-05
0.0046079 0.0001383
0.0046135 0.0002158
0.0046191 0.0003399
0.0046248 0.0005356
0.0046304 0.0008439
0.004636 0.0013553
0.0046417 0.0021877
0.0046473 0.0035315
0.0046529 0.0057006
0.0046585 0.0088096
0.0046642 0.0134499
0.0046698 0.0205342
0.0046754 0.0313501
0.0046811 0.0433658
0.0046867 0.0582873
0.0046923 0.078343
0.0046979 0.1052996
0.0047036 0.1264188
0.0047092 0.1466532
0.0047148 0.1701262
0.0047205 0.1973564
0.0047261 0.2065425
0.0047317 0.2092177
0.0047373 0.2119276
0.004743 0.2146726
0.0047486 0.1977857
0.0047542 0.1766146
0.0047598 0.1577097
0.0047655 0.1408284
0.0047711 0.1154106
0.0047767 0.091833
0.0047824 0.0730722
0.004788 0.0581441
0.0047936 0.0437819
0.0047992 0.0323241
0.0048049 0.0238647
0.0048105 0.0176193
0.0048161 0.0130444
0.0048218 0.0096674
0.0048274 0.0071647
0.004833 0.0053099
0.0048386 0.00422
0.0048443 0.0034453
0.0048499 0.0028128
0.0048555 0.0022965
0.0048612 0.0021036
0.0048668 0.0020176
0.0048724 0.0019351
0.004878 0.001856
0.0048837 0.0020039
0.0048893 0.0022724
0.0048949 0.0025769
0.0049006 0.0029221
0.0049062 0.0036268
0.0049118 0.0046796
0.0049174 0.0060381
0.0049231 0.0077909
0.0049287 0.0106459
0.0049343 0.0149238
0.00494 0.0209207
0.0049456 0.0293272
0.0049512 0.0426158
0.0049568 0.0629612
0.0049625 0.0930197
0.0049681 0.1374284
0.0049737 0.2079254
0.0049794 0.3181806
0.004985 0.4869
0.0049906 0.7450852
0.0049962 1.1514172
0.0050019 1.7879932
0.0050075 2.7765087
0.0050131 4.311538
0.0050188 6.6383342
0.0050244 10.1763201
0.00503 15.5999213
0.0050356 23.9141007
0.0050413 35.7004496
0.0050469 52.5540881
0.0050525 77.3640726
0.0050582 113.886473
0.0050638 158.9320833
0.0050694 215.4148078
0.005075 291.9708748
0.0050807 395.734131
0.0050863 482.9649021
0.0050919 555.5257559
0.0050976 638.9881834
0.0051032 734.9900418
0.0051088 719.193271
0.0051144 640.3914176
0.0051201 570.2238665
0.0051257 507.744559
0.0051313 382.1831264
0.005137 259.9786625
0.0051426 176.8495266
0.0051482 120.3012384
0.0051538 74.0114578
0.0051595 42.7747545
0.0051651 24.7215725
0.0051707 14.2877768
0.0051764 8.1629755
0.005182 4.6293436
0.0051876 2.6253689
0.0051932 1.4888854
0.0051989 0.8751237
0.0052045 0.5267094
0.0052101 0.3170098
0.0052158 0.1907982
0.0052214 0.117994
0.005227 0.0743363
0.0052326 0.0468319
0.0052383 0.0295041
0.0052439 0.0185243
0.0052495 0.0116026
0.0052552 0.0072673
0.0052608 0.0045518
0.0052664 0.002859
0.005272 0.0017993
0.0052777 0.0011324
0.0052833 0.0007127
0.0052889 0.0004722
0.0052946 0.0003251
0.0053002 0.0002238
0.0053058 0.0001541
0.0053114 0.0001159
0.0053171 9.33e-05
0.0053227 7.51e-05
0.0053283 6.05e-05
0.005334 5.3e-05
0.0053396 4.98e-05
0.0053452 4.68e-05
0.0053508 4.4e-05
0.0053565 4.41e-05
0.0053621 4.68e-05
0.0053677 4.95e-05
0.0053734 5.25e-05
0.005379 5.88e-05
0.0053846 6.89e-05
0.0053902 8.08e-05
0.0053959 9.48e-05
0.0054015 0.0001168
0.0054071 0.0001502
0.0054128 0.0001933
0.0054184 0.0002486
0.005424 0.000333
0.0054296 0.0004624
0.0054353 0.0006422
0.0054409 0.0008918
0.0054465 0.0012763
0.0054522 0.0018786
0.0054578 0.0027652
0.0054634 0.0040701
0.005469 0.0061436
0.0054747 0.0094991
0.0054803 0.0146875
0.0054859 0.0227096
0.0054916 0.0358776
0.0054972 0.0578963
0.0055028 0.0934281
0.0055084 0.1507663
0.0055141 0.2451489
0.0055197 0.4017024
0.0055253 0.6582319
0.005531 1.0785828
0.0055366 1.7275598
0.0055422 2.7018492
0.0055478 4.2256072
0.0055535 6.6087167
0.0055591 9.7270576
0.0055647 13.4098065
0.0055704 18.4868761
0.005576 25.4861687
0.0055816 32.3525824
0.0055872 37.4709654
0.0055929 43.3991089
0.0055985 50.2651223
0.0056041 53.9730452
0.0056098 53.1421429
0.0056154 52.3240322
0.005621 51.5185161
0.0056266 48.0425154
0.0056323 42.0177401
0.0056379 36.7485022
0.0056435 32.1400534
0.0056492 26.991708
0.0056548 21.5760829
0.0056604 17.2470506
0.005666 13.7865967
0.0056717 10.5837738
0.0056773 7.7232694
0.0056829 5.635881
0.0056886 4.1126566
0.0056942 2.9191212
0.0056998 1.9990542
0.0057054 1.3689797
0.0057111 0.9374961
0.0057167 0.6518584
0.0057223 0.4625431
0.005728 0.3282095
0.0057336 0.2328896
0.0057392 0.1754559
0.0057448 0.1435364
0.0057505 0.1174237
0.0057561 0.0960616
0.0057617 0.0846518
0.0057674 0.0828934
0.005773 0.0811714
0.0057786 0.0794852
0.0057842 0.0828045
0.0057899 0.0944393
0.0057955 0.1077087
0.0058011 0.1228427
0.0058068 0.1472934
0.0058124 0.1904697
0.005818 0.2463024
0.0058236 0.3185014
0.0058293 0.4329473
0.0058349 0.6361084
0.0058405 0.9346032
0.0058462 1.3731671
0.0058518 2.1096831
0.0058574 3.4825676
0.005863 5.748862
0.0058687 9.4899564
0.0058743 15.9589068
0.0058799 27.6768077
0.0058856 47.9986312
0.0058912 83.2418472
0.0058968 141.5152509
0.0059024 232.505884
0.0059081 382.0011325
0.0059137 627.6179454
0.0059193 985.4064592
0.005925 1427.6809992
0.0059306 2068.4591789
0.0059362 2996.8342907
0.0059418 4131.2113444
0.0059475 5199.5612222
0.0059531 6544.1911947
0.0059587 8236.5485399
0.0059644 9874.3685841
0.00597 10797.400312
0.0059756 11806.7147793
0.0059812 12910.3774845
0.0059869 13402.5438613
0.0059925 12569.4167373
0.0059981 11788.0783493
0.0060038 11055.3094128
0.0060094 9847.7813649
0.006015 7904.5457786
0.0060206 6344.7635209
0.0060263 5092.7688021
0.0060319 3932.5661134
0.0060375 2800.2763032
0.0060432 1994.0026812
0.0060488 1419.8765629
0.0060544 990.8927232
0.00606 661.9831655
0.0060657 442.2493991
0.0060713 295.4524242
0.0060769 195.7588696
0.0060826 127.3232669
0.0060882 82.8121573
0.0060938 53.8617455
0.0060994 34.8203205
0.0061051 22.1953038
0.0061107 14.1478166
0.0061163 9.0181562
0.006122 5.7266654
0.0061276 3.6034851
0.0061332 2.267481
0.0061388 1.4268049
0.0061445 0.905936
0.0061501 0.5883157
0.0061557 0.3820528
0.0061614 0.2481055
0.006167 0.1659274
0.0061726 0.119765
0.0061782 0.0864453
0.0061839 0.0623955
0.0061895 0.0470309
0.0061951 0.03984
0.0062008 0.0337485
0.0062064 0.0285884
0.006212 0.0252022
0.0062176 0.0248406
0.0062233 0.0244841
0.0062289 0.0241328
0.0062345 0.0243336
0.0062402 0.0262158
0.0062458 0.0282436
0.0062514 0.0304281
0.006257 0.032984
0.0062627 0.0364275
0.0062683 0.0402305
0.0062739 0.0444305
0.0062795 0.0490579
0.0062852 0.0541286
0.0062908 0.0597235
0.0062964 0.0658966
0.0063021 0.0727475
0.0063077 0.0804548
0.0063133 0.0889788
0.0063189 0.0984058
0.0063246 0.1085628
0.0063302 0.1187559
0.0063358 0.129906
0.0063415 0.1421029
0.0063471 0.1533467
0.0063527 0.1576078
0.0063583 0.1619874
0.006364 0.1664886
0.0063696 0.1671744
0.0063752 0.1538194
0.0063809 0.1415313
0.0063865 0.1302248
0.0063921 0.1175316
0.0063977 0.0983364
0.0064034 0.0822762
0.006409 0.0688389
0.0064146 0.0574132
0.0064203 0.0472612
0.0064259 0.0389043
0.0064315 0.0320251
0.0064371 0.0266013
0.0064428 0.0229747
0.0064484 0.0198424
0.006454 0.0171372
0.0064597 0.0148983
0.0064653 0.013344
0.0064709 0.0119519
0.0064765 0.010705
0.0064822 0.009537
0.0064878 0.0082815
0.0064934 0.0071913
0.0064991 0.0062446
0.0065047 0.005357
0.0065103 0.0043218
0.0065159 0.0034867
0.0065216 0.002813
0.0065272 0.0022565
0.0065328 0.0017557
0.0065385 0.0013661
0.0065441 0.0010629
0.0065497 0.0008303
0.0065553 0.0006631
0.006561 0.0005296
0.0065666 0.0004229
0.0065722 0.0003392
0.0065779 0.0002791
0.0065835 0.0002296
0.0065891 0.0001889
0.0065947 0.0001551
0.0066004 0.0001253
0.006606 0.0001013
0.0066116 8.18e-05
0.0066173 6.58e-05
0.0066229 5.15e-05
0.0066285 4.03e-05
0.0066341 3.15e-05
0.0066398 2.47e-05
0.0066454 1.97e-05
0.006651 1.58e-05
0.0066567 1.26e-05
0.0066623 1.01e-05
0.0066679 8.6e-06
0.0066735 7.3e-06
0.0066792 6.2e-06
0.0066848 5.3e-06
0.0066904 4.8e-06
0.0066961 4.3e-06
0.0067017 3.8e-06
0.0067073 3.4e-06
0.0067129 3.1e-06
0.0067186 2.9e-06
0.0067242 2.6e-06
0.0067298 2.4e-06
0.0067355 2.2e-06
0.0067411 2e-06
0.0067467 1.9e-06
0.0067523 1.7e-06
0.006758 1.6e-06
0.0067636 1.5e-06
0.0067692 1.4e-06
0.0067749 1.3e-06
0.0067805 1.3e-06
0.0067861 1.2e-06
0.0067917 1.2e-06
0.0067974 1.1e-06
0.006803 1e-06
0.0068086 1e-06
0.0068143 9e-07
0.0068199 9e-07
0.0068255 8e-07
0.0068311 8e-07
0.0068368 7e-07
0.0068424 7e-07
0.006848 7e-07
0.0068537 6e-07
0.0068593 6e-07
0.0068649 5e-07
0.0068705 5e-07
0.0068762 5e-07
0.0068818 5e-07
0.0068874 4e-07
0.0068931 4e-07
0.0068987 4e-07
0.0069043 4e-07
0.0069099 4e-07
0.0069156 4e-07
0.0069212 3e-07
0.0069268 3e-07
0.0069325 3e-07
0.0069381 3e-07
0.0069437 3e-07
0.0069493 3e-07
0.006955 3e-07
0.0069606 3e-07
0.0069662 3e-07
0.0069719 3e-07
0.0069775 3e-07
0.0069831 3e-07
0.0069887 3e-07
0.0069944 3e-07
0.007 3e-07
0.0070056 3e-07
0.0070113 3e-07
0.0070169 2e-07
0.0070225 2e-07
0.0070281 2e-07
0.0070338 2e-07
0.0070394 2e-07
0.007045 2e-07
0.0070507 2e-07
0.0070563 2e-07
0.0070619 2e-07
0.0070675 2e-07
0.0070732 2e-07
0.0070788 2e-07
0.0070844 2e-07
0.0070901 2e-07
0.0070957 2e-07
0.0071013 2e-07
0.0071069 3e-07
0.0071126 3e-07
0.0071182 3e-07
0.0071238 3e-07
0.0071295 3e-07
0.0071351 3e-07
0.0071407 3e-07
0.0071463 3e-07
0.007152 3e-07
0.0071576 3e-07
0.0071632 3e-07
0.0071689 3e-07
0.0071745 3e-07
0.0071801 3e-07
0.0071857 3e-07
0.0071914 3e-07
0.007197 3e-07
0.0072026 3e-07
0.0072083 3e-07
0.0072139 3e-07
0.0072195 3e-07
0.0072251 3e-07
0.0072308 3e-07
0.0072364 3e-07
0.007242 3e-07
0.0072477 3e-07
0.0072533 3e-07
0.0072589 3e-07
0.0072645 3e-07
0.0072702 2e-07
0.0072758 2e-07
0.0072814 2e-07
0.0072871 2e-07
0.0072927 2e-07
0.0072983 2e-07
0.0073039 3e-07
0.0073096 3e-07
0.0073152 3e-07
0.0073208 3e-07
0.0073265 3e-07
0.0073321 3e-07
0.0073377 3e-07
0.0073433 3e-07
0.007349 3e-07
0.0073546 3e-07
0.0073602 3e-07
0.0073659 3e-07
0.0073715 4e-07
0.0073771 4e-07
0.0073827 4e-07
0.0073884 5e-07
0.007394 5e-07
0.0073996 5e-07
0.0074053 6e-07
0.0074109 6e-07
0.0074165 7e-07
0.0074221 8e-07
0.0074278 8e-07
0.0074334 9e-07
0.007439 1e-06
0.0074447 1e-06
0.0074503 1.1e-06
0.0074559 1.1e-06
0.0074615 1.2e-06
0.0074672 1.2e-06
0.0074728 1.3e-06
0.0074784 1.3e-06
0.0074841 1.3e-06
0.0074897 1.3e-06
0.0074953 1.3e-06
0.0075009 1.3e-06
0.0075066 1.3e-06
0.0075122 1.3e-06
0.0075178 1.3e-06
0.0075235 1.3e-06
0.0075291 1.3e-06
0.0075347 1.3e-06
0.0075403 1.3e-06
0.007546 1.3e-06
0.0075516 1.3e-06
0.0075572 1.3e-06
0.0075629 1.3e-06
0.0075685 1.4e-06
0.0075741 1.4e-06
0.0075797 1.4e-06
0.0075854 1.4e-06
0.007591 1.4e-06
0.0075966 1.5e-06
0.0076023 1.5e-06
0.0076079 1.6e-06
0.0076135 1.7e-06
0.0076191 1.9e-06
0.0076248 2e-06
0.0076304 2.2e-06
0.007636 2.6e-06
0.0076417 3e-06
0.0076473 3.6e-06
0.0076529 4.2e-06
0.0076585 5.2e-06
0.0076642 6.5e-06
0.0076698 8.2e-06
0.0076754 1.03e-05
0.0076811 1.29e-05
0.0076867 1.63e-05
0.0076923 2.06e-05
0.0076979 2.6e-05
0.0077036 3.25e-05
0.0077092 4.04e-05
0.0077148 5.03e-05
0.0077205 6.26e-05
0.0077261 7.87e-05
0.0077317 9.93e-05
0.0077373 0.0001254
0.007743 0.0001582
0.0077486 0.0002019
0.0077542 0.0002587
0.0077598 0.0003315
0.0077655 0.0004247
0.0077711 0.0005174
0.0077767 0.0006194
0.0077824 0.0007415
0.007788 0.0008877
0.0077936 0.0009336
0.0077992 0.0009374
0.0078049 0.0009413
0.0078105 0.0009452
0.0078161 0.0008365
0.0078218 0.0007064
0.0078274 0.0005965
0.007833 0.0005037
0.0078386 0.0004009
0.0078443 0.0003118
0.0078499 0.0002425
0.0078555 0.0001887
0.0078612 0.0001426
0.0078668 0.0001066
0.0078724 7.96e-05
0.007878 5.95e-05
0.0078837 4.27e-05
0.0078893 3.01e-05
0.0078949 2.12e-05
0.0079006 1.49e-05
0.0079062 1.01e-05
0.0079118 6.8e-06
0.0079174 4.5e-06
0.0079231 3e-06
0.0079287 2e-06
0.0079343 1.4e-06
0.00794 9e-07
0.0079456 6e-07
0.0079512 5e-07
0.0079568 4e-07
0.0079625 3e-07
0.0079681 2e-07
0.0079737 2e-07
0.0079794 1e-07
0.007985 1e-07
0.0079906 1e-07
0.0079962 1e-07
0.0080019 1e-07
0.0080075 1e-07
0.0080131 1e-07
0.0080188 1e-07
0.0080244 1e-07
0.00803 1e-07
0.0080356 1e-07
0.0080413 1e-07
0.0080469 1e-07
0.0080525 1e-07
0.0080582 1e-07
0.0080638 1e-07
0.0080694 1e-07
0.008075 1e-07
0.0080807 1e-07
0.0080863 1e-07
0.0080919 1e-07
0.0080976 1e-07
0.0081032 2e-07
0.0081088 2e-07
0.0081144 3e-07
0.0081201 3e-07
0.0081257 4e-07
0.0081313 5e-07
0.008137 6e-07
0.0081426 7e-07
0.0081482 8e-07
0.0081538 1e-06
0.0081595 1.1e-06
0.0081651 1.3e-06
0.0081707 1.5e-06
0.0081764 1.7e-06
0.008182 1.8e-06
0.0081876 1.9e-06
0.0081932 2e-06
0.0081989 2e-06
0.0082045 2e-06
0.0082101 2e-06
0.0082158 2e-06
0.0082214 1.9e-06
0.008227 1.8e-06
0.0082326 1.8e-06
0.0082383 1.7e-06
0.0082439 1.6e-06
0.0082495 1.5e-06
0.0082552 1.4e-06
0.0082608 1.3e-06
0.0082664 1.2e-06
0.008272 1.2e-06
0.0082777 1.1e-06
0.0082833 1e-06
0.0082889 9e-07
0.0082946 8e-07
0.0083002 7e-07
0.0083058 7e-07
0.0083114 6e-07
0.0083171 5e-07
0.0083227 4e-07
0.0083283 4e-07
0.008334 3e-07
0.0083396 3e-07
0.0083452 3e-07
0.0083508 2e-07
0.0083565 2e-07
0.0083621 2e-07
0.0083677 2e-07
0.0083734 2e-07
0.008379 2e-07
0.0083846 2e-07
0.0083902 2e-07
0.0083959 2e-07
0.0084015 2e-07
0.0084071 2e-07
0.0084128 2e-07
0.0084184 2e-07
0.008424 2e-07
0.0084296 2e-07
0.0084353 1e-07
0.0084409 1e-07
0.0084465 1e-07
0.0084522 1e-07
0.0084578 1e-07
0.0084634 1e-07
0.008469 1e-07
0.0084747 1e-07
0.0084803 1e-07
0.0084859 1e-07
0.0084916 1e-07
0.0084972 2e-07
0.0085028 2e-07
0.0085084 2e-07
0.0085141 3e-07
0.0085197 3e-07
0.0085253 4e-07
0.008531 5e-07
0.0085366 6e-07
0.0085422 8e-07
0.0085478 1e-06
0.0085535 1.3e-06
0.0085591 1.6e-06
0.0085647 2.1e-06
0.0085704 2.7e-06
0.008576 3.4e-06
0.0085816 4.5e-06
0.0085872 5.9e-06
0.0085929 7.9e-06
0.0085985 1.05e-05
0.0086041 1.39e-05
0.0086098 1.83e-05
0.0086154 2.42e-05
0.008621 3.19e-05
0.0086266 4.04e-05
0.0086323 4.83e-05
0.0086379 5.79e-05
0.0086435 6.93e-05
0.0086492 7.66e-05
0.0086548 7.67e-05
0.0086604 7.69e-05
0.008666 7.7e-05
0.0086717 7.1e-05
0.0086773 5.9e-05
0.0086829 4.91e-05
0.0086886 4.08e-05
0.0086942 3.2e-05
0.0086998 2.32e-05
0.0087054 1.69e-05
0.0087111 1.22e-05
0.0087167 8.6e-06
0.0087223 5.8e-06
0.008728 3.9e-06
0.0087336 2.6e-06
0.0087392 1.8e-06
0.0087448 1.2e-06
0.0087505 8e-07
0.0087561 5e-07
0.0087617 3e-07
0.0087674 2e-07
0.008773 1e-07
0.0087786 1e-07
0.0087842 1e-07
0.0087899 0
0.0087955 0
0.0088011 0
0.0088068 0
0.0088124 0
0.008818 0
0.0088236 0
0.0088293 0
0.0088349 0
0.0088405 0
0.0088462 0
0.0088518 0
0.0088574 0
0.008863 0
0.0088687 0
0.0088743 0
0.0088799 0
0.0088856 0
0.0088912 0
0.0088968 0
0.0089024 0
0.0089081 0
0.0089137 0
0.0089193 0
0.008925 0
0.0089306 0
0.0089362 0
0.0089418 0
0.0089475 0
0.0089531 0
0.0089587 0
0.0089644 1e-07
0.00897 1e-07
0.0089756 1e-07
0.0089812 1e-07
0.0089869 2e-07
0.0089925 2e-07
0.0089981 3e-07
0.0090038 4e-07
0.0090094 4e-07
0.009015 5e-07
0.0090206 5e-07
0.0090263 5e-07
0.0090319 6e-07
0.0090375 5e-07
0.0090432 5e-07
0.0090488 4e-07
0.0090544 4e-07
0.00906 3e-07
0.0090657 3e-07
0.0090713 2e-07
0.0090769 2e-07
0.0090826 1e-07
0.0090882 1e-07
0.0090938 1e-07
0.0090994 1e-07
0.0091051 0
0.0091107 0
0.0091163 0
0.009122 0
0.0091276 0
0.0091332 0
0.0091388 0
0.0091445 0
0.0091501 0
0.0091557 0
0.0091614 0
0.009167 0
0.0091726 0
0.0091782 0
0.0091839 0
0.0091895 0
0.0091951 0
0.0092008 0
0.0092064 0
0.009212 0
0.0092176 0
0.0092233 0
0.0092289 0
0.0092345 0
0.0092402 0
0.0092458 0
0.0092514 0
0.009257 0
0.0092627 0
0.0092683 0
0.0092739 0
0.0092795 0
0.0092852 0
0.0092908 0
0.0092964 0
0.0093021 0
0.0093077 0
0.0093133 0
0.0093189 0
0.0093246 0
0.0093302 0
0.0093358 0
0.0093415 0
0.0093471 0
0.0093527 0
0.0093583 0
0.009364 0
0.0093696 0
0.0093752 0
0.0093809 0
0.0093865 0
0.0093921 0
0.0093977 0
0.0094034 0
0.009409 0
0.0094146 0
0.0094203 0
0.0094259 0
0.0094315 0
0.0094371 0
0.0094428 0
0.0094484 0
0.009454 0
0.0094597 0
0.0094653 0
0.0094709 0
0.0094765 0
0.0094822 0
0.0094878 0
0.0094934 0
0.0094991 0
0.0095047 0
0.0095103 0
0.0095159 0
0.0095216 0
0.0095272 0
0.0095328 0
0.0095385 0
0.0095441 0
0.0095497 0
0.0095553 0
0.009561 0
0.0095666 0
0.0095722 0
0.0095779 0
0.0095835 0
0.0095891 0
0.0095947 0
0.0096004 0
0.009606 0
0.0096116 0
0.0096173 0
0.0096229 0
0.0096285 0
0.0096341 0
0.0096398 0
0.0096454 0
0.009651 0
0.0096567 0
0.0096623 0
0.0096679 0
0.0096735 0
0.0096792 0
0.0096848 0
0.0096904 0
0.0096961 0
0.0097017 0
0.0097073 0
0.0097129 0
0.0097186 0
0.0097242 0
0.0097298 0
0.0097355 0
0.0097411 0
0.0097467 0
0.0097523 0
0.009758 0
0.0097636 0
0.0097692 0
0.0097749 0
0.0097805 0
0.0097861 0
0.0097917 0
0.0097974 0
0.009803 0
0.0098086 0
0.0098143 0
0.0098199 0
0.0098255 0
0.0098311 0
0.0098368 0
0.0098424 0
0.009848 0
0.0098537 0
0.0098593 0
0.0098649 0
0.0098705 0
0.0098762 0
0.0098818 0
0.0098874 0
0.0098931 0
0.0098987 0
0.0099043 0
0.0099099 0
0.0099156 0
0.0099212 0
0.0099268 0
0.0099325 0
0.0099381 0
0.0099437 0
0.0099493 0
0.009955 0
0.0099606 0
0.0099662 0
0.0099719 0
0.0099775 0
0.0099831 0
0.0099887 0
0.0099944 0
0.01 0
