0.001 0
0.0010056 0
0.0010113 0
0.0010169 0
0.0010225 0
0.0010281 0
0.0010338 0
0.0010394 0
0.001045 0
0.0010507 0
0.0010563 0
0.0010619 0
0.0010675 0
0.0010732 0
0.0010788 0
0.0010844 0
0.0010901 0
0.0010957 0
0.0011013 0
0.0011069 0
0.0011126 0
0.0011182 0
0.0011238 0
0.0011295 0
0.0011351 0
0.0011407 0
0.0011463 0
0.001152 0
0.0011576 0
0.0011632 0
0.0011689 0
0.0011745 0
0.0011801 0
0.0011857 0
0.0011914 0
0.001197 0
0.0012026 0
0.0012083 0
0.0012139 0
0.0012195 0
0.0012251 0
0.0012308 0
0.0012364 0
0.001242 0
0.0012477 0
0.0012533 0
0.0012589 0
0.0012645 0
0.0012702 0
0.0012758 0
0.0012814 0
0.0012871 0
0.0012927 0
0.0012983 0
0.0013039 0
0.0013096 0
0.0013152 0
0.0013208 0
0.0013265 0
0.0013321 0
0.0013377 0
0.0013433 0
0.001349 0
0.0013546 0
0.0013602 0
0.0013659 0
0.0013715 0
0.0013771 0
0.0013827 0
0.0013884 0
0.001394 0
0.0013996 0
0.0014053 0
0.0014109 0
0.0014165 0
0.0014221 0
0.0014278 0
0.0014334 0
0.001439 0
0.0014447 0
0.0014503 0
0.0014559 0
0.0014615 0
0.0014672 0
0.0014728 0
0.0014784 0
0.0014841 0
0.0014897 0
0.0014953 0
0.0015009 0
0.0015066 0
0.0015122 0
0.0015178 0
0.0015235 0
0.0015291 0
0.0015347 0
0.0015403 0
0.001546 0
0.0015516 0
0.0015572 0
0.0015629 0
0.0015685 0
0.0015741 0
0.0015797 0
0.0015854 0
0.001591 1e-07
0.0015966 1e-07
0.0016023 2e-07
0.0016079 3e-07
0.0016135 5e-07
0.0016191 8e-07
0.0016248 1.4e-06
0.0016304 2.2e-06
0.001636 3.4e-06
0.0016417 5.2e-06
0.0016473 8e-06
0.0016529 1.23e-05
0.0016585 1.76e-05
0.0016642 2.48e-05
0.0016698 3.48e-05
0.0016754 4.9e-05
0.0016811 6.33e-05
0.0016867 7.97e-05
0.0016923 0.0001005
0.0016979 0.0001266
0.0017036 0.0001448
0.0017092 0.0001608
0.0017148 0.0001785
0.0017205 0.0001983
0.0017261 2e-04
0.0017317 0.0001956
0.0017373 0.0001914
0.001743 0.0001873
0.0017486 0.0001689
0.0017542 0.0001482
0.0017598 0.0001301
0.0017655 0.0001142
0.0017711 9.47e-05
0.0017767 7.7e-05
0.0017824 6.26e-05
0.001788 5.09e-05
0.0017936 4.01e-05
0.0017992 3.12e-05
0.0018049 2.43e-05
0.0018105 1.89e-05
0.0018161 1.46e-05
0.0018218 1.12e-05
0.0018274 8.6e-06
0.001833 6.6e-06
0.0018386 5.1e-06
0.0018443 3.9e-06
0.0018499 3e-06
0.0018555 2.4e-06
0.0018612 1.8e-06
0.0018668 1.4e-06
0.0018724 1.1e-06
0.001878 9e-07
0.0018837 7e-07
0.0018893 6e-07
0.0018949 5e-07
0.0019006 4e-07
0.0019062 3e-07
0.0019118 3e-07
0.0019174 2e-07
0.0019231 2e-07
0.0019287 2e-07
0.0019343 2e-07
0.00194 1e-07
0.0019456 1e-07
0.0019512 1e-07
0.0019568 1e-07
0.0019625 1e-07
0.0019681 1e-07
0.0019737 1e-07
0.0019794 1e-07
0.001985 1e-07
0.0019906 1e-07
0.0019962 1e-07
0.0020019 1e-07
0.0020075 2e-07
0.0020131 2e-07
0.0020188 2e-07
0.0020244 2e-07
0.00203 3e-07
0.0020356 3e-07
0.0020413 4e-07
0.0020469 5e-07
0.0020525 6e-07
0.0020582 7e-07
0.0020638 9e-07
0.0020694 1.1e-06
0.002075 1.3e-06
0.0020807 1.6e-06
0.0020863 2e-06
0.0020919 2.5e-06
0.0020976 3e-06
0.0021032 3.8e-06
0.0021088 4.6e-06
0.0021144 5.8e-06
0.0021201 7.2e-06
0.0021257 8.9e-06
0.0021313 1.12e-05
0.002137 1.4e-05
0.0021426 1.77e-05
0.0021482 2.22e-05
0.0021538 2.84e-05
0.0021595 3.66e-05
0.0021651 4.71e-05
0.0021707 6.07e-05
0.0021764 7.99e-05
0.002182 0.0001067
0.0021876 0.0001423
0.0021932 0.0001898
0.0021989 0.0002594
0.0022045 0.0003601
0.0022101 0.0004999
0.0022158 0.0006941
0.0022214 0.0009852
0.002227 0.0014196
0.0022326 0.0020455
0.0022383 0.0029474
0.0022439 0.0043049
0.0022495 0.0063484
0.0022552 0.0093617
0.0022608 0.0138054
0.0022664 0.0203095
0.002272 0.0298259
0.0022777 0.0438013
0.0022833 0.0643251
0.0022889 0.092106
0.0022946 0.1294064
0.0023002 0.1818126
0.0023058 0.2554419
0.0023114 0.3409211
0.0023171 0.4372856
0.0023227 0.5608885
0.0023283 0.719429
0.002334 0.8578723
0.0023396 0.9651652
0.0023452 1.0858771
0.0023508 1.2216863
0.0023565 1.2670487
0.0023621 1.2290681
0.0023677 1.192226
0.0023734 1.1564882
0.002379 1.0429736
0.0023846 0.8842812
0.0023902 0.7497345
0.0023959 0.6356596
0.0024015 0.5120277
0.0024071 0.3943976
0.0024128 0.3037912
0.0024184 0.2340001
0.002424 0.1758572
0.0024296 0.1292639
0.0024353 0.0950155
0.0024409 0.0698412
0.0024465 0.0513066
0.0024522 0.0376702
0.0024578 0.0276581
0.0024634 0.020307
0.002469 0.0151551
0.0024747 0.011488
0.0024803 0.0087083
0.0024859 0.0066011
0.0024916 0.0051274
0.0024972 0.0040795
0.0025028 0.0032458
0.0025084 0.0025824
0.0025141 0.0021054
0.0025197 0.0017596
0.0025253 0.0014706
0.002531 0.001229
0.0025366 0.0010469
0.0025422 0.0009098
0.0025478 0.0007906
0.0025535 0.0006871
0.0025591 0.0006043
0.0025647 0.0005384
0.0025704 0.0004797
0.002576 0.0004274
0.0025816 0.0003833
0.0025872 0.0003463
0.0025929 0.0003128
0.0025985 0.0002826
0.0026041 0.0002567
0.0026098 0.0002346
0.0026154 0.0002144
0.002621 0.0001959
0.0026266 0.0001809
0.0026323 0.000169
0.0026379 0.0001578
0.0026435 0.0001474
0.0026492 0.0001405
0.0026548 0.0001372
0.0026604 0.000134
0.002666 0.0001308
0.0026717 0.0001319
0.0026773 0.0001386
0.0026829 0.0001456
0.0026886 0.0001529
0.0026942 0.0001672
0.0026998 0.0001925
0.0027054 0.0002217
0.0027111 0.0002552
0.0027167 0.0003044
0.0027223 0.0003806
0.002728 0.0004758
0.0027336 0.0005949
0.0027392 0.0007565
0.0027448 0.0009847
0.0027505 0.0012817
0.0027561 0.0016683
0.0027617 0.0021596
0.0027674 0.002774
0.002773 0.0035631
0.0027786 0.0045767
0.0027842 0.0057573
0.0027899 0.0070247
0.0027955 0.0085711
0.0028011 0.0104579
0.0028068 0.0124398
0.0028124 0.0142405
0.002818 0.0163019
0.0028236 0.0186617
0.0028293 0.0208995
0.0028349 0.022619
0.0028405 0.0244801
0.0028462 0.0264943
0.0028518 0.0282556
0.0028574 0.0294299
0.002863 0.0306529
0.0028687 0.0319268
0.0028743 0.0330217
0.0028799 0.0337595
0.0028856 0.0345138
0.0028912 0.035285
0.0028968 0.0360385
0.0029024 0.0367469
0.0029081 0.0374692
0.0029137 0.0382057
0.0029193 0.0390462
0.002925 0.0400677
0.0029306 0.0411158
0.0029362 0.0421914
0.0029418 0.0434126
0.0029475 0.044891
0.0029531 0.0464197
0.0029587 0.0480005
0.0029644 0.0496835
0.00297 0.0515203
0.0029756 0.053425
0.0029812 0.0554001
0.0029869 0.0573447
0.0029925 0.0591484
0.0029981 0.0610089
0.0030038 0.0629279
0.0030094 0.0646136
0.003015 0.0657386
0.0030206 0.0668833
0.0030263 0.0680479
0.0030319 0.0687885
0.0030375 0.0686066
0.0030432 0.0684252
0.0030488 0.0682443
0.0030544 0.0675817
0.00306 0.0659026
0.0030657 0.0642652
0.0030713 0.0626685
0.0030769 0.0607198
0.0030826 0.0579891
0.0030882 0.0553812
0.0030938 0.0528906
0.0030994 0.0502852
0.0031051 0.0473106
0.0031107 0.044512
0.0031163 0.0418789
0.003122 0.0393341
0.0031276 0.0367914
0.0031332 0.0344132
0.0031388 0.0321886
0.0031445 0.0301437
0.0031501 0.0283124
0.0031557 0.0265924
0.0031614 0.024977
0.003167 0.0235375
0.0031726 0.0223724
0.0031782 0.0212651
0.0031839 0.0202125
0.0031895 0.0192902
0.0031951 0.0186121
0.0032008 0.0179579
0.0032064 0.0173267
0.003212 0.0167762
0.0032176 0.0164028
0.0032233 0.0160376
0.0032289 0.0156806
0.0032345 0.0153692
0.0032402 0.0151717
0.0032458 0.0149767
0.0032514 0.0147843
0.003257 0.0146248
0.0032627 0.0145585
0.0032683 0.0144926
0.0032739 0.014427
0.0032795 0.0144077
0.0032852 0.0145347
0.0032908 0.0146628
0.0032964 0.014792
0.0033021 0.0150079
0.0033077 0.015516
0.0033133 0.0160412
0.0033189 0.0165843
0.0033246 0.0172912
0.0033302 0.0185589
0.0033358 0.0199196
0.0033415 0.02138
0.0033471 0.0231707
0.0033527 0.0259983
0.0033583 0.0291709
0.003364 0.0327308
0.0033696 0.0370294
0.0033752 0.0432094
0.0033809 0.0504208
0.0033865 0.0588358
0.0033921 0.068964
0.0033977 0.0822722
0.0034034 0.0981485
0.003409 0.1170886
0.0034146 0.13966
0.0034203 0.1664668
0.0034259 0.1984189
0.0034315 0.2365041
0.0034371 0.280713
0.0034428 0.3271701
0.0034484 0.3813158
0.003454 0.4444224
0.0034597 0.5144556
0.0034653 0.577378
0.0034709 0.6479964
0.0034765 0.7272519
0.0034822 0.809867
0.0034878 0.8688815
0.0034934 0.9321964
0.0034991 1.000125
0.0035047 1.0650653
0.0035103 1.092514
0.0035159 1.1206702
0.0035216 1.1495519
0.0035272 1.1718912
0.0035328 1.1558145
0.0035385 1.1399583
0.0035441 1.1243197
0.0035497 1.1038155
0.0035553 1.0559326
0.003561 1.0101267
0.0035666 0.9663079
0.0035722 0.9216476
0.0035779 0.8635205
0.0035835 0.8090593
0.0035891 0.758033
0.0035947 0.7090967
0.0036004 0.6566166
0.003606 0.6080207
0.0036116 0.5630213
0.0036173 0.5210184
0.0036229 0.4800461
0.0036285 0.4422958
0.0036341 0.4075141
0.0036398 0.3753739
0.0036454 0.3451371
0.003651 0.317336
0.0036567 0.2917743
0.0036623 0.2681652
0.0036679 0.2456987
0.0036735 0.2251144
0.0036792 0.2062546
0.0036848 0.1888122
0.0036904 0.1715842
0.0036961 0.1559282
0.0037017 0.1417007
0.0037073 0.1286051
0.0037129 0.1153358
0.0037186 0.1034356
0.0037242 0.0927632
0.0037298 0.0830791
0.0037355 0.073394
0.0037411 0.0648379
0.0037467 0.0572793
0.0037523 0.050557
0.003758 0.0441871
0.0037636 0.0386198
0.0037692 0.033754
0.0037749 0.0295035
0.0037805 0.0258136
0.0037861 0.0225851
0.0037917 0.0197604
0.0037974 0.0173115
0.003803 0.0154404
0.0038086 0.0137716
0.0038143 0.0122831
0.0038199 0.010982
0.0038255 0.0101961
0.0038311 0.0094664
0.0038368 0.0087889
0.0038424 0.0081848
0.003848 0.0080509
0.0038537 0.0079191
0.0038593 0.0077896
0.0038649 0.007685
0.0038705 0.0080749
0.0038762 0.0084846
0.0038818 0.0089151
0.0038874 0.0093894
0.0038931 0.0105006
0.0038987 0.0117434
0.0039043 0.0131332
0.0039099 0.0147098
0.0039156 0.0172987
0.0039212 0.0203432
0.0039268 0.0239236
0.0039325 0.0281572
0.0039381 0.0343404
0.0039437 0.0418816
0.0039493 0.0510787
0.003955 0.0623202
0.0039606 0.0780364
0.0039662 0.0977159
0.0039719 0.1223583
0.0039775 0.1532405
0.0039831 0.1961682
0.0039887 0.2511212
0.0039944 0.3214685
0.004 0.4115222
0.0040056 0.5385458
0.0040113 0.7047774
0.0040169 0.9223192
0.0040225 1.2070092
0.0040281 1.6154687
0.0040338 2.1625217
0.0040394 2.8948254
0.004045 3.8751122
0.0040507 5.2875504
0.0040563 7.2169151
0.0040619 9.8502823
0.0040675 13.444534
0.0040732 18.5103538
0.0040788 25.4900524
0.0040844 35.1015857
0.0040901 48.3373397
0.0040957 65.9516414
0.0041013 89.9588788
0.0041069 122.7050564
0.0041126 167.3712597
0.0041182 221.2840382
0.0041238 292.2066029
0.0041295 385.8601798
0.0041351 509.5301642
0.0041407 639.0094176
0.0041463 799.4406521
0.004152 1000.1501365
0.0041576 1251.2502247
0.0041632 1465.3751221
0.0041689 1709.8595638
0.0041745 1995.1339993
0.0041801 2328.0038663
0.0041857 2524.2020511
0.0041914 2724.1108497
0.004197 2939.8517913
0.0042026 3172.6787314
0.0042083 3177.6141864
0.0042139 3165.357477
0.0042195 3153.1480442
0.0042251 3140.9857057
0.0042308 2915.5641969
0.0042364 2690.8294463
0.004242 2483.4174863
0.0042477 2291.993058
0.0042533 1990.241845
0.0042589 1718.7459113
0.0042645 1484.2856987
0.0042702 1281.8090335
0.0042758 1057.4089618
0.0042814 868.3413131
0.0042871 713.0794833
0.0042927 585.5788983
0.0042983 467.9281056
0.0043039 372.8109733
0.0043096 297.0285822
0.0043152 236.6507023
0.0043208 186.7360753
0.0043265 147.1823788
0.0043321 116.0067898
0.0043377 91.4346906
0.0043433 72.2787057
0.004349 57.1572598
0.0043546 45.1993754
0.0043602 35.7432029
0.0043659 28.5004952
0.0043715 22.7511506
0.0043771 18.1616092
0.0043827 14.4979062
0.0043884 11.6552176
0.004394 9.3796048
0.0043996 7.5482921
0.0044053 6.0745324
0.0044109 4.8973707
0.0044165 3.9494455
0.0044221 3.1849988
0.0044278 2.5685168
0.0044334 2.0626277
0.004439 1.6552114
0.0044447 1.3282692
0.0044503 1.0659056
0.0044559 0.8486579
0.0044615 0.6747478
0.0044672 0.536476
0.0044728 0.4265393
0.0044784 0.337043
0.0044841 0.2660165
0.0044897 0.2099577
0.0044953 0.1657124
0.0045009 0.1312052
0.0045066 0.1039486
0.0045122 0.0823544
0.0045178 0.0652461
0.0045235 0.0527627
0.0045291 0.042851
0.0045347 0.0348013
0.0045403 0.0282637
0.004546 0.0239572
0.0045516 0.0204989
0.0045572 0.0175398
0.0045629 0.0150079
0.0045685 0.013682
0.0045741 0.0126577
0.0045797 0.01171
0.0045854 0.0108333
0.004591 0.0108053
0.0045966 0.0109761
0.0046023 0.0111496
0.0046079 0.0113259
0.0046135 0.0123955
0.0046191 0.0138262
0.0046248 0.015422
0.0046304 0.0172021
0.004636 0.0204455
0.0046417 0.0247155
0.0046473 0.0298773
0.0046529 0.0361171
0.0046585 0.0458099
0.0046642 0.0588881
0.0046698 0.0756999
0.0046754 0.0973113
0.0046811 0.1294014
0.0046867 0.1737796
0.0046923 0.2333772
0.0046979 0.3134138
0.0047036 0.4307089
0.0047092 0.5960611
0.0047148 0.8248931
0.0047205 1.1415754
0.0047261 1.602597
0.0047317 2.2600209
0.0047373 3.187136
0.004743 4.4945761
0.0047486 6.3706784
0.0047542 9.0450615
0.0047598 12.842139
0.0047655 18.2332132
0.0047711 25.7262189
0.0047767 36.2207086
0.0047824 50.9962126
0.004788 71.7990842
0.0047936 99.1535616
0.0047992 135.9880493
0.0048049 186.5061554
0.0048105 255.7911976
0.0048161 339.7119241
0.0048218 445.8125325
0.0048274 585.0510388
0.004833 767.7772451
0.0048386 965.801188
0.0048443 1195.2336548
0.0048499 1479.1693233
0.0048555 1830.5557898
0.0048612 2159.2047185
0.0048668 2498.4058097
0.0048724 2890.8938259
0.004878 3345.0398973
0.0048837 3687.6096615
0.0048893 3984.421114
0.0048949 4305.1225783
0.0049006 4651.6369339
0.0049062 4809.959177
0.0049118 4880.5469396
0.0049174 4952.1706013
0.0049231 5024.8453642
0.0049287 4918.0317911
0.0049343 4736.7638081
0.00494 4562.1769697
0.0049456 4394.0250234
0.0049512 4120.3971804
0.0049568 3816.4133096
0.0049625 3534.8559645
0.0049681 3274.0706198
0.0049737 2978.4530193
0.0049794 2686.3357818
0.004985 2422.8684776
0.0049906 2185.2412121
0.0049962 1948.5466309
0.0050019 1727.7106811
0.0050075 1531.902881
0.0050131 1358.2866983
0.0050188 1194.6179245
0.0050244 1046.321762
0.00503 916.434625
0.0050356 802.6712741
0.0050413 697.0748212
0.0050469 602.6534232
0.0050525 521.0217576
0.0050582 450.4474071
0.0050638 384.7292717
0.0050694 326.4242214
0.005075 276.9551998
0.0050807 234.9831221
0.0050863 195.8903964
0.0050919 161.6848178
0.0050976 133.4520772
0.0051032 110.1492221
0.0051088 88.869755
0.0051144 70.7556507
0.0051201 56.3336998
0.0051257 44.8513399
0.0051313 34.8182592
0.005137 26.6211573
0.0051426 20.3538613
0.0051482 15.5620458
0.0051538 11.6239424
0.0051595 8.5573226
0.0051651 6.2997362
0.0051707 4.6377445
0.0051764 3.35984
0.005182 2.4090959
0.0051876 1.7273867
0.0051932 1.2385829
0.0051989 0.8847383
0.0052045 0.6303972
0.0052101 0.4491731
0.0052158 0.3200466
0.0052214 0.2306981
0.005227 0.1676154
0.0052326 0.1217822
0.0052383 0.0884818
0.0052439 0.0660173
0.0052495 0.0501875
0.0052552 0.0381534
0.0052608 0.0290048
0.0052664 0.0228803
0.005272 0.0185408
0.0052777 0.0150244
0.0052833 0.0121749
0.0052889 0.0102706
0.0052946 0.0089294
0.0053002 0.0077633
0.0053058 0.0067496
0.0053114 0.0060889
0.0053171 0.005652
0.0053227 0.0052465
0.0053283 0.00487
0.005334 0.0046597
0.0053396 0.0045675
0.0053452 0.0044772
0.0053508 0.0043886
0.0053565 0.0044059
0.0053621 0.004511
0.0053677 0.0046185
0.0053734 0.0047287
0.005379 0.0049385
0.0053846 0.0052451
0.0053902 0.0055708
0.0053959 0.0059166
0.0054015 0.0064015
0.0054071 0.007039
0.0054128 0.00774
0.0054184 0.0085109
0.005424 0.0095364
0.0054296 0.0108683
0.0054353 0.0123861
0.0054409 0.0141159
0.0054465 0.0163917
0.0054522 0.0193684
0.0054578 0.0228856
0.0054634 0.0270416
0.005469 0.0324696
0.0054747 0.0395905
0.0054803 0.048273
0.0054859 0.0588597
0.0054916 0.072451
0.0054972 0.0900164
0.0055028 0.1118404
0.0055084 0.1389556
0.0055141 0.1725716
0.0055197 0.2142278
0.0055253 0.2659391
0.005531 0.3301327
0.0055366 0.4053144
0.0055422 0.4918932
0.0055478 0.596966
0.0055535 0.7244834
0.0055591 0.8623994
0.0055647 1.0053876
0.0055704 1.1720836
0.005576 1.3664182
0.0055816 1.5561082
0.0055872 1.7266215
0.0055929 1.9158192
0.0055985 2.1257485
0.0056041 2.3043896
0.0056098 2.432308
0.0056154 2.5673272
0.005621 2.7098414
0.0056266 2.8033804
0.0056323 2.8321903
0.0056379 2.8612963
0.0056435 2.8907013
0.0056492 2.8763641
0.0056548 2.8096667
0.0056604 2.7445158
0.005666 2.6808756
0.0056717 2.5929347
0.0056773 2.4769558
0.0056829 2.3661646
0.0056886 2.2603289
0.0056942 2.1476956
0.0056998 2.0265934
0.0057054 1.9123197
0.0057111 1.8044896
0.0057167 1.6984818
0.0057223 1.5933735
0.005728 1.4947698
0.0057336 1.402268
0.0057392 1.3133222
0.0057448 1.2272313
0.0057505 1.1467838
0.0057561 1.0716098
0.0057617 0.9990546
0.0057674 0.9283676
0.005773 0.8626819
0.0057786 0.8016437
0.0057842 0.7423826
0.0057899 0.6840733
0.0057955 0.6303438
0.0058011 0.5808344
0.0058068 0.5331718
0.0058124 0.4866048
0.005818 0.444105
0.0058236 0.405317
0.0058293 0.3689198
0.0058349 0.3343822
0.0058405 0.303078
0.0058462 0.2747044
0.0058518 0.2490447
0.0058574 0.2258656
0.005863 0.2048439
0.0058687 0.1857787
0.0058743 0.1692657
0.0058799 0.1554039
0.0058856 0.1426774
0.0058912 0.130993
0.0058968 0.1213977
0.0059024 0.1143268
0.0059081 0.1076678
0.0059137 0.1013966
0.0059193 0.096735
0.005925 0.0944279
0.0059306 0.0921758
0.0059362 0.0899774
0.0059418 0.0890528
0.0059475 0.090393
0.0059531 0.0917534
0.0059587 0.0931343
0.0059644 0.0956051
0.00597 0.1002514
0.0059756 0.1051235
0.0059812 0.1102323
0.0059869 0.1162618
0.0059925 0.1240199
0.0059981 0.1322956
0.0060038 0.1411236
0.0060094 0.1503972
0.006015 0.1599716
0.0060206 0.1701555
0.0060263 0.1809877
0.0060319 0.1911433
0.0060375 0.1988821
0.0060432 0.2069343
0.0060488 0.2153124
0.0060544 0.2215189
0.00606 0.222406
0.0060657 0.2232966
0.0060713 0.2241908
0.0060769 0.2222236
0.0060826 0.2140319
0.0060882 0.2061422
0.0060938 0.1985433
0.0060994 0.1889678
0.0061051 0.1749578
0.0061107 0.1619864
0.0061163 0.1499768
0.006122 0.1376153
0.0061276 0.123567
0.0061332 0.1109529
0.0061388 0.0996264
0.0061445 0.0890164
0.0061501 0.0785625
0.0061557 0.0693363
0.0061614 0.0611935
0.006167 0.0539678
0.0061726 0.0475055
0.0061782 0.041817
0.0061839 0.0368097
0.0061895 0.0324825
0.0061951 0.0288562
0.0062008 0.0256348
0.0062064 0.0227731
0.006212 0.0203105
0.0062176 0.0183151
0.0062233 0.0165157
0.0062289 0.014893
0.0062345 0.0134789
0.0062402 0.0123295
0.0062458 0.011278
0.0062514 0.0103163
0.006257 0.0094587
0.0062627 0.0087343
0.0062683 0.0080654
0.0062739 0.0074477
0.0062795 0.0068842
0.0062852 0.0063832
0.0062908 0.0059188
0.0062964 0.0054881
0.0063021 0.0050906
0.0063077 0.0047273
0.0063133 0.0043899
0.0063189 0.0040766
0.0063246 0.0037885
0.0063302 0.0035296
0.0063358 0.0032884
0.0063415 0.0030637
0.0063471 0.0028601
0.0063527 0.0026895
0.0063583 0.0025292
0.006364 0.0023783
0.0063696 0.002245
0.0063752 0.0021494
0.0063809 0.002058
0.0063865 0.0019704
0.0063921 0.0018968
0.0063977 0.0018654
0.0064034 0.0018345
0.006409 0.0018041
0.0064146 0.0017856
0.0064203 0.0018149
0.0064259 0.0018447
0.0064315 0.0018749
0.0064371 0.0019182
0.0064428 0.0020189
0.0064484 0.0021248
0.006454 0.0022363
0.0064597 0.0023676
0.0064653 0.0025746
0.0064709 0.0027997
0.0064765 0.0030444
0.0064822 0.0033268
0.0064878 0.0037212
0.0064934 0.0041625
0.0064991 0.004656
0.0065047 0.005229
0.0065103 0.0059925
0.0065159 0.0068674
0.0065216 0.0078701
0.0065272 0.0090517
0.0065328 0.0106116
0.0065385 0.0124403
0.0065441 0.0145841
0.0065497 0.0171595
0.0065553 0.0206073
0.006561 0.024748
0.0065666 0.0297206
0.0065722 0.0358298
0.0065779 0.0442028
0.0065835 0.0545324
0.0065891 0.0672759
0.0065947 0.0833133
0.0066004 0.1057077
0.006606 0.1341217
0.0066116 0.1701733
0.0066173 0.2165841
0.0066229 0.2815295
0.0066285 0.3659496
0.0066341 0.4756841
0.0066398 0.6193211
0.0066454 0.8158888
0.006651 1.0748455
0.0066567 1.4159931
0.0066623 1.8646887
0.0066679 2.4480208
0.0066735 3.2138373
0.0066792 4.2192247
0.0066848 5.5256847
0.0066904 7.0887425
0.0066961 9.0939447
0.0067017 11.6663611
0.0067073 14.9060129
0.0067129 18.3471601
0.0067186 22.5827178
0.0067242 27.7960808
0.0067298 34.0427615
0.0067355 39.648255
0.0067411 46.1767512
0.0067467 53.7802319
0.0067523 62.3100475
0.006758 68.1373062
0.0067636 74.5095323
0.0067692 81.4776914
0.0067749 88.670903
0.0067805 90.967168
0.0067861 93.3228982
0.0067917 95.7396336
0.0067974 97.8356486
0.006803 94.7338993
0.0068086 91.7304868
0.0068143 88.8222936
0.0068199 85.7665188
0.0068255 79.280886
0.0068311 73.2856944
0.0068368 67.7438569
0.0068424 62.5125552
0.006848 55.9118336
0.0068537 50.0080844
0.0068593 44.727714
0.0068649 39.9662713
0.0068705 34.9888768
0.0068762 30.6313664
0.0068818 26.8165398
0.0068874 23.4636503
0.0068931 20.2373698
0.0068987 17.4547067
0.0069043 15.0546632
0.0069099 12.9789433
0.0069156 11.0324953
0.0069212 9.3779554
0.0069268 7.9715464
0.0069325 6.7731165
0.0069381 5.6476576
0.0069437 4.7092112
0.0069493 3.9267024
0.006955 3.2729318
0.0069606 2.6586148
0.0069662 2.1596028
0.0069719 1.7542535
0.0069775 1.4246485
0.0069831 1.1212773
0.0069887 0.8825074
0.0069944 0.6945823
0.007 0.5466748
0.0070056 0.4169305
0.0070113 0.3179788
0.0070169 0.2425117
0.0070225 0.1849555
0.0070281 0.1379035
0.0070338 0.1028036
0.0070394 0.0766376
0.007045 0.0571314
0.0070507 0.0423752
0.0070563 0.0314279
0.0070619 0.0233087
0.0070675 0.0172871
0.0070732 0.0130505
0.0070788 0.0098563
0.0070844 0.0074438
0.0070901 0.0056219
0.0070957 0.0044182
0.0071013 0.0034766
0.0071069 0.0027356
0.0071126 0.0021526
0.0071182 0.0017909
0.0071238 0.0014932
0.0071295 0.0012451
0.0071351 0.0010381
0.0071407 0.0009221
0.0071463 0.0008214
0.007152 0.0007318
0.0071576 0.0006519
0.0071632 0.0006187
0.0071689 0.0005891
0.0071745 0.000561
0.0071801 0.0005342
0.0071857 0.0005392
0.0071914 0.0005463
0.007197 0.0005535
0.0072026 0.0005608
0.0072083 0.0005983
0.0072139 0.0006407
0.0072195 0.000686
0.0072251 0.0007346
0.0072308 0.0008233
0.0072364 0.0009261
0.007242 0.0010417
0.0072477 0.0011718
0.0072533 0.001373
0.0072589 0.0016148
0.0072645 0.0018991
0.0072702 0.0022335
0.0072758 0.0027261
0.0072814 0.0033396
0.0072871 0.0040912
0.0072927 0.0050119
0.0072983 0.0063461
0.0073039 0.0080642
0.0073096 0.0102474
0.0073152 0.0130217
0.0073208 0.0170033
0.0073265 0.0222735
0.0073321 0.0291772
0.0073377 0.0382207
0.0073433 0.0510196
0.007349 0.0682677
0.0073546 0.0913469
0.0073602 0.1222283
0.0073659 0.1648443
0.0073715 0.2225584
0.0073771 0.3004789
0.0073827 0.4056805
0.0073884 0.5449111
0.007394 0.7313757
0.0073996 0.9816472
0.0074053 1.3175598
0.0074109 1.7351458
0.0074165 2.2782974
0.0074221 2.9914714
0.0074278 3.9278898
0.0074334 4.9961125
0.007439 6.3212776
0.0074447 7.9979285
0.0074503 10.119293
0.0074559 12.2866055
0.0074615 14.8097295
0.0074672 17.8509913
0.0074728 21.5167934
0.0074784 24.7825203
0.0074841 28.3015859
0.0074897 32.3203515
0.0074953 36.9097733
0.0075009 40.3274558
0.0075066 43.6770907
0.0075122 47.3049493
0.0075178 51.2341412
0.0075235 53.3817032
0.0075291 55.1707007
0.0075347 57.0196535
0.0075403 58.9305708
0.007546 59.0185487
0.0075516 58.6984851
0.0075572 58.3801572
0.0075629 58.0635557
0.0075685 56.30464
0.0075741 54.2798894
0.0075797 52.3279503
0.0075854 50.446204
0.007591 47.5443642
0.0075966 44.5638192
0.0076023 41.7701238
0.0076079 39.1515645
0.0076135 35.8151117
0.0076191 32.5605788
0.0076248 29.6017865
0.0076304 26.9118608
0.007636 23.7543874
0.0076417 20.8028939
0.0076473 18.2181249
0.0076529 15.9545146
0.0076585 13.4842515
0.0076642 11.2840664
0.0076698 9.442879
0.0076754 7.9021126
0.0076811 6.3611246
0.0076867 5.06311
0.0076923 4.0299609
0.0076979 3.2076303
0.0077036 2.4620533
0.0077092 1.8690359
0.0077148 1.4188545
0.0077205 1.077105
0.0077261 0.795765
0.0077317 0.5828746
0.0077373 0.4269386
0.007743 0.31272
0.0077486 0.2261285
0.0077542 0.1628208
0.0077598 0.117237
0.0077655 0.0844149
0.0077711 0.0609815
0.0077767 0.0441027
0.0077824 0.0318958
0.007788 0.0230675
0.0077936 0.0169822
0.0077992 0.0125818
0.0078049 0.0093217
0.0078105 0.0069063
0.0078161 0.0052629
0.0078218 0.0040526
0.0078274 0.0031207
0.007833 0.0024031
0.0078386 0.0019136
0.0078443 0.0015436
0.0078499 0.0012451
0.0078555 0.0010044
0.0078612 0.0008388
0.0078668 0.0007102
0.0078724 0.0006014
0.007878 0.0005092
0.0078837 0.0004457
0.0078893 0.0003956
0.0078949 0.0003511
0.0079006 0.0003116
0.0079062 0.0002852
0.0079118 0.0002645
0.0079174 0.0002454
0.0079231 0.0002276
0.0079287 0.0002173
0.0079343 0.0002101
0.00794 0.0002032
0.0079456 0.0001965
0.0079512 0.0001953
0.0079568 0.0001966
0.0079625 0.0001979
0.0079681 0.0001992
0.0079737 0.0002058
0.0079794 0.0002152
0.007985 0.000225
0.0079906 0.0002353
0.0079962 0.0002519
0.0080019 0.0002728
0.0080075 0.0002954
0.0080131 0.0003199
0.0080188 0.0003534
0.0080244 0.0003942
0.00803 0.0004398
0.0080356 0.0004907
0.0080413 0.0005553
0.0080469 0.0006331
0.0080525 0.0007218
0.0080582 0.0008229
0.0080638 0.0009454
0.0080694 0.0010907
0.008075 0.0012582
0.0080807 0.0014515
0.0080863 0.0016758
0.0080919 0.0019355
0.0080976 0.0022355
0.0081032 0.0025819
0.0081088 0.0029656
0.0081144 0.0033953
0.0081201 0.0038873
0.0081257 0.0044506
0.0081313 0.0050423
0.008137 0.0056767
0.0081426 0.006391
0.0081482 0.0071951
0.0081538 0.0079912
0.0081595 0.0088008
0.0081651 0.0096923
0.0081707 0.0106742
0.0081764 0.0115884
0.008182 0.0124657
0.0081876 0.0134093
0.0081932 0.0144244
0.0081989 0.0153224
0.0082045 0.0161413
0.0082101 0.0170039
0.0082158 0.0179126
0.0082214 0.018703
0.008227 0.01941
0.0082326 0.0201438
0.0082383 0.0209054
0.0082439 0.0215951
0.0082495 0.0222345
0.0082552 0.0228929
0.0082608 0.0235708
0.0082664 0.0242304
0.008272 0.0248798
0.0082777 0.0255465
0.0082833 0.0262312
0.0082889 0.0269121
0.0082946 0.0275938
0.0083002 0.0282927
0.0083058 0.0290093
0.0083114 0.0296699
0.0083171 0.0302871
0.0083227 0.0309171
0.0083283 0.0315603
0.008334 0.0320268
0.0083396 0.0323474
0.0083452 0.0326712
0.0083508 0.0329982
0.0083565 0.0329979
0.0083621 0.0327285
0.0083677 0.0324612
0.0083734 0.0321961
0.008379 0.0315057
0.0083846 0.0304801
0.0083902 0.0294878
0.0083959 0.0285279
0.0084015 0.0271779
0.0084071 0.0255463
0.0084128 0.0240127
0.0084184 0.0225712
0.008424 0.020902
0.0084296 0.0190981
0.0084353 0.01745
0.0084409 0.015944
0.0084465 0.0143954
0.0084522 0.0128543
0.0084578 0.0114782
0.0084634 0.0102494
0.008469 0.0090875
0.0084747 0.0080028
0.0084803 0.0070476
0.0084859 0.0062064
0.0084916 0.0054553
0.0084972 0.0047863
0.0085028 0.0041993
0.0085084 0.0036843
0.0085141 0.0032397
0.0085197 0.0028551
0.0085253 0.0025162
0.008531 0.0022176
0.0085366 0.0019629
0.0085422 0.0017455
0.0085478 0.0015522
0.0085535 0.0013802
0.0085591 0.0012332
0.0085647 0.0011073
0.0085704 0.0009944
0.008576 0.0008929
0.0085816 0.000805
0.0085872 0.000729
0.0085929 0.0006602
0.0085985 0.0005979
0.0086041 0.0005432
0.0086098 0.0004955
0.0086154 0.0004519
0.008621 0.0004121
0.0086266 0.0003772
0.0086323 0.0003466
0.0086379 0.0003185
0.0086435 0.0002926
0.0086492 0.0002701
0.0086548 0.0002506
0.0086604 0.0002326
0.008666 0.0002158
0.0086717 0.0002015
0.0086773 0.0001895
0.0086829 0.0001783
0.0086886 0.0001677
0.0086942 0.0001589
0.0086998 0.000152
0.0087054 0.0001454
0.0087111 0.0001391
0.0087167 0.0001341
0.0087223 0.0001307
0.008728 0.0001273
0.0087336 0.000124
0.0087392 0.0001216
0.0087448 0.0001204
0.0087505 0.0001192
0.0087561 0.0001181
0.0087617 0.0001176
0.0087674 0.0001179
0.008773 0.0001183
0.0087786 0.0001186
0.0087842 0.0001194
0.0087899 0.0001207
0.0087955 0.000122
0.0088011 0.0001233
0.0088068 0.0001248
0.0088124 0.0001265
0.008818 0.0001282
0.0088236 0.00013
0.0088293 0.0001318
0.0088349 0.0001334
0.0088405 0.0001351
0.0088462 0.0001369
0.0088518 0.0001385
0.0088574 0.0001399
0.008863 0.0001413
0.0088687 0.0001427
0.0088743 0.0001441
0.0088799 0.0001453
0.0088856 0.0001465
0.0088912 0.0001477
0.0088968 0.000149
0.0089024 0.0001504
0.0089081 0.0001518
0.0089137 0.0001533
0.0089193 0.000155
0.008925 0.0001573
0.0089306 0.0001596
0.0089362 0.0001619
0.0089418 0.0001647
0.0089475 0.0001683
0.0089531 0.0001721
0.0089587 0.0001759
0.0089644 0.0001803
0.00897 0.0001859
0.0089756 0.0001916
0.0089812 0.0001975
0.0089869 0.000204
0.0089925 0.0002117
0.0089981 0.0002196
0.0090038 0.0002278
0.0090094 0.0002366
0.009015 0.0002462
0.0090206 0.0002562
0.0090263 0.0002666
0.0090319 0.0002773
0.0090375 0.0002881
0.0090432 0.0002994
0.0090488 0.0003111
0.0090544 0.0003227
0.00906 0.0003334
0.0090657 0.0003445
0.0090713 0.0003559
0.0090769 0.0003667
0.0090826 0.0003756
0.0090882 0.0003846
0.0090938 0.0003939
0.0090994 0.0004022
0.0091051 0.0004079
0.0091107 0.0004136
0.0091163 0.0004194
0.009122 0.0004242
0.0091276 0.0004265
0.0091332 0.0004288
0.0091388 0.0004311
0.0091445 0.0004328
0.0091501 0.0004328
0.0091557 0.0004329
0.0091614 0.0004329
0.009167 0.0004327
0.0091726 0.0004321
0.0091782 0.0004314
0.0091839 0.0004307
0.0091895 0.0004302
0.0091951 0.00043
0.0092008 0.0004298
0.0092064 0.0004295
0.009212 0.0004295
0.0092176 0.00043
0.0092233 0.0004306
0.0092289 0.0004311
0.0092345 0.0004316
0.0092402 0.0004323
0.0092458 0.000433
0.0092514 0.0004336
0.009257 0.000434
0.0092627 0.0004336
0.0092683 0.0004332
0.0092739 0.0004328
0.0092795 0.0004319
0.0092852 0.000429
0.0092908 0.0004261
0.0092964 0.0004233
0.0093021 0.0004196
0.0093077 0.0004133
0.0093133 0.0004071
0.0093189 0.000401
0.0093246 0.0003941
0.0093302 0.0003844
0.0093358 0.0003749
0.0093415 0.0003657
0.0093471 0.000356
0.0093527 0.0003441
0.0093583 0.0003327
0.009364 0.0003216
0.0093696 0.0003105
0.0093752 0.0002982
0.0093809 0.0002865
0.0093865 0.0002752
0.0093921 0.0002642
0.0093977 0.000253
0.0094034 0.0002424
0.009409 0.0002321
0.0094146 0.0002224
0.0094203 0.000213
0.0094259 0.0002041
0.0094315 0.0001955
0.0094371 0.0001874
0.0094428 0.0001798
0.0094484 0.0001726
0.009454 0.0001656
0.0094597 0.000159
0.0094653 0.0001529
0.0094709 0.000147
0.0094765 0.0001413
0.0094822 0.0001359
0.0094878 0.0001307
0.0094934 0.0001257
0.0094991 0.000121
0.0095047 0.0001163
0.0095103 0.0001118
0.0095159 0.0001075
0.0095216 0.0001033
0.0095272 9.93e-05
0.0095328 9.53e-05
0.0095385 9.15e-05
0.0095441 8.78e-05
0.0095497 8.43e-05
0.0095553 8.09e-05
0.009561 7.77e-05
0.0095666 7.46e-05
0.0095722 7.16e-05
0.0095779 6.89e-05
0.0095835 6.63e-05
0.0095891 6.38e-05
0.0095947 6.15e-05
0.0096004 5.95e-05
0.009606 5.77e-05
0.0096116 5.58e-05
0.0096173 5.41e-05
0.0096229 5.29e-05
0.0096285 5.16e-05
0.0096341 5.04e-05
0.0096398 4.93e-05
0.0096454 4.87e-05
0.009651 4.8e-05
0.0096567 4.74e-05
0.0096623 4.68e-05
0.0096679 4.65e-05
0.0096735 4.63e-05
0.0096792 4.6e-05
0.0096848 4.58e-05
0.0096904 4.59e-05
0.0096961 4.59e-05
0.0097017 4.6e-05
0.0097073 4.61e-05
0.0097129 4.63e-05
0.0097186 4.65e-05
0.0097242 4.67e-05
0.0097298 4.69e-05
0.0097355 4.71e-05
0.0097411 4.74e-05
0.0097467 4.76e-05
0.0097523 4.79e-05
0.009758 4.81e-05
0.0097636 4.83e-05
0.0097692 4.85e-05
0.0097749 4.88e-05
0.0097805 4.9e-05
0.0097861 4.92e-05
0.0097917 4.94e-05
0.0097974 4.96e-05
0.009803 4.98e-05
0.0098086 5.01e-05
0.0098143 5.04e-05
0.0098199 5.06e-05
0.0098255 5.11e-05
0.0098311 5.16e-05
0.0098368 5.2e-05
0.0098424 5.25e-05
0.009848 5.33e-05
0.0098537 5.42e-05
0.0098593 5.5e-05
0.0098649 5.59e-05
0.0098705 5.72e-05
0.0098762 5.85e-05
0.0098818 5.98e-05
0.0098874 6.12e-05
0.0098931 6.3e-05
0.0098987 6.49e-05
0.0099043 6.68e-05
0.0099099 6.87e-05
0.0099156 7.1e-05
0.0099212 7.34e-05
0.0099268 7.59e-05
0.0099325 7.84e-05
0.0099381 8.11e-05
0.0099437 8.38e-05
0.0099493 8.67e-05
0.009955 8.96e-05
0.0099606 9.24e-05
0.0099662 9.53e-05
0.0099719 9.83e-05
0.0099775 0.0001013
0.0099831 0.0001039
0.0099887 0.0001066
0.0099944 0.0001093
0.01 0.0001121
