0.001 0
0.0010056 0
0.0010113 0
0.0010169 0
0.0010225 0
0.0010281 0
0.0010338 0
0.0010394 0
0.001045 0
0.0010507 0
0.0010563 0
0.0010619 0
0.0010675 0
0.0010732 0
0.0010788 0
0.0010844 0
0.0010901 0
0.0010957 0
0.0011013 0
0.0011069 0
0.0011126 0
0.0011182 0
0.0011238 0
0.0011295 0
0.0011351 0
0.0011407 0
0.0011463 0
0.001152 0
0.0011576 0
0.0011632 0
0.0011689 0
0.0011745 0
0.0011801 0
0.0011857 0
0.0011914 0
0.001197 0
0.0012026 0
0.0012083 0
0.0012139 0
0.0012195 0
0.0012251 0
0.0012308 0
0.0012364 0
0.001242 0
0.0012477 0
0.0012533 0
0.0012589 0
0.0012645 0
0.0012702 0
0.0012758 0
0.0012814 0
0.0012871 0
0.0012927 0
0.0012983 0
0.0013039 0
0.0013096 0
0.0013152 0
0.0013208 0
0.0013265 0
0.0013321 0
0.0013377 0
0.0013433 0
0.001349 0
0.0013546 0
0.0013602 0
0.0013659 0
0.0013715 0
0.0013771 0
0.0013827 0
0.0013884 0
0.001394 0
0.0013996 0
0.0014053 0
0.0014109 0
0.0014165 0
0.0014221 0
0.0014278 0
0.0014334 0
0.001439 0
0.0014447 0
0.0014503 0
0.0014559 0
0.0014615 0
0.0014672 0
0.0014728 0
0.0014784 0
0.0014841 0
0.0014897 0
0.0014953 0
0.0015009 0
0.0015066 0
0.0015122 0
0.0015178 0
0.0015235 0
0.0015291 0
0.0015347 0
0.0015403 0
0.001546 0
0.0015516 0
0.0015572 0
0.0015629 0
0.0015685 0
0.0015741 0
0.0015797 0
0.0015854 0
0.001591 0
0.0015966 0
0.0016023 0
0.0016079 0
0.0016135 0
0.0016191 0
0.0016248 0
0.0016304 0
0.001636 0
0.0016417 0
0.0016473 0
0.0016529 0
0.0016585 0
0.0016642 0
0.0016698 0
0.0016754 0
0.0016811 0
0.0016867 0
0.0016923 0
0.0016979 0
0.0017036 0
0.0017092 0
0.0017148 0
0.0017205 0
0.0017261 0
0.0017317 0
0.0017373 0
0.001743 0
0.0017486 0
0.0017542 0
0.0017598 0
0.0017655 0
0.0017711 0
0.0017767 0
0.0017824 0
0.001788 0
0.0017936 0
0.0017992 0
0.0018049 0
0.0018105 0
0.0018161 0
0.0018218 0
0.0018274 0
0.001833 0
0.0018386 0
0.0018443 0
0.0018499 0
0.0018555 0
0.0018612 0
0.0018668 0
0.0018724 0
0.001878 0
0.0018837 0
0.0018893 0
0.0018949 0
0.0019006 0
0.0019062 0
0.0019118 0
0.0019174 0
0.0019231 0
0.0019287 0
0.0019343 0
0.00194 0
0.0019456 0
0.0019512 0
0.0019568 0
0.0019625 0
0.0019681 0
0.0019737 0
0.0019794 0
0.001985 0
0.0019906 0
0.0019962 0
0.0020019 0
0.0020075 0
0.0020131 0
0.0020188 0
0.0020244 0
0.00203 0
0.0020356 0
0.0020413 0
0.0020469 0
0.0020525 0
0.0020582 0
0.0020638 0
0.0020694 0
0.002075 0
0.0020807 0
0.0020863 0
0.0020919 0
0.0020976 0
0.0021032 0
0.0021088 0
0.0021144 0
0.0021201 0
0.0021257 0
0.0021313 0
0.002137 0
0.0021426 0
0.0021482 0
0.0021538 0
0.0021595 0
0.0021651 0
0.0021707 0
0.0021764 0
0.002182 0
0.0021876 0
0.0021932 0
0.0021989 0
0.0022045 0
0.0022101 0
0.0022158 0
0.0022214 0
0.002227 0
0.0022326 0
0.0022383 0
0.0022439 0
0.0022495 0
0.0022552 0
0.0022608 0
0.0022664 0
0.002272 0
0.0022777 0
0.0022833 0
0.0022889 0
0.0022946 0
0.0023002 0
0.0023058 0
0.0023114 0
0.0023171 0
0.0023227 0
0.0023283 0
0.002334 0
0.0023396 0
0.0023452 0
0.0023508 0
0.0023565 0
0.0023621 0
0.0023677 0
0.0023734 0
0.002379 0
0.0023846 0
0.0023902 0
0.0023959 0
0.0024015 0
0.0024071 0
0.0024128 0
0.0024184 0
0.002424 0
0.0024296 0
0.0024353 0
0.0024409 0
0.0024465 0
0.0024522 0
0.0024578 0
0.0024634 0
0.002469 0
0.0024747 0
0.0024803 0
0.0024859 0
0.0024916 0
0.0024972 0
0.0025028 0
0.0025084 0
0.0025141 0
0.0025197 0
0.0025253 0
0.002531 0
0.0025366 0
0.0025422 0
0.0025478 0
0.0025535 0
0.0025591 0
0.0025647 0
0.0025704 0
0.002576 0
0.0025816 0
0.0025872 0
0.0025929 0
0.0025985 0
0.0026041 0
0.0026098 0
0.0026154 0
0.002621 0
0.0026266 0
0.0026323 0
0.0026379 0
0.0026435 0
0.0026492 0
0.0026548 0
0.0026604 0
0.002666 0
0.0026717 0
0.0026773 0
0.0026829 0
0.0026886 0
0.0026942 0
0.0026998 0
0.0027054 0
0.0027111 0
0.0027167 0
0.0027223 0
0.002728 0
0.0027336 0
0.0027392 0
0.0027448 0
0.0027505 0
0.0027561 0
0.0027617 0
0.0027674 0
0.002773 0
0.0027786 0
0.0027842 0
0.0027899 0
0.0027955 0
0.0028011 0
0.0028068 0
0.0028124 0
0.002818 0
0.0028236 0
0.0028293 0
0.0028349 0
0.0028405 0
0.0028462 0
0.0028518 0
0.0028574 0
0.002863 0
0.0028687 0
0.0028743 0
0.0028799 0
0.0028856 0
0.0028912 0
0.0028968 0
0.0029024 0
0.0029081 0
0.0029137 0
0.0029193 0
0.002925 0
0.0029306 0
0.0029362 0
0.0029418 0
0.0029475 0
0.0029531 0
0.0029587 0
0.0029644 0
0.00297 0
0.0029756 0
0.0029812 0
0.0029869 0
0.0029925 0
0.0029981 0
0.0030038 0
0.0030094 0
0.003015 0
0.0030206 0
0.0030263 0
0.0030319 0
0.0030375 0
0.0030432 0
0.0030488 0
0.0030544 0
0.00306 0
0.0030657 0
0.0030713 0
0.0030769 0
0.0030826 0
0.0030882 0
0.0030938 0
0.0030994 0
0.0031051 0
0.0031107 0
0.0031163 0
0.003122 0
0.0031276 0
0.0031332 0
0.0031388 0
0.0031445 0
0.0031501 0
0.0031557 0
0.0031614 0
0.003167 0
0.0031726 0
0.0031782 0
0.0031839 0
0.0031895 0
0.0031951 0
0.0032008 0
0.0032064 0
0.003212 0
0.0032176 0
0.0032233 0
0.0032289 0
0.0032345 0
0.0032402 0
0.0032458 0
0.0032514 0
0.003257 0
0.0032627 0
0.0032683 0
0.0032739 0
0.0032795 0
0.0032852 0
0.0032908 0
0.0032964 0
0.0033021 0
0.0033077 0
0.0033133 0
0.0033189 0
0.0033246 0
0.0033302 0
0.0033358 0
0.0033415 0
0.0033471 0
0.0033527 0
0.0033583 0
0.003364 0
0.0033696 0
0.0033752 0
0.0033809 0
0.0033865 0
0.0033921 0
0.0033977 0
0.0034034 0
0.003409 0
0.0034146 0
0.0034203 0
0.0034259 0
0.0034315 0
0.0034371 0
0.0034428 0
0.0034484 0
0.003454 0
0.0034597 0
0.0034653 0
0.0034709 0
0.0034765 0
0.0034822 0
0.0034878 0
0.0034934 0
0.0034991 0
0.0035047 0
0.0035103 0
0.0035159 0
0.0035216 0
0.0035272 0
0.0035328 0
0.0035385 0
0.0035441 0
0.0035497 0
0.0035553 0
0.003561 0
0.0035666 0
0.0035722 0
0.0035779 0
0.0035835 0
0.0035891 0
0.0035947 0
0.0036004 0
0.003606 0
0.0036116 0
0.0036173 0
0.0036229 0
0.0036285 0
0.0036341 0
0.0036398 0
0.0036454 0
0.003651 0
0.0036567 0
0.0036623 0
0.0036679 0
0.0036735 0
0.0036792 0
0.0036848 0
0.0036904 0
0.0036961 0
0.0037017 0
0.0037073 0
0.0037129 0
0.0037186 0
0.0037242 0
0.0037298 0
0.0037355 0
0.0037411 0
0.0037467 0
0.0037523 0
0.003758 0
0.0037636 0
0.0037692 0
0.0037749 0
0.0037805 0
0.0037861 0
0.0037917 0
0.0037974 0
0.003803 0
0.0038086 0
0.0038143 0
0.0038199 0
0.0038255 0
0.0038311 0
0.0038368 0
0.0038424 0
0.003848 0
0.0038537 1e-07
0.0038593 1e-07
0.0038649 1e-07
0.0038705 1e-07
0.0038762 1e-07
0.0038818 1e-07
0.0038874 1e-07
0.0038931 1e-07
0.0038987 1e-07
0.0039043 1e-07
0.0039099 2e-07
0.0039156 2e-07
0.0039212 2e-07
0.0039268 2e-07
0.0039325 2e-07
0.0039381 2e-07
0.0039437 2e-07
0.0039493 3e-07
0.003955 3e-07
0.0039606 3e-07
0.0039662 3e-07
0.0039719 3e-07
0.0039775 4e-07
0.0039831 4e-07
0.0039887 4e-07
0.0039944 4e-07
0.004 4e-07
0.0040056 5e-07
0.0040113 5e-07
0.0040169 5e-07
0.0040225 5e-07
0.0040281 5e-07
0.0040338 6e-07
0.0040394 6e-07
0.004045 6e-07
0.0040507 6e-07
0.0040563 6e-07
0.0040619 7e-07
0.0040675 7e-07
0.0040732 8e-07
0.0040788 8e-07
0.0040844 8e-07
0.0040901 9e-07
0.0040957 1e-06
0.0041013 1e-06
0.0041069 1.1e-06
0.0041126 1.2e-06
0.0041182 1.3e-06
0.0041238 1.4e-06
0.0041295 1.5e-06
0.0041351 1.7e-06
0.0041407 1.9e-06
0.0041463 2.1e-06
0.004152 2.4e-06
0.0041576 2.6e-06
0.0041632 3e-06
0.0041689 3.4e-06
0.0041745 3.9e-06
0.0041801 4.5e-06
0.0041857 5.2e-06
0.0041914 6.2e-06
0.004197 7.2e-06
0.0042026 8.5e-06
0.0042083 1.01e-05
0.0042139 1.21e-05
0.0042195 1.45e-05
0.0042251 1.74e-05
0.0042308 2.11e-05
0.0042364 2.56e-05
0.004242 3.1e-05
0.0042477 3.76e-05
0.0042533 4.57e-05
0.0042589 5.57e-05
0.0042645 6.78e-05
0.0042702 8.26e-05
0.0042758 0.0001008
0.0042814 0.0001232
0.0042871 0.0001504
0.0042927 0.0001837
0.0042983 0.0002248
0.0043039 0.0002752
0.0043096 0.0003368
0.0043152 0.0004123
0.0043208 0.0005033
0.0043265 0.0006143
0.0043321 0.0007497
0.0043377 0.0009149
0.0043433 0.0011073
0.004349 0.0013387
0.0043546 0.0016184
0.0043602 0.0019566
0.0043659 0.0023444
0.0043715 0.0028055
0.0043771 0.0033573
0.0043827 0.0040177
0.0043884 0.00478
0.004394 0.0056822
0.0043996 0.0067547
0.0044053 0.0080295
0.0044109 0.0094799
0.0044165 0.0111801
0.0044221 0.0131854
0.0044278 0.0155503
0.0044334 0.0180646
0.004439 0.0209327
0.0044447 0.0242562
0.0044503 0.0281074
0.0044559 0.0318831
0.0044615 0.0360299
0.0044672 0.0407159
0.0044728 0.0460115
0.0044784 0.0512595
0.0044841 0.0569535
0.0044897 0.0632801
0.0044953 0.0703094
0.0045009 0.078248
0.0045066 0.0871113
0.0045122 0.0969786
0.0045178 0.1079636
0.0045235 0.1213448
0.0045291 0.1366568
0.0045347 0.1539009
0.0045403 0.173321
0.004546 0.1949436
0.0045516 0.2192023
0.0045572 0.2464798
0.0045629 0.2771517
0.0045685 0.3048372
0.0045741 0.3335796
0.0045797 0.365032
0.0045854 0.39945
0.004591 0.4251423
0.0045966 0.4494444
0.0046023 0.4751355
0.0046079 0.5022952
0.0046135 0.5282848
0.0046191 0.5548921
0.0046248 0.5828394
0.0046304 0.6121943
0.004636 0.6612512
0.0046417 0.7195817
0.0046473 0.7830576
0.0046529 0.8521329
0.0046585 0.9678025
0.0046642 1.1123543
0.0046698 1.2784964
0.0046754 1.4694537
0.0046811 1.732637
0.0046867 2.0582158
0.0046923 2.444974
0.0046979 2.9044077
0.0047036 3.4150002
0.0047092 4.0028691
0.0047148 4.6919355
0.0047205 5.4996201
0.0047261 6.249687
0.0047317 7.0326799
0.0047373 7.9137703
0.004743 8.9052481
0.0047486 9.85024
0.0047542 10.8339097
0.0047598 11.915811
0.0047655 13.1057538
0.0047711 14.6382056
0.0047767 16.436539
0.0047824 18.4558014
0.004788 20.7231343
0.0047936 24.0981401
0.0047992 28.375411
0.0048049 33.411871
0.0048105 39.3422715
0.0048161 47.3590492
0.0048218 57.4782852
0.0048274 69.7597044
0.004833 84.6653017
0.0048386 101.4227601
0.0048443 120.8870403
0.0048499 144.0867563
0.0048555 171.7387842
0.0048612 197.1390963
0.0048668 222.9159591
0.0048724 252.0632678
0.004878 285.021724
0.0048837 311.6703056
0.0048893 336.1056401
0.0048949 362.4567349
0.0049006 390.8737878
0.0049062 415.5352879
0.0049118 439.044693
0.0049174 463.8841708
0.0049231 490.1289716
0.0049287 516.370018
0.0049343 543.3185296
0.00494 571.6734402
0.0049456 601.5081476
0.0049512 627.51385
0.0049568 652.0667056
0.0049625 677.5802456
0.0049681 704.0920588
0.0049737 715.1755642
0.0049794 718.5761879
0.004985 721.9929813
0.0049906 725.4260215
0.0049962 707.9198851
0.0050019 680.9444463
0.0050075 654.9969123
0.0050131 630.0381147
0.0050188 593.3682615
0.0050244 552.8312139
0.00503 515.0635295
0.0050356 479.8760142
0.0050413 443.1623761
0.0050469 407.3515146
0.0050525 374.4344407
0.0050582 344.1773146
0.0050638 314.4863509
0.0050694 286.4228047
0.005075 260.863541
0.0050807 237.5850871
0.0050863 213.4024488
0.0050919 190.1852998
0.0050976 169.4940637
0.0051032 151.0539335
0.0051088 131.7687795
0.0051144 113.5193045
0.0051201 97.7973124
0.0051257 84.2527564
0.0051313 71.3443884
0.005137 59.7900056
0.0051426 50.1068809
0.0051482 41.9919598
0.0051538 35.0491394
0.0051595 29.1806832
0.0051651 24.2948126
0.0051707 20.2270082
0.0051764 16.9046599
0.005182 14.1626584
0.0051876 11.8654202
0.0051932 9.940803
0.0051989 8.3319652
0.0052045 6.985504
0.0052101 5.8566334
0.0052158 4.9101904
0.0052214 4.1029473
0.005227 3.4205863
0.0052326 2.8517087
0.0052383 2.3774412
0.0052439 1.9952602
0.0052495 1.6823784
0.0052552 1.4185603
0.0052608 1.1961123
0.0052664 1.0356982
0.005272 0.9142925
0.0052777 0.8071181
0.0052833 0.7125068
0.0052889 0.6516382
0.0052946 0.6119956
0.0053002 0.5747646
0.0053058 0.5397986
0.0053114 0.521061
0.0053171 0.5137595
0.0053227 0.5065603
0.0053283 0.4994619
0.005334 0.5013076
0.0053396 0.5103519
0.0053452 0.5195594
0.0053508 0.5289331
0.0053565 0.5470513
0.0053621 0.5731855
0.0053677 0.6005683
0.0053734 0.6292592
0.005379 0.6697713
0.0053846 0.7224533
0.0053902 0.7792792
0.0053959 0.8405748
0.0054015 0.9153101
0.0054071 1.0049579
0.0054128 1.103386
0.0054184 1.2114545
0.005424 1.3304175
0.0054296 1.4613689
0.0054353 1.6052098
0.0054409 1.7632088
0.0054465 1.9283609
0.0054522 2.100498
0.0054578 2.2880012
0.0054634 2.4922419
0.005469 2.7030595
0.0054747 2.9196776
0.0054803 3.153655
0.0054859 3.406383
0.0054916 3.6630703
0.0054972 3.921916
0.0055028 4.1990527
0.0055084 4.4957729
0.0055141 4.7820463
0.0055197 5.0528508
0.0055253 5.3389909
0.005531 5.6413349
0.0055366 5.9158493
0.0055422 6.1547882
0.0055478 6.4033778
0.0055535 6.6620078
0.0055591 6.8960375
0.0055647 7.0993822
0.0055704 7.3087231
0.005576 7.5242367
0.0055816 7.7359243
0.0055872 7.9419531
0.0055929 8.153469
0.0055985 8.3706182
0.0056041 8.5886976
0.0056098 8.8067599
0.0056154 9.0303586
0.005621 9.2596345
0.0056266 9.4585621
0.0056323 9.6183355
0.0056379 9.7808078
0.0056435 9.9460245
0.0056492 10.0475887
0.0056548 10.0691195
0.0056604 10.0906964
0.005666 10.1123196
0.0056717 10.0944362
0.0056773 10.0272813
0.0056829 9.9605732
0.0056886 9.8943088
0.0056942 9.8618811
0.0056998 9.87277
0.0057054 9.883671
0.0057111 9.894584
0.0057167 9.9992055
0.0057223 10.2325773
0.005728 10.4713958
0.0057336 10.7157881
0.0057392 11.0610515
0.0057448 11.5539039
0.0057505 12.0687165
0.0057561 12.6064678
0.0057617 13.1907444
0.0057674 13.8356536
0.005773 14.5120932
0.0057786 15.2216045
0.0057842 15.9016487
0.0057899 16.5145089
0.0057955 17.1509891
0.0058011 17.8119996
0.0058068 18.4591539
0.0058124 19.0684587
0.005818 19.6978757
0.0058236 20.3480686
0.0058293 21.1476224
0.0058349 22.1872628
0.0058405 23.2780131
0.0058462 24.4223858
0.0058518 25.9474204
0.0058574 28.1310159
0.005863 30.4983712
0.0058687 33.0649503
0.0058743 36.2273389
0.0058799 40.3927447
0.0058856 45.0370873
0.0058912 50.2154346
0.0058968 56.0972028
0.0059024 62.8753086
0.0059081 70.4723986
0.0059137 78.9874287
0.0059193 88.0873461
0.005925 97.3649588
0.0059306 107.6197162
0.0059362 118.9545342
0.0059418 130.7547481
0.0059475 142.2719305
0.0059531 154.8035732
0.0059587 168.4390321
0.0059644 182.948749
0.00597 198.038805
0.0059756 214.3735254
0.0059812 232.0555731
0.0059869 251.4250118
0.0059925 272.8969103
0.0059981 296.2025263
0.0060038 321.4984606
0.0060094 348.7367308
0.006015 377.8049365
0.0060206 409.2960604
0.0060263 443.4120598
0.0060319 478.2710022
0.0060375 511.1598885
0.0060432 546.310419
0.0060488 583.8781183
0.0060544 620.1418027
0.00606 649.7999581
0.0060657 680.8765088
0.0060713 713.4392891
0.0060769 743.9126532
0.0060826 767.2225965
0.0060882 791.2629393
0.0060938 816.0565681
0.0060994 839.449137
0.0061051 858.3257601
0.0061107 877.6268603
0.0061163 897.3619827
0.006122 915.3139178
0.0061276 928.1726713
0.0061332 941.2120704
0.0061388 954.4346532
0.0061445 963.2646337
0.0061501 960.7199189
0.0061557 958.1819267
0.0061614 955.6506392
0.006167 946.8969916
0.0061726 922.3971613
0.0061782 898.5312348
0.0061839 875.2828108
0.0061895 848.3406224
0.0061951 811.1146551
0.0062008 775.5221976
0.0062064 741.4915698
0.006212 708.2475814
0.0062176 674.6077026
0.0062233 642.5656286
0.0062289 612.045468
0.0062345 583.8538809
0.0062402 559.4094426
0.0062458 535.9884292
0.0062514 513.5479925
0.006257 491.6967681
0.0062627 469.7603825
0.0062683 448.8026591
0.0062739 428.7799361
0.0062795 407.3568502
0.0062852 380.2061932
0.0062908 354.8651491
0.0062964 331.2131056
0.0063021 306.864445
0.0063077 277.4851867
0.0063133 250.9187039
0.0063189 226.8957011
0.0063246 204.5693806
0.0063302 182.5846268
0.0063358 162.9625404
0.0063415 145.4492091
0.0063471 130.361621
0.0063527 118.6032053
0.0063583 107.9053803
0.006364 98.1724826
0.0063696 89.9711452
0.0063752 84.7407349
0.0063809 79.814391
0.0063865 75.1744366
0.0063921 71.0282406
0.0063977 67.9481911
0.0064034 65.0017041
0.006409 62.1829877
0.0064146 59.2319621
0.0064203 55.4340409
0.0064259 51.8796404
0.0064315 48.5531461
0.0064371 45.1107565
0.0064428 40.6164203
0.0064484 36.5698501
0.006454 32.9264352
0.0064597 29.5605158
0.0064653 26.1928621
0.0064709 23.2088651
0.0064765 20.5648171
0.0064822 18.2932907
0.0064878 16.579457
0.0064934 15.0261862
0.0064991 13.6184359
0.0065047 12.4270697
0.0065103 11.7370813
0.0065159 11.0854032
0.0065216 10.4699081
0.0065272 9.927918
0.0065328 9.6154095
0.0065385 9.3127381
0.0065441 9.0195941
0.0065497 8.7241878
0.0065553 8.3759394
0.006561 8.0415923
0.0065666 7.7205914
0.0065722 7.3843605
0.0065779 6.9039556
0.0065835 6.4548045
0.0065891 6.0348738
0.0065947 5.6294612
0.0066004 5.1756279
0.006606 4.7583815
0.0066116 4.3747725
0.0066173 4.0231655
0.0066229 3.7065793
0.0066285 3.4149055
0.0066341 3.1461837
0.0066398 2.9032193
0.0066454 2.7103405
0.006651 2.5302758
0.0066567 2.362174
0.0066623 2.2091407
0.0066679 2.0949437
0.0066735 1.9866499
0.0066792 1.8839542
0.0066848 1.7898346
0.0066904 1.7270345
0.0066961 1.6664378
0.0067017 1.6079673
0.0067073 1.5551118
0.0067129 1.536182
0.0067186 1.5174827
0.0067242 1.499011
0.0067298 1.4849387
0.0067355 1.5133541
0.0067411 1.5423133
0.0067467 1.5718266
0.0067523 1.6064047
0.006758 1.6936252
0.0067636 1.7855814
0.0067692 1.8825304
0.0067749 1.988837
0.0067805 2.1550771
0.0067861 2.3352126
0.0067917 2.5304051
0.0067974 2.7452479
0.006803 3.0286297
0.0068086 3.341264
0.0068143 3.6861704
0.0068199 4.0716716
0.0068255 4.5845208
0.0068311 5.1619661
0.0068368 5.8121438
0.0068424 6.5566974
0.006848 7.6547405
0.0068537 8.9366718
0.0068593 10.4332867
0.0068649 12.2058906
0.0068705 14.9221448
0.0068762 18.2428642
0.0068818 22.3025644
0.0068874 27.295455
0.0068931 34.3521663
0.0068987 43.2332536
0.0069043 54.4103741
0.0069099 68.4564521
0.0069156 85.2940188
0.0069212 106.2729577
0.0069268 132.4118819
0.0069325 164.8517872
0.0069381 198.4430391
0.0069437 238.8790587
0.0069493 287.5545797
0.006955 346.0208229
0.0069606 406.4310746
0.0069662 477.388086
0.0069719 560.7331696
0.0069775 658.5943232
0.0069831 768.1610889
0.0069887 895.9558833
0.0069944 1045.0112044
0.007 1218.864051
0.0070056 1401.2323028
0.0070113 1610.8867638
0.0070169 1851.9100369
0.0070225 2128.9955706
0.0070281 2343.9399072
0.0070338 2579.7397287
0.0070394 2839.2609587
0.007045 3124.8899654
0.0070507 3247.1973804
0.0070563 3371.3329646
0.0070619 3500.2140698
0.0070675 3634.0221102
0.0070732 3630.5748527
0.0070788 3623.9126587
0.0070844 3617.26269
0.0070901 3610.6249241
0.0070957 3560.5884631
0.0071013 3509.9262682
0.0071069 3459.9849255
0.0071126 3410.7541783
0.0071182 3327.8652566
0.0071238 3245.6881772
0.0071295 3165.5403484
0.0071351 3087.3716605
0.0071407 2917.7581234
0.0071463 2753.3620914
0.007152 2598.2286693
0.0071576 2451.8359714
0.0071632 2213.8843911
0.0071689 1994.1349569
0.0071745 1796.197779
0.0071801 1617.9077801
0.0071857 1420.5584562
0.0071914 1245.2439007
0.007197 1091.5653387
0.0072026 956.8526197
0.0072083 845.4239799
0.0072139 747.4004077
0.0072195 660.7422816
0.0072251 584.131823
0.0072308 528.9773254
0.0072364 479.9683828
0.007242 435.5000439
0.0072477 395.1516289
0.0072533 362.0914143
0.0072589 332.0920493
0.0072645 304.5781393
0.0072702 279.3437637
0.0072758 251.6038213
0.0072814 226.2120747
0.0072871 203.3828519
0.0072927 182.8575443
0.0072983 159.7425318
0.0073039 139.1153542
0.0073096 121.1517157
0.0073152 105.5076795
0.0073208 91.0309829
0.0073265 78.4545254
0.0073321 67.6155783
0.0073377 58.2740945
0.0073433 51.4041087
0.007349 45.4781939
0.0073546 40.2354242
0.0073602 35.597046
0.0073659 32.8442229
0.0073715 30.4788329
0.0073771 28.2837947
0.0073827 26.2468397
0.0073884 25.1318968
0.007394 24.1750804
0.0073996 23.2546916
0.0074053 22.3693437
0.0074109 21.5209853
0.0074165 20.7052952
0.0074221 19.9205215
0.0074278 19.1654923
0.0074334 17.9986096
0.007439 16.834797
0.0074447 15.746238
0.0074503 14.7280666
0.0074559 13.4680867
0.0074615 12.2667638
0.0074672 11.1725961
0.0074728 10.1760258
0.0074784 9.2802114
0.0074841 8.4652874
0.0074897 7.7219245
0.0074953 7.0438385
0.0075009 6.6028395
0.0075066 6.222978
0.0075122 5.8649699
0.0075178 5.527558
0.0075235 5.3869296
0.0075291 5.2867596
0.0075347 5.1884523
0.0075403 5.0919731
0.007546 5.0787084
0.0075516 5.083536
0.0075572 5.0883681
0.0075629 5.0932049
0.0075685 5.0553087
0.0075741 5.007926
0.0075797 4.9609873
0.0075854 4.9144887
0.007591 4.7574938
0.0075966 4.5797915
0.0076023 4.4087267
0.0076079 4.2440516
0.0076135 4.0035346
0.0076191 3.757196
0.0076248 3.5260146
0.0076304 3.309058
0.007636 3.0926985
0.0076417 2.8873155
0.0076473 2.6955718
0.0076529 2.5165616
0.0076585 2.3748275
0.0076642 2.2478026
0.0076698 2.1275721
0.0076754 2.0137725
0.0076811 1.9289416
0.0076867 1.8541175
0.0076923 1.7821958
0.0076979 1.7130639
0.0077036 1.6456634
0.0077092 1.5806374
0.0077148 1.5181807
0.0077205 1.458192
0.0077261 1.3754894
0.0077317 1.2900693
0.0077373 1.209954
0.007743 1.1348139
0.0077486 1.0358681
0.0077542 0.9371265
0.0077598 0.8477972
0.0077655 0.7669829
0.0077711 0.6799332
0.0077767 0.598577
0.0077824 0.5269553
0.007788 0.4639034
0.0077936 0.4050169
0.0077992 0.3525576
0.0078049 0.306893
0.0078105 0.2671431
0.0078161 0.2312874
0.0078218 0.1998428
0.0078274 0.1726732
0.007833 0.1491974
0.0078386 0.1274326
0.0078443 0.1083592
0.0078499 0.0921406
0.0078555 0.0783495
0.0078612 0.0655798
0.0078668 0.0545461
0.0078724 0.0453688
0.007878 0.0377355
0.0078837 0.0310855
0.0078893 0.0255052
0.0078949 0.0209266
0.0079006 0.0171699
0.0079062 0.0141085
0.0079118 0.0116002
0.0079174 0.0095379
0.0079231 0.0078422
0.0079287 0.0064986
0.0079343 0.0054039
0.00794 0.0044936
0.0079456 0.0037367
0.0079512 0.0031371
0.0079568 0.0026453
0.0079625 0.0022306
0.0079681 0.0018809
0.0079737 0.0016048
0.0079794 0.0013769
0.007985 0.0011814
0.0079906 0.0010136
0.0079962 0.0008828
0.0080019 0.0007746
0.0080075 0.0006797
0.0080131 0.0005964
0.0080188 0.0005318
0.0080244 0.0004781
0.00803 0.0004299
0.0080356 0.0003865
0.0080413 0.0003524
0.0080469 0.0003237
0.0080525 0.0002974
0.0080582 0.0002732
0.0080638 0.0002541
0.0080694 0.0002378
0.008075 0.0002226
0.0080807 0.0002084
0.0080863 0.0001972
0.0080919 0.0001879
0.0080976 0.000179
0.0081032 0.0001705
0.0081088 0.0001641
0.0081144 0.0001588
0.0081201 0.0001537
0.0081257 0.0001487
0.0081313 0.000145
0.008137 0.000142
0.0081426 0.000139
0.0081482 0.0001361
0.0081538 0.0001338
0.0081595 0.0001319
0.0081651 0.0001299
0.0081707 0.0001281
0.0081764 0.0001264
0.008182 0.000125
0.0081876 0.0001235
0.0081932 0.0001221
0.0081989 0.0001208
0.0082045 0.0001195
0.0082101 0.0001183
0.0082158 0.0001171
0.0082214 0.000116
0.008227 0.0001149
0.0082326 0.0001139
0.0082383 0.0001129
0.0082439 0.0001119
0.0082495 0.000111
0.0082552 0.0001101
0.0082608 0.0001092
0.0082664 0.0001084
0.008272 0.0001076
0.0082777 0.0001069
0.0082833 0.0001061
0.0082889 0.0001054
0.0082946 0.0001046
0.0083002 0.0001039
0.0083058 0.0001032
0.0083114 0.0001024
0.0083171 0.0001015
0.0083227 0.0001006
0.0083283 9.97e-05
0.008334 9.86e-05
0.0083396 9.74e-05
0.0083452 9.62e-05
0.0083508 9.51e-05
0.0083565 9.39e-05
0.0083621 9.28e-05
0.0083677 9.16e-05
0.0083734 9.05e-05
0.008379 8.98e-05
0.0083846 8.94e-05
0.0083902 8.9e-05
0.0083959 8.86e-05
0.0084015 8.89e-05
0.0084071 8.98e-05
0.0084128 9.07e-05
0.0084184 9.16e-05
0.008424 9.31e-05
0.0084296 9.52e-05
0.0084353 9.73e-05
0.0084409 9.95e-05
0.0084465 0.0001017
0.0084522 0.0001041
0.0084578 0.0001065
0.0084634 0.000109
0.008469 0.000111
0.0084747 0.0001126
0.0084803 0.0001143
0.0084859 0.0001159
0.0084916 0.0001173
0.0084972 0.0001184
0.0085028 0.0001195
0.0085084 0.0001206
0.0085141 0.0001221
0.0085197 0.0001241
0.0085253 0.0001261
0.008531 0.0001282
0.0085366 0.0001313
0.0085422 0.0001356
0.0085478 0.00014
0.0085535 0.0001445
0.0085591 0.00015
0.0085647 0.0001565
0.0085704 0.0001633
0.008576 0.0001704
0.0085816 0.0001775
0.0085872 0.0001844
0.0085929 0.0001915
0.0085985 0.000199
0.0086041 0.0002053
0.0086098 0.0002102
0.0086154 0.0002152
0.008621 0.0002203
0.0086266 0.0002242
0.0086323 0.0002267
0.0086379 0.0002293
0.0086435 0.0002319
0.0086492 0.0002341
0.0086548 0.0002359
0.0086604 0.0002376
0.008666 0.0002394
0.0086717 0.0002413
0.0086773 0.0002434
0.0086829 0.0002455
0.0086886 0.0002476
0.0086942 0.0002493
0.0086998 0.0002507
0.0087054 0.0002521
0.0087111 0.0002535
0.0087167 0.0002538
0.0087223 0.0002526
0.008728 0.0002514
0.0087336 0.0002501
0.0087392 0.0002476
0.0087448 0.0002433
0.0087505 0.000239
0.0087561 0.0002348
0.0087617 0.0002298
0.0087674 0.0002237
0.008773 0.0002177
0.0087786 0.0002119
0.0087842 0.0002059
0.0087899 0.0001995
0.0087955 0.0001933
0.0088011 0.0001873
0.0088068 0.0001812
0.0088124 0.0001749
0.008818 0.0001688
0.0088236 0.0001629
0.0088293 0.0001567
0.0088349 0.0001501
0.0088405 0.0001437
0.0088462 0.0001375
0.0088518 0.000131
0.0088574 0.0001239
0.008863 0.0001171
0.0088687 0.0001107
0.0088743 0.0001042
0.0088799 9.73e-05
0.0088856 9.09e-05
0.0088912 8.49e-05
0.0088968 7.91e-05
0.0089024 7.34e-05
0.0089081 6.82e-05
0.0089137 6.33e-05
0.0089193 5.88e-05
0.008925 5.46e-05
0.0089306 5.07e-05
0.0089362 4.71e-05
0.0089418 4.37e-05
0.0089475 4.06e-05
0.0089531 3.78e-05
0.0089587 3.51e-05
0.0089644 3.25e-05
0.00897 3e-05
0.0089756 2.77e-05
0.0089812 2.56e-05
0.0089869 2.36e-05
0.0089925 2.15e-05
0.0089981 1.96e-05
0.0090038 1.78e-05
0.0090094 1.62e-05
0.009015 1.46e-05
0.0090206 1.32e-05
0.0090263 1.19e-05
0.0090319 1.08e-05
0.0090375 9.7e-06
0.0090432 8.8e-06
0.0090488 7.9e-06
0.0090544 7.2e-06
0.00906 6.6e-06
0.0090657 6e-06
0.0090713 5.5e-06
0.0090769 5.1e-06
0.0090826 4.7e-06
0.0090882 4.4e-06
0.0090938 4.1e-06
0.0090994 3.8e-06
0.0091051 3.5e-06
0.0091107 3.3e-06
0.0091163 3.1e-06
0.009122 2.9e-06
0.0091276 2.7e-06
0.0091332 2.5e-06
0.0091388 2.3e-06
0.0091445 2.1e-06
0.0091501 2e-06
0.0091557 1.8e-06
0.0091614 1.7e-06
0.009167 1.5e-06
0.0091726 1.4e-06
0.0091782 1.3e-06
0.0091839 1.2e-06
0.0091895 1.1e-06
0.0091951 1.1e-06
0.0092008 1e-06
0.0092064 9e-07
0.009212 9e-07
0.0092176 8e-07
0.0092233 8e-07
0.0092289 7e-07
0.0092345 7e-07
0.0092402 7e-07
0.0092458 6e-07
0.0092514 6e-07
0.009257 6e-07
0.0092627 6e-07
0.0092683 6e-07
0.0092739 5e-07
0.0092795 5e-07
0.0092852 5e-07
0.0092908 5e-07
0.0092964 5e-07
0.0093021 5e-07
0.0093077 4e-07
0.0093133 4e-07
0.0093189 4e-07
0.0093246 4e-07
0.0093302 4e-07
0.0093358 4e-07
0.0093415 4e-07
0.0093471 4e-07
0.0093527 4e-07
0.0093583 4e-07
0.009364 4e-07
0.0093696 4e-07
0.0093752 4e-07
0.0093809 4e-07
0.0093865 4e-07
0.0093921 4e-07
0.0093977 4e-07
0.0094034 4e-07
0.009409 4e-07
0.0094146 4e-07
0.0094203 4e-07
0.0094259 4e-07
0.0094315 5e-07
0.0094371 5e-07
0.0094428 5e-07
0.0094484 6e-07
0.009454 6e-07
0.0094597 7e-07
0.0094653 8e-07
0.0094709 1e-06
0.0094765 1.1e-06
0.0094822 1.3e-06
0.0094878 1.5e-06
0.0094934 1.7e-06
0.0094991 2e-06
0.0095047 2.4e-06
0.0095103 2.8e-06
0.0095159 3.3e-06
0.0095216 3.8e-06
0.0095272 4.4e-06
0.0095328 5.2e-06
0.0095385 6.2e-06
0.0095441 7.2e-06
0.0095497 8.6e-06
0.0095553 1.06e-05
0.009561 1.31e-05
0.0095666 1.61e-05
0.0095722 2.01e-05
0.0095779 2.65e-05
0.0095835 3.5e-05
0.0095891 4.62e-05
0.0095947 6.11e-05
0.0096004 8.27e-05
0.009606 0.000112
0.0096116 0.0001516
0.0096173 0.0002039
0.0096229 0.0002626
0.0096285 0.0003382
0.0096341 0.0004356
0.0096398 0.0005561
0.0096454 0.0006655
0.009651 0.0007964
0.0096567 0.0009532
0.0096623 0.0011368
0.0096679 0.0013193
0.0096735 0.001531
0.0096792 0.0017768
0.0096848 0.0020634
0.0096904 0.0024092
0.0096961 0.0028129
0.0097017 0.0032844
0.0097073 0.0038281
0.0097129 0.0043912
0.0097186 0.0050371
0.0097242 0.005778
0.0097298 0.0065797
0.0097355 0.0069606
0.0097411 0.0073635
0.0097467 0.0077897
0.0097523 0.0081719
0.009758 0.0078133
0.0097636 0.0074704
0.0097692 0.0071426
0.0097749 0.0068015
0.0097805 0.0061614
0.0097861 0.0055815
0.0097917 0.0050562
0.0097974 0.0045786
0.009803 0.0041243
0.0098086 0.0037151
0.0098143 0.0033464
0.0098199 0.0030137
0.0098255 0.002704
0.0098311 0.0024262
0.0098368 0.0021769
0.0098424 0.0019498
0.009848 0.0016912
0.0098537 0.0014669
0.0098593 0.0012724
0.0098649 0.0011014
0.0098705 0.0009123
0.0098762 0.0007556
0.0098818 0.0006259
0.0098874 0.0005181
0.0098931 0.0004218
0.0098987 0.0003433
0.0099043 0.0002795
0.0099099 0.0002277
0.0099156 0.0001893
0.0099212 0.0001575
0.0099268 0.000131
0.0099325 0.000109
0.0099381 9.4e-05
0.0099437 8.1e-05
0.0099493 6.98e-05
0.009955 6.02e-05
0.0099606 5.3e-05
0.0099662 4.67e-05
0.0099719 4.11e-05
0.0099775 3.62e-05
0.0099831 3.17e-05
0.0099887 2.78e-05
0.0099944 2.43e-05
0.01 2.13e-05
