0.001 0
0.0010056 0
0.0010113 0
0.0010169 0
0.0010225 0
0.0010281 0
0.0010338 0
0.0010394 0
0.001045 0
0.0010507 0
0.0010563 0
0.0010619 0
0.0010675 0
0.0010732 0
0.0010788 0
0.0010844 0
0.0010901 0
0.0010957 0
0.0011013 0
0.0011069 0
0.0011126 0
0.0011182 0
0.0011238 0
0.0011295 0
0.0011351 0
0.0011407 0
0.0011463 0
0.001152 0
0.0011576 0
0.0011632 0
0.0011689 0
0.0011745 0
0.0011801 0
0.0011857 0
0.0011914 0
0.001197 0
0.0012026 0
0.0012083 0
0.0012139 0
0.0012195 0
0.0012251 0
0.0012308 0
0.0012364 0
0.001242 0
0.0012477 0
0.0012533 0
0.0012589 0
0.0012645 0
0.0012702 0
0.0012758 0
0.0012814 0
0.0012871 0
0.0012927 0
0.0012983 0
0.0013039 0
0.0013096 0
0.0013152 0
0.0013208 0
0.0013265 0
0.0013321 0
0.0013377 0
0.0013433 0
0.001349 0
0.0013546 0
0.0013602 0
0.0013659 0
0.0013715 0
0.0013771 0
0.0013827 0
0.0013884 0
0.001394 0
0.0013996 0
0.0014053 0
0.0014109 0
0.0014165 0
0.0014221 0
0.0014278 0
0.0014334 0
0.001439 0
0.0014447 0
0.0014503 0
0.0014559 0
0.0014615 0
0.0014672 0
0.0014728 0
0.0014784 0
0.0014841 0
0.0014897 0
0.0014953 0
0.0015009 0
0.0015066 0
0.0015122 0
0.0015178 0
0.0015235 0
0.0015291 0
0.0015347 0
0.0015403 0
0.001546 0
0.0015516 0
0.0015572 0
0.0015629 0
0.0015685 0
0.0015741 0
0.0015797 0
0.0015854 0
0.001591 0
0.0015966 0
0.0016023 0
0.0016079 0
0.0016135 0
0.0016191 0
0.0016248 0
0.0016304 0
0.001636 0
0.0016417 0
0.0016473 0
0.0016529 0
0.0016585 0
0.0016642 0
0.0016698 0
0.0016754 0
0.0016811 0
0.0016867 0
0.0016923 0
0.0016979 0
0.0017036 0
0.0017092 0
0.0017148 0
0.0017205 0
0.0017261 0
0.0017317 0
0.0017373 0
0.001743 0
0.0017486 0
0.0017542 0
0.0017598 0
0.0017655 0
0.0017711 0
0.0017767 0
0.0017824 0
0.001788 0
0.0017936 0
0.0017992 0
0.0018049 0
0.0018105 0
0.0018161 0
0.0018218 0
0.0018274 0
0.001833 0
0.0018386 0
0.0018443 0
0.0018499 0
0.0018555 0
0.0018612 0
0.0018668 0
0.0018724 0
0.001878 0
0.0018837 0
0.0018893 0
0.0018949 0
0.0019006 0
0.0019062 0
0.0019118 0
0.0019174 0
0.0019231 0
0.0019287 0
0.0019343 0
0.00194 0
0.0019456 0
0.0019512 0
0.0019568 0
0.0019625 0
0.0019681 0
0.0019737 0
0.0019794 0
0.001985 0
0.0019906 0
0.0019962 0
0.0020019 0
0.0020075 0
0.0020131 0
0.0020188 0
0.0020244 0
0.00203 0
0.0020356 0
0.0020413 0
0.0020469 0
0.0020525 0
0.0020582 0
0.0020638 0
0.0020694 0
0.002075 0
0.0020807 0
0.0020863 0
0.0020919 0
0.0020976 0
0.0021032 0
0.0021088 0
0.0021144 0
0.0021201 0
0.0021257 0
0.0021313 0
0.002137 0
0.0021426 0
0.0021482 0
0.0021538 0
0.0021595 0
0.0021651 0
0.0021707 0
0.0021764 0
0.002182 0
0.0021876 0
0.0021932 0
0.0021989 0
0.0022045 0
0.0022101 0
0.0022158 0
0.0022214 0
0.002227 0
0.0022326 0
0.0022383 0
0.0022439 0
0.0022495 0
0.0022552 0
0.0022608 0
0.0022664 0
0.002272 0
0.0022777 0
0.0022833 0
0.0022889 0
0.0022946 0
0.0023002 0
0.0023058 0
0.0023114 0
0.0023171 0
0.0023227 0
0.0023283 0
0.002334 0
0.0023396 0
0.0023452 0
0.0023508 0
0.0023565 0
0.0023621 0
0.0023677 0
0.0023734 0
0.002379 0
0.0023846 0
0.0023902 0
0.0023959 0
0.0024015 0
0.0024071 0
0.0024128 0
0.0024184 0
0.002424 0
0.0024296 0
0.0024353 0
0.0024409 0
0.0024465 0
0.0024522 0
0.0024578 0
0.0024634 0
0.002469 0
0.0024747 0
0.0024803 0
0.0024859 0
0.0024916 0
0.0024972 0
0.0025028 0
0.0025084 0
0.0025141 0
0.0025197 0
0.0025253 0
0.002531 0
0.0025366 0
0.0025422 0
0.0025478 0
0.0025535 0
0.0025591 0
0.0025647 0
0.0025704 0
0.002576 0
0.0025816 0
0.0025872 0
0.0025929 0
0.0025985 0
0.0026041 0
0.0026098 0
0.0026154 0
0.002621 0
0.0026266 0
0.0026323 0
0.0026379 0
0.0026435 0
0.0026492 0
0.0026548 0
0.0026604 0
0.002666 0
0.0026717 0
0.0026773 0
0.0026829 0
0.0026886 0
0.0026942 0
0.0026998 0
0.0027054 0
0.0027111 0
0.0027167 0
0.0027223 0
0.002728 0
0.0027336 0
0.0027392 0
0.0027448 0
0.0027505 0
0.0027561 0
0.0027617 0
0.0027674 0
0.002773 0
0.0027786 0
0.0027842 0
0.0027899 0
0.0027955 0
0.0028011 0
0.0028068 0
0.0028124 0
0.002818 0
0.0028236 0
0.0028293 0
0.0028349 0
0.0028405 0
0.0028462 0
0.0028518 0
0.0028574 0
0.002863 0
0.0028687 0
0.0028743 0
0.0028799 0
0.0028856 0
0.0028912 0
0.0028968 0
0.0029024 0
0.0029081 0
0.0029137 0
0.0029193 0
0.002925 0
0.0029306 0
0.0029362 0
0.0029418 0
0.0029475 0
0.0029531 0
0.0029587 0
0.0029644 0
0.00297 0
0.0029756 0
0.0029812 0
0.0029869 0
0.0029925 0
0.0029981 0
0.0030038 0
0.0030094 0
0.003015 0
0.0030206 0
0.0030263 0
0.0030319 0
0.0030375 0
0.0030432 0
0.0030488 0
0.0030544 0
0.00306 0
0.0030657 0
0.0030713 0
0.0030769 0
0.0030826 0
0.0030882 0
0.0030938 0
0.0030994 0
0.0031051 0
0.0031107 0
0.0031163 0
0.003122 0
0.0031276 0
0.0031332 0
0.0031388 0
0.0031445 0
0.0031501 0
0.0031557 0
0.0031614 0
0.003167 0
0.0031726 0
0.0031782 0
0.0031839 0
0.0031895 0
0.0031951 0
0.0032008 0
0.0032064 0
0.003212 0
0.0032176 0
0.0032233 0
0.0032289 0
0.0032345 0
0.0032402 0
0.0032458 0
0.0032514 0
0.003257 0
0.0032627 0
0.0032683 0
0.0032739 0
0.0032795 0
0.0032852 0
0.0032908 0
0.0032964 0
0.0033021 0
0.0033077 0
0.0033133 0
0.0033189 0
0.0033246 0
0.0033302 0
0.0033358 0
0.0033415 0
0.0033471 0
0.0033527 0
0.0033583 0
0.003364 0
0.0033696 0
0.0033752 0
0.0033809 0
0.0033865 0
0.0033921 0
0.0033977 0
0.0034034 0
0.003409 0
0.0034146 0
0.0034203 0
0.0034259 0
0.0034315 0
0.0034371 0
0.0034428 0
0.0034484 0
0.003454 0
0.0034597 0
0.0034653 0
0.0034709 0
0.0034765 0
0.0034822 0
0.0034878 0
0.0034934 0
0.0034991 0
0.0035047 0
0.0035103 0
0.0035159 0
0.0035216 0
0.0035272 0
0.0035328 0
0.0035385 0
0.0035441 0
0.0035497 0
0.0035553 0
0.003561 0
0.0035666 0
0.0035722 0
0.0035779 0
0.0035835 0
0.0035891 0
0.0035947 0
0.0036004 0
0.003606 0
0.0036116 0
0.0036173 0
0.0036229 0
0.0036285 0
0.0036341 0
0.0036398 0
0.0036454 0
0.003651 0
0.0036567 0
0.0036623 0
0.0036679 0
0.0036735 0
0.0036792 0
0.0036848 0
0.0036904 0
0.0036961 0
0.0037017 0
0.0037073 0
0.0037129 0
0.0037186 0
0.0037242 0
0.0037298 0
0.0037355 0
0.0037411 0
0.0037467 0
0.0037523 0
0.003758 0
0.0037636 0
0.0037692 0
0.0037749 0
0.0037805 0
0.0037861 0
0.0037917 0
0.0037974 0
0.003803 0
0.0038086 0
0.0038143 0
0.0038199 0
0.0038255 0
0.0038311 0
0.0038368 0
0.0038424 0
0.003848 0
0.0038537 0
0.0038593 0
0.0038649 0
0.0038705 0
0.0038762 0
0.0038818 0
0.0038874 0
0.0038931 0
0.0038987 0
0.0039043 0
0.0039099 0
0.0039156 0
0.0039212 0
0.0039268 0
0.0039325 0
0.0039381 0
0.0039437 0
0.0039493 0
0.003955 0
0.0039606 0
0.0039662 0
0.0039719 0
0.0039775 0
0.0039831 0
0.0039887 0
0.0039944 0
0.004 0
0.0040056 0
0.0040113 0
0.0040169 0
0.0040225 0
0.0040281 0
0.0040338 0
0.0040394 0
0.004045 0
0.0040507 0
0.0040563 0
0.0040619 0
0.0040675 0
0.0040732 0
0.0040788 0
0.0040844 0
0.0040901 0
0.0040957 0
0.0041013 0
0.0041069 0
0.0041126 0
0.0041182 0
0.0041238 0
0.0041295 0
0.0041351 0
0.0041407 0
0.0041463 0
0.004152 0
0.0041576 0
0.0041632 0
0.0041689 0
0.0041745 0
0.0041801 0
0.0041857 0
0.0041914 0
0.004197 0
0.0042026 0
0.0042083 0
0.0042139 0
0.0042195 0
0.0042251 0
0.0042308 0
0.0042364 0
0.004242 0
0.0042477 0
0.0042533 0
0.0042589 0
0.0042645 0
0.0042702 0
0.0042758 0
0.0042814 0
0.0042871 0
0.0042927 0
0.0042983 0
0.0043039 0
0.0043096 0
0.0043152 0
0.0043208 0
0.0043265 0
0.0043321 0
0.0043377 0
0.0043433 0
0.004349 0
0.0043546 0
0.0043602 0
0.0043659 0
0.0043715 0
0.0043771 0
0.0043827 0
0.0043884 0
0.004394 0
0.0043996 0
0.0044053 0
0.0044109 0
0.0044165 0
0.0044221 0
0.0044278 0
0.0044334 0
0.004439 0
0.0044447 0
0.0044503 0
0.0044559 0
0.0044615 0
0.0044672 0
0.0044728 0
0.0044784 0
0.0044841 0
0.0044897 0
0.0044953 0
0.0045009 0
0.0045066 0
0.0045122 0
0.0045178 0
0.0045235 0
0.0045291 0
0.0045347 0
0.0045403 0
0.004546 0
0.0045516 0
0.0045572 0
0.0045629 0
0.0045685 0
0.0045741 0
0.0045797 0
0.0045854 0
0.004591 0
0.0045966 0
0.0046023 0
0.0046079 0
0.0046135 0
0.0046191 0
0.0046248 0
0.0046304 0
0.004636 0
0.0046417 0
0.0046473 0
0.0046529 0
0.0046585 0
0.0046642 0
0.0046698 0
0.0046754 0
0.0046811 0
0.0046867 0
0.0046923 0
0.0046979 0
0.0047036 0
0.0047092 0
0.0047148 0
0.0047205 0
0.0047261 0
0.0047317 0
0.0047373 0
0.004743 0
0.0047486 0
0.0047542 0
0.0047598 0
0.0047655 0
0.0047711 0
0.0047767 0
0.0047824 0
0.004788 0
0.0047936 0
0.0047992 0
0.0048049 0
0.0048105 0
0.0048161 0
0.0048218 0
0.0048274 0
0.004833 0
0.0048386 0
0.0048443 0
0.0048499 0
0.0048555 0
0.0048612 0
0.0048668 0
0.0048724 1e-07
0.004878 1e-07
0.0048837 1e-07
0.0048893 1e-07
0.0048949 2e-07
0.0049006 2e-07
0.0049062 3e-07
0.0049118 5e-07
0.0049174 6e-07
0.0049231 9e-07
0.0049287 1.2e-06
0.0049343 1.7e-06
0.00494 2.4e-06
0.0049456 3.3e-06
0.0049512 4.6e-06
0.0049568 6.3e-06
0.0049625 8.7e-06
0.0049681 1.19e-05
0.0049737 1.55e-05
0.0049794 1.96e-05
0.004985 2.48e-05
0.0049906 3.14e-05
0.0049962 3.76e-05
0.0050019 4.38e-05
0.0050075 5.09e-05
0.0050131 5.92e-05
0.0050188 6.78e-05
0.0050244 7.7e-05
0.00503 8.75e-05
0.0050356 9.94e-05
0.0050413 0.000116
0.0050469 0.0001373
0.0050525 0.0001625
0.0050582 0.0001924
0.0050638 0.0002343
0.0050694 0.0002899
0.005075 0.0003585
0.0050807 0.0004435
0.0050863 0.0005405
0.0050919 0.0006534
0.0050976 0.0007898
0.0051032 0.0009547
0.0051088 0.001089
0.0051144 0.0012008
0.0051201 0.0013241
0.0051257 0.0014601
0.0051313 0.0015211
0.005137 0.0015313
0.0051426 0.0015416
0.0051482 0.001552
0.0051538 0.0015353
0.0051595 0.0015022
0.0051651 0.0014698
0.0051707 0.0014382
0.0051764 0.001431
0.005182 0.0014393
0.0051876 0.0014476
0.0051932 0.001456
0.0051989 0.0014896
0.0052045 0.0015412
0.0052101 0.0015946
0.0052158 0.0016499
0.0052214 0.001698
0.005227 0.0017411
0.0052326 0.0017854
0.0052383 0.0018308
0.0052439 0.0018527
0.0052495 0.0018576
0.0052552 0.0018625
0.0052608 0.0018674
0.0052664 0.001886
0.005272 0.0019148
0.0052777 0.001944
0.0052833 0.0019737
0.0052889 0.002078
0.0052946 0.0022482
0.0053002 0.0024323
0.0053058 0.0026315
0.0053114 0.0030118
0.0053171 0.0036005
0.0053227 0.0043042
0.0053283 0.0051455
0.005334 0.0065624
0.0053396 0.0088127
0.0053452 0.0118346
0.0053508 0.0158928
0.0053565 0.0227318
0.0053621 0.0342436
0.0053677 0.0515851
0.0053734 0.0777087
0.005379 0.1229082
0.0053846 0.2025933
0.0053902 0.3339404
0.0053959 0.5504439
0.0054015 0.9249072
0.0054071 1.5804002
0.0054128 2.7004491
0.0054184 4.6142901
0.005424 7.7507337
0.0054296 12.8201421
0.0054353 21.205224
0.0054409 35.0746133
0.0054465 55.7747065
0.0054522 85.5097445
0.0054578 131.0973533
0.0054634 200.9889767
0.005469 296.7876208
0.0054747 422.7989323
0.0054803 602.312646
0.0054859 858.0450323
0.0054916 1185.1706303
0.0054972 1587.942009
0.0055028 2127.5922298
0.0055084 2850.6385437
0.0055141 3669.4184135
0.0055197 4535.1330029
0.0055253 5605.0929701
0.005531 6927.4852983
0.0055366 8092.063199
0.0055422 8910.510555
0.0055478 9811.7373034
0.0055535 10804.1159164
0.0055591 11229.4641777
0.0055647 10967.2170859
0.0055704 10711.094377
0.005576 10460.9530251
0.0055816 9808.2275313
0.0055872 8788.6669249
0.0055929 7875.0891607
0.0055985 7056.4773723
0.0056041 6154.7513396
0.0056098 5205.0310903
0.0056154 4401.8591745
0.005621 3722.6221814
0.0056266 3047.6911203
0.0056323 2401.3813986
0.0056379 1892.1315821
0.0056435 1490.8760126
0.0056492 1123.5555752
0.0056548 802.0855865
0.0056604 572.5940953
0.005666 408.7643557
0.0056717 280.4530558
0.0056773 183.0735252
0.0056829 119.5063307
0.0056886 78.0110782
0.0056942 50.0548771
0.0056998 31.4101673
0.0057054 19.7103392
0.0057111 12.3685261
0.0057167 7.7748816
0.0057223 4.8986033
0.005728 3.0863897
0.0057336 1.9445954
0.0057392 1.2274986
0.0057448 0.7768391
0.0057505 0.4916331
0.0057561 0.3111366
0.0057617 0.195267
0.0057674 0.1211032
0.005773 0.0751073
0.0057786 0.046581
0.0057842 0.0286756
0.0057899 0.0174622
0.0057955 0.0106338
0.0058011 0.0064755
0.0058068 0.0039821
0.0058124 0.0024853
0.005818 0.0015511
0.0058236 0.000968
0.0058293 0.0006215
0.0058349 0.0004171
0.0058405 0.0002799
0.0058462 0.0001878
0.0058518 0.0001308
0.0058574 9.67e-05
0.005863 7.14e-05
0.0058687 5.28e-05
0.0058743 4.05e-05
0.0058799 3.3e-05
0.0058856 2.69e-05
0.0058912 2.19e-05
0.0058968 1.85e-05
0.0059024 1.65e-05
0.0059081 1.48e-05
0.0059137 1.32e-05
0.0059193 1.22e-05
0.005925 1.19e-05
0.0059306 1.16e-05
0.0059362 1.13e-05
0.0059418 1.13e-05
0.0059475 1.18e-05
0.0059531 1.25e-05
0.0059587 1.31e-05
0.0059644 1.4e-05
0.00597 1.55e-05
0.0059756 1.72e-05
0.0059812 1.91e-05
0.0059869 2.13e-05
0.0059925 2.42e-05
0.0059981 2.75e-05
0.0060038 3.13e-05
0.0060094 3.58e-05
0.006015 4.16e-05
0.0060206 4.84e-05
0.0060263 5.62e-05
0.0060319 6.63e-05
0.0060375 8.08e-05
0.0060432 9.84e-05
0.0060488 0.0001198
0.0060544 0.0001488
0.00606 0.0001927
0.0060657 0.0002496
0.0060713 0.0003233
0.0060769 0.0004228
0.0060826 0.0005644
0.0060882 0.0007536
0.0060938 0.0010062
0.0060994 0.0013296
0.0061051 0.0017155
0.0061107 0.0022133
0.0061163 0.0028556
0.006122 0.003602
0.0061276 0.0043027
0.0061332 0.0051396
0.0061388 0.0061394
0.0061445 0.0072277
0.0061501 0.0082051
0.0061557 0.0093146
0.0061614 0.0105741
0.006167 0.0120605
0.0061726 0.0139247
0.0061782 0.016077
0.0061839 0.018562
0.0061895 0.0217244
0.0061951 0.0263739
0.0062008 0.0320185
0.0062064 0.0388711
0.006212 0.0473663
0.0062176 0.0583225
0.0062233 0.0718129
0.0062289 0.0884237
0.0062345 0.1073753
0.0062402 0.1252215
0.0062458 0.1460339
0.0062514 0.1703054
0.006257 0.194398
0.0062627 0.20794
0.0062683 0.2224254
0.0062739 0.2379199
0.0062795 0.2512724
0.0062852 0.254916
0.0062908 0.2586125
0.0062964 0.2623627
0.0063021 0.2663433
0.0063077 0.2709734
0.0063133 0.2756839
0.0063189 0.2804764
0.0063246 0.2865186
0.0063302 0.2968189
0.0063358 0.3074895
0.0063415 0.3185438
0.0063471 0.3286104
0.0063527 0.3339202
0.0063583 0.3393158
0.006364 0.3447986
0.0063696 0.3457222
0.0063752 0.3297167
0.0063809 0.3144522
0.0063865 0.2998944
0.0063921 0.2821306
0.0063977 0.2515617
0.0064034 0.224305
0.006409 0.2000015
0.0064146 0.1771041
0.0064203 0.1524337
0.0064259 0.1311999
0.0064315 0.112924
0.0064371 0.0970041
0.0064428 0.0826284
0.0064484 0.0703831
0.006454 0.0599525
0.0064597 0.0508878
0.0064653 0.0425069
0.0064709 0.0355064
0.0064765 0.0296587
0.0064822 0.0245869
0.0064878 0.0196559
0.0064934 0.0157138
0.0064991 0.0125623
0.0065047 0.0099669
0.0065103 0.0076102
0.0065159 0.0058108
0.0065216 0.0044368
0.0065272 0.0033776
0.0065328 0.0025307
0.0065385 0.0018962
0.0065441 0.0014207
0.0065497 0.0010666
0.0065553 0.0008097
0.006561 0.0006146
0.0065666 0.0004666
0.0065722 0.0003558
0.0065779 0.0002788
0.0065835 0.0002184
0.0065891 0.0001711
0.0065947 0.0001349
0.0066004 0.0001103
0.006606 9.02e-05
0.0066116 7.38e-05
0.0066173 6.08e-05
0.0066229 5.29e-05
0.0066285 4.6e-05
0.0066341 3.99e-05
0.0066398 3.51e-05
0.0066454 3.32e-05
0.006651 3.14e-05
0.0066567 2.97e-05
0.0066623 2.83e-05
0.0066679 2.95e-05
0.0066735 3.07e-05
0.0066792 3.19e-05
0.0066848 3.35e-05
0.0066904 3.81e-05
0.0066961 4.33e-05
0.0067017 4.92e-05
0.0067073 5.64e-05
0.0067129 6.91e-05
0.0067186 8.47e-05
0.0067242 0.0001038
0.0067298 0.000128
0.0067355 0.0001674
0.0067411 0.0002188
0.0067467 0.000286
0.0067523 0.0003753
0.006758 0.000515
0.0067636 0.0007066
0.0067692 0.0009696
0.0067749 0.0013312
0.0067805 0.0018416
0.0067861 0.0025477
0.0067917 0.0035245
0.0067974 0.0048593
0.006803 0.0063927
0.0068086 0.00841
0.0068143 0.0110639
0.0068199 0.014482
0.0068255 0.0175196
0.0068311 0.0211944
0.0068368 0.02564
0.0068424 0.0309219
0.006848 0.0352663
0.0068537 0.0402209
0.0068593 0.0458717
0.0068649 0.0522893
0.0068705 0.0589528
0.0068762 0.0664655
0.0068818 0.0749355
0.0068874 0.0844603
0.0068931 0.0944864
0.0068987 0.1057027
0.0069043 0.1182505
0.0069099 0.1320654
0.0069156 0.1397046
0.0069212 0.1477857
0.0069268 0.1563343
0.0069325 0.1650084
0.0069381 0.1581007
0.0069437 0.1514821
0.0069493 0.1451406
0.006955 0.1388937
0.0069606 0.122629
0.0069662 0.1082689
0.0069719 0.0955904
0.0069775 0.084384
0.0069831 0.0730343
0.0069887 0.0632112
0.0069944 0.0547092
0.007 0.0473508
0.0070056 0.0416318
0.0070113 0.0366035
0.0070169 0.0321826
0.0070225 0.0282955
0.0070281 0.0245689
0.0070338 0.021331
0.0070394 0.0185198
0.007045 0.0160791
0.0070507 0.0130739
0.0070563 0.0106197
0.0070619 0.0086262
0.0070675 0.0070069
0.0070732 0.0052577
0.0070788 0.0039379
0.0070844 0.0029494
0.0070901 0.0022091
0.0070957 0.0015902
0.0071013 0.0011434
0.0071069 0.0008221
0.0071126 0.000591
0.0071182 0.0004277
0.0071238 0.0003095
0.0071295 0.000224
0.0071351 0.0001622
0.0071407 0.0001185
0.0071463 8.67e-05
0.007152 6.34e-05
0.0071576 4.64e-05
0.0071632 3.31e-05
0.0071689 2.36e-05
0.0071745 1.69e-05
0.0071801 1.2e-05
0.0071857 8.2e-06
0.0071914 5.6e-06
0.007197 3.8e-06
0.0072026 2.6e-06
0.0072083 1.7e-06
0.0072139 1.1e-06
0.0072195 7e-07
0.0072251 5e-07
0.0072308 3e-07
0.0072364 2e-07
0.007242 2e-07
0.0072477 1e-07
0.0072533 1e-07
0.0072589 1e-07
0.0072645 0
0.0072702 0
0.0072758 0
0.0072814 0
0.0072871 0
0.0072927 0
0.0072983 0
0.0073039 0
0.0073096 0
0.0073152 0
0.0073208 0
0.0073265 0
0.0073321 0
0.0073377 0
0.0073433 0
0.007349 0
0.0073546 0
0.0073602 0
0.0073659 0
0.0073715 0
0.0073771 0
0.0073827 0
0.0073884 0
0.007394 0
0.0073996 0
0.0074053 0
0.0074109 0
0.0074165 0
0.0074221 0
0.0074278 0
0.0074334 0
0.007439 0
0.0074447 0
0.0074503 0
0.0074559 0
0.0074615 0
0.0074672 0
0.0074728 0
0.0074784 0
0.0074841 0
0.0074897 0
0.0074953 0
0.0075009 0
0.0075066 0
0.0075122 0
0.0075178 0
0.0075235 1e-07
0.0075291 1e-07
0.0075347 1e-07
0.0075403 1e-07
0.007546 2e-07
0.0075516 2e-07
0.0075572 3e-07
0.0075629 3e-07
0.0075685 4e-07
0.0075741 6e-07
0.0075797 7e-07
0.0075854 9e-07
0.007591 1.2e-06
0.0075966 1.5e-06
0.0076023 2e-06
0.0076079 2.5e-06
0.0076135 3.1e-06
0.0076191 3.8e-06
0.0076248 4.7e-06
0.0076304 5.7e-06
0.007636 6.6e-06
0.0076417 7.5e-06
0.0076473 8.5e-06
0.0076529 9.7e-06
0.0076585 1.04e-05
0.0076642 1.1e-05
0.0076698 1.16e-05
0.0076754 1.23e-05
0.0076811 1.27e-05
0.0076867 1.31e-05
0.0076923 1.34e-05
0.0076979 1.38e-05
0.0077036 1.42e-05
0.0077092 1.47e-05
0.0077148 1.52e-05
0.0077205 1.57e-05
0.0077261 1.61e-05
0.0077317 1.65e-05
0.0077373 1.7e-05
0.007743 1.74e-05
0.0077486 1.72e-05
0.0077542 1.68e-05
0.0077598 1.64e-05
0.0077655 1.61e-05
0.0077711 1.48e-05
0.0077767 1.34e-05
0.0077824 1.21e-05
0.007788 1.09e-05
0.0077936 9.5e-06
0.0077992 8.1e-06
0.0078049 6.9e-06
0.0078105 5.8e-06
0.0078161 4.9e-06
0.0078218 4.1e-06
0.0078274 3.5e-06
0.007833 2.9e-06
0.0078386 2.5e-06
0.0078443 2.1e-06
0.0078499 1.8e-06
0.0078555 1.5e-06
0.0078612 1.3e-06
0.0078668 1.1e-06
0.0078724 1e-06
0.007878 8e-07
0.0078837 7e-07
0.0078893 6e-07
0.0078949 5e-07
0.0079006 4e-07
0.0079062 3e-07
0.0079118 3e-07
0.0079174 2e-07
0.0079231 2e-07
0.0079287 2e-07
0.0079343 1e-07
0.00794 1e-07
0.0079456 1e-07
0.0079512 1e-07
0.0079568 1e-07
0.0079625 1e-07
0.0079681 0
0.0079737 0
0.0079794 0
0.007985 0
0.0079906 0
0.0079962 0
0.0080019 0
0.0080075 0
0.0080131 0
0.0080188 0
0.0080244 0
0.00803 0
0.0080356 0
0.0080413 0
0.0080469 0
0.0080525 0
0.0080582 1e-07
0.0080638 1e-07
0.0080694 1e-07
0.008075 1e-07
0.0080807 1e-07
0.0080863 2e-07
0.0080919 2e-07
0.0080976 3e-07
0.0081032 3e-07
0.0081088 5e-07
0.0081144 6e-07
0.0081201 8e-07
0.0081257 1.1e-06
0.0081313 1.5e-06
0.008137 2.1e-06
0.0081426 3e-06
0.0081482 4.2e-06
0.0081538 6e-06
0.0081595 8.7e-06
0.0081651 1.27e-05
0.0081707 1.84e-05
0.0081764 2.65e-05
0.008182 3.81e-05
0.0081876 5.48e-05
0.0081932 7.87e-05
0.0081989 0.0001079
0.0082045 0.0001435
0.0082101 0.0001908
0.0082158 0.0002537
0.0082214 0.0003166
0.008227 0.0003781
0.0082326 0.0004517
0.0082383 0.0005395
0.0082439 0.000617
0.0082495 0.0006842
0.0082552 0.0007588
0.0082608 0.0008415
0.0082664 0.0009177
0.008272 0.0009885
0.0082777 0.0010647
0.0082833 0.0011469
0.0082889 0.0012122
0.0082946 0.0012633
0.0083002 0.0013165
0.0083058 0.001372
0.0083114 0.001368
0.0083171 0.0013182
0.0083227 0.0012703
0.0083283 0.0012241
0.008334 0.0011139
0.0083396 0.0009684
0.0083452 0.0008419
0.0083508 0.0007319
0.0083565 0.0006124
0.0083621 0.0004966
0.0083677 0.0004027
0.0083734 0.0003266
0.008379 0.0002628
0.0083846 0.0002101
0.0083902 0.000168
0.0083959 0.0001343
0.0084015 0.0001075
0.0084071 8.61e-05
0.0084128 6.9e-05
0.0084184 5.53e-05
0.008424 4.36e-05
0.0084296 3.39e-05
0.0084353 2.64e-05
0.0084409 2.05e-05
0.0084465 1.54e-05
0.0084522 1.13e-05
0.0084578 8.2e-06
0.0084634 6e-06
0.008469 4.3e-06
0.0084747 3e-06
0.0084803 2.1e-06
0.0084859 1.4e-06
0.0084916 1e-06
0.0084972 7e-07
0.0085028 5e-07
0.0085084 3e-07
0.0085141 2e-07
0.0085197 2e-07
0.0085253 1e-07
0.008531 1e-07
0.0085366 1e-07
0.0085422 0
0.0085478 0
0.0085535 0
0.0085591 0
0.0085647 0
0.0085704 0
0.008576 0
0.0085816 0
0.0085872 0
0.0085929 0
0.0085985 0
0.0086041 0
0.0086098 0
0.0086154 0
0.008621 0
0.0086266 0
0.0086323 0
0.0086379 0
0.0086435 0
0.0086492 0
0.0086548 0
0.0086604 0
0.008666 0
0.0086717 0
0.0086773 0
0.0086829 0
0.0086886 0
0.0086942 0
0.0086998 0
0.0087054 0
0.0087111 0
0.0087167 0
0.0087223 0
0.008728 0
0.0087336 0
0.0087392 0
0.0087448 0
0.0087505 0
0.0087561 0
0.0087617 0
0.0087674 0
0.008773 0
0.0087786 0
0.0087842 0
0.0087899 0
0.0087955 0
0.0088011 0
0.0088068 0
0.0088124 0
0.008818 0
0.0088236 0
0.0088293 0
0.0088349 0
0.0088405 0
0.0088462 0
0.0088518 0
0.0088574 0
0.008863 0
0.0088687 0
0.0088743 0
0.0088799 0
0.0088856 0
0.0088912 0
0.0088968 0
0.0089024 0
0.0089081 0
0.0089137 0
0.0089193 0
0.008925 0
0.0089306 0
0.0089362 0
0.0089418 0
0.0089475 0
0.0089531 0
0.0089587 0
0.0089644 0
0.00897 0
0.0089756 0
0.0089812 0
0.0089869 0
0.0089925 0
0.0089981 0
0.0090038 0
0.0090094 0
0.009015 0
0.0090206 0
0.0090263 0
0.0090319 0
0.0090375 0
0.0090432 0
0.0090488 0
0.0090544 0
0.00906 0
0.0090657 0
0.0090713 0
0.0090769 0
0.0090826 0
0.0090882 0
0.0090938 0
0.0090994 0
0.0091051 0
0.0091107 0
0.0091163 0
0.009122 0
0.0091276 0
0.0091332 0
0.0091388 0
0.0091445 0
0.0091501 0
0.0091557 0
0.0091614 0
0.009167 0
0.0091726 0
0.0091782 0
0.0091839 0
0.0091895 0
0.0091951 0
0.0092008 0
0.0092064 0
0.009212 0
0.0092176 0
0.0092233 0
0.0092289 0
0.0092345 0
0.0092402 0
0.0092458 0
0.0092514 0
0.009257 0
0.0092627 0
0.0092683 0
0.0092739 0
0.0092795 0
0.0092852 0
0.0092908 0
0.0092964 0
0.0093021 0
0.0093077 0
0.0093133 0
0.0093189 0
0.0093246 0
0.0093302 0
0.0093358 0
0.0093415 0
0.0093471 0
0.0093527 0
0.0093583 0
0.009364 0
0.0093696 0
0.0093752 0
0.0093809 0
0.0093865 0
0.0093921 0
0.0093977 0
0.0094034 0
0.009409 0
0.0094146 0
0.0094203 0
0.0094259 0
0.0094315 0
0.0094371 0
0.0094428 0
0.0094484 0
0.009454 0
0.0094597 0
0.0094653 0
0.0094709 0
0.0094765 0
0.0094822 0
0.0094878 0
0.0094934 0
0.0094991 0
0.0095047 0
0.0095103 0
0.0095159 0
0.0095216 0
0.0095272 0
0.0095328 0
0.0095385 0
0.0095441 0
0.0095497 0
0.0095553 0
0.009561 0
0.0095666 0
0.0095722 0
0.0095779 0
0.0095835 0
0.0095891 0
0.0095947 0
0.0096004 0
0.009606 0
0.0096116 0
0.0096173 0
0.0096229 0
0.0096285 0
0.0096341 0
0.0096398 0
0.0096454 0
0.009651 0
0.0096567 0
0.0096623 0
0.0096679 0
0.0096735 0
0.0096792 0
0.0096848 0
0.0096904 0
0.0096961 0
0.0097017 0
0.0097073 0
0.0097129 0
0.0097186 0
0.0097242 0
0.0097298 0
0.0097355 0
0.0097411 0
0.0097467 0
0.0097523 0
0.009758 0
0.0097636 0
0.0097692 0
0.0097749 0
0.0097805 0
0.0097861 0
0.0097917 0
0.0097974 0
0.009803 0
0.0098086 0
0.0098143 0
0.0098199 0
0.0098255 0
0.0098311 0
0.0098368 0
0.0098424 0
0.009848 0
0.0098537 0
0.0098593 0
0.0098649 0
0.0098705 0
0.0098762 0
0.0098818 0
0.0098874 0
0.0098931 0
0.0098987 0
0.0099043 0
0.0099099 0
0.0099156 0
0.0099212 0
0.0099268 0
0.0099325 0
0.0099381 0
0.0099437 0
0.0099493 0
0.009955 0
0.0099606 0
0.0099662 0
0.0099719 0
0.0099775 0
0.0099831 0
0.0099887 0
0.0099944 0
0.01 0
