0.001 0
0.0010056 0
0.0010113 0
0.0010169 0
0.0010225 0
0.0010281 0
0.0010338 0
0.0010394 0
0.001045 0
0.0010507 0
0.0010563 0
0.0010619 0
0.0010675 0
0.0010732 0
0.0010788 0
0.0010844 0
0.0010901 0
0.0010957 0
0.0011013 0
0.0011069 0
0.0011126 0
0.0011182 0
0.0011238 0
0.0011295 0
0.0011351 0
0.0011407 0
0.0011463 0
0.001152 0
0.0011576 0
0.0011632 0
0.0011689 0
0.0011745 0
0.0011801 0
0.0011857 0
0.0011914 0
0.001197 0
0.0012026 0
0.0012083 0
0.0012139 0
0.0012195 0
0.0012251 0
0.0012308 0
0.0012364 0
0.001242 0
0.0012477 0
0.0012533 0
0.0012589 0
0.0012645 0
0.0012702 0
0.0012758 0
0.0012814 0
0.0012871 0
0.0012927 0
0.0012983 0
0.0013039 0
0.0013096 0
0.0013152 0
0.0013208 0
0.0013265 0
0.0013321 0
0.0013377 0
0.0013433 0
0.001349 0
0.0013546 0
0.0013602 0
0.0013659 0
0.0013715 0
0.0013771 0
0.0013827 0
0.0013884 0
0.001394 0
0.0013996 0
0.0014053 0
0.0014109 0
0.0014165 0
0.0014221 0
0.0014278 0
0.0014334 0
0.001439 0
0.0014447 0
0.0014503 0
0.0014559 0
0.0014615 0
0.0014672 0
0.0014728 0
0.0014784 0
0.0014841 0
0.0014897 0
0.0014953 0
0.0015009 0
0.0015066 0
0.0015122 0
0.0015178 0
0.0015235 0
0.0015291 0
0.0015347 0
0.0015403 0
0.001546 0
0.0015516 0
0.0015572 0
0.0015629 0
0.0015685 0
0.0015741 0
0.0015797 0
0.0015854 0
0.001591 0
0.0015966 0
0.0016023 0
0.0016079 0
0.0016135 0
0.0016191 0
0.0016248 0
0.0016304 0
0.001636 0
0.0016417 0
0.0016473 0
0.0016529 0
0.0016585 0
0.0016642 0
0.0016698 0
0.0016754 0
0.0016811 0
0.0016867 0
0.0016923 0
0.0016979 0
0.0017036 0
0.0017092 0
0.0017148 0
0.0017205 0
0.0017261 0
0.0017317 0
0.0017373 0
0.001743 0
0.0017486 0
0.0017542 0
0.0017598 0
0.0017655 0
0.0017711 0
0.0017767 0
0.0017824 0
0.001788 0
0.0017936 1e-07
0.0017992 1e-07
0.0018049 1e-07
0.0018105 1e-07
0.0018161 1e-07
0.0018218 1e-07
0.0018274 1e-07
0.001833 1e-07
0.0018386 1e-07
0.0018443 2e-07
0.0018499 2e-07
0.0018555 2e-07
0.0018612 3e-07
0.0018668 4e-07
0.0018724 5e-07
0.001878 6e-07
0.0018837 8e-07
0.0018893 1.1e-06
0.0018949 1.5e-06
0.0019006 2e-06
0.0019062 2.8e-06
0.0019118 3.9e-06
0.0019174 5.4e-06
0.0019231 7.5e-06
0.0019287 1.07e-05
0.0019343 1.53e-05
0.00194 2.19e-05
0.0019456 3.14e-05
0.0019512 4.5e-05
0.0019568 6.46e-05
0.0019625 9.27e-05
0.0019681 0.0001331
0.0019737 0.0001882
0.0019794 0.0002643
0.001985 0.0003712
0.0019906 0.0005213
0.0019962 0.0007113
0.0020019 0.0009568
0.0020075 0.0012872
0.0020131 0.0017316
0.0020188 0.0022476
0.0020244 0.0028647
0.00203 0.0036512
0.0020356 0.0046537
0.0020413 0.0057356
0.0020469 0.0069447
0.0020525 0.0084087
0.0020582 0.0101813
0.0020638 0.0120252
0.0020694 0.0140116
0.002075 0.0163262
0.0020807 0.019023
0.0020863 0.0218215
0.0020919 0.0248115
0.0020976 0.0282113
0.0021032 0.0320769
0.0021088 0.0360236
0.0021144 0.0401649
0.0021201 0.0447824
0.0021257 0.0499306
0.0021313 0.0547128
0.002137 0.0593294
0.0021426 0.0643355
0.0021482 0.0697641
0.0021538 0.073634
0.0021595 0.0764235
0.0021651 0.0793187
0.0021707 0.0823236
0.0021764 0.0824875
0.002182 0.0808052
0.0021876 0.0791573
0.0021932 0.0775429
0.0021989 0.0731579
0.0022045 0.0673226
0.0022101 0.0619526
0.0022158 0.057011
0.0022214 0.050744
0.002227 0.0441485
0.0022326 0.0384103
0.0022383 0.033418
0.0022439 0.028387
0.0022495 0.0237099
0.0022552 0.0198034
0.0022608 0.0165406
0.0022664 0.0136483
0.002272 0.0111625
0.0022777 0.0091295
0.0022833 0.0074668
0.0022889 0.006103
0.0022946 0.0049859
0.0023002 0.0040733
0.0023058 0.0033277
0.0023114 0.0027436
0.0023171 0.002278
0.0023227 0.0018915
0.0023283 0.0015705
0.002334 0.0013263
0.0023396 0.0011352
0.0023452 0.0009716
0.0023508 0.0008316
0.0023565 0.0007285
0.0023621 0.0006503
0.0023677 0.0005806
0.0023734 0.0005183
0.002379 0.000476
0.0023846 0.0004477
0.0023902 0.0004211
0.0023959 0.000396
0.0024015 0.0003848
0.0024071 0.0003846
0.0024128 0.0003845
0.0024184 0.0003843
0.002424 0.0003982
0.0024296 0.0004259
0.0024353 0.0004556
0.0024409 0.0004874
0.0024465 0.0005414
0.0024522 0.0006227
0.0024578 0.0007161
0.0024634 0.0008237
0.002469 0.0009838
0.0024747 0.0012182
0.0024803 0.0015085
0.0024859 0.001868
0.0024916 0.0023968
0.0024972 0.0031849
0.0025028 0.0042322
0.0025084 0.0056239
0.0025141 0.0076981
0.0025197 0.0108596
0.0025253 0.0153193
0.002531 0.0216105
0.0025366 0.031058
0.0025422 0.0455129
0.0025478 0.0666955
0.0025535 0.0977369
0.0025591 0.1434599
0.0025647 0.2109444
0.0025704 0.3101741
0.002576 0.4560821
0.0025816 0.6574493
0.0025872 0.9270553
0.0025929 1.3072211
0.0025985 1.8432849
0.0026041 2.4938003
0.0026098 3.2177147
0.0026154 4.1517709
0.002621 5.3569702
0.0026266 6.5404546
0.0026323 7.4812152
0.0026379 8.5572921
0.0026435 9.7881489
0.0026492 10.6349755
0.0026548 10.854413
0.0026604 11.0783782
0.002666 11.3069647
0.0026717 11.2485796
0.0026773 10.8368854
0.0026829 10.440259
0.0026886 10.058149
0.0026942 9.7562481
0.0026998 9.5471245
0.0027054 9.3424833
0.0027111 9.1422286
0.0027167 9.1310898
0.0027223 9.3720413
0.002728 9.6193511
0.0027336 9.8731869
0.0027392 10.245232
0.0027448 10.792484
0.0027505 11.3689676
0.0027561 11.9762443
0.0027617 12.5357258
0.0027674 13.0031587
0.002773 13.4880212
0.0027786 13.9909633
0.0027842 14.234539
0.0027899 14.0781329
0.0027955 13.9234453
0.0028011 13.7704574
0.0028068 13.2852545
0.0028124 12.3458068
0.002818 11.4727909
0.0028236 10.661509
0.0028293 9.6731937
0.0028349 8.4551942
0.0028405 7.3905591
0.0028462 6.4599774
0.0028518 5.5402505
0.0028574 4.6084468
0.002863 3.8333613
0.0028687 3.1886359
0.0028743 2.6199014
0.0028799 2.109075
0.0028856 1.6978491
0.0028912 1.3668038
0.0028968 1.0943186
0.0029024 0.8679994
0.0029081 0.688486
0.0029137 0.5460983
0.0029193 0.4335287
0.002925 0.3446852
0.0029306 0.2740485
0.0029362 0.2178874
0.0029418 0.1743762
0.0029475 0.1412401
0.0029531 0.1144007
0.0029587 0.0926615
0.0029644 0.0759362
0.00297 0.0636217
0.0029756 0.0533042
0.0029812 0.0446599
0.0029869 0.0380212
0.0029925 0.0333988
0.0029981 0.0293383
0.0030038 0.0257715
0.0030094 0.0230727
0.003015 0.0214661
0.0030206 0.0199714
0.0030263 0.0185807
0.0030319 0.0176395
0.0030375 0.0174689
0.0030432 0.0173
0.0030488 0.0171327
0.0030544 0.0172973
0.00306 0.0182087
0.0030657 0.019168
0.0030713 0.0201779
0.0030769 0.0215889
0.0030826 0.0239561
0.0030882 0.0265829
0.0030938 0.0294977
0.0030994 0.0331046
0.0031051 0.0381429
0.0031107 0.043948
0.0031163 0.0506365
0.003122 0.0586424
0.0031276 0.0687567
0.0031332 0.0806155
0.0031388 0.0945197
0.0031445 0.110685
0.0031501 0.129215
0.0031557 0.150847
0.0031614 0.1761005
0.003167 0.2042905
0.0031726 0.2331501
0.0031782 0.2660866
0.0031839 0.303676
0.0031895 0.3435661
0.0031951 0.3796684
0.0032008 0.4195643
0.0032064 0.4636526
0.003212 0.5084335
0.0032176 0.5456172
0.0032233 0.5855204
0.0032289 0.6283418
0.0032345 0.6718639
0.0032402 0.7108846
0.0032458 0.7521716
0.0032514 0.7958566
0.003257 0.8435941
0.0032627 0.8990805
0.0032683 0.9582166
0.0032739 1.0212422
0.0032795 1.0947156
0.0032852 1.195056
0.0032908 1.3045934
0.0032964 1.4241708
0.0033021 1.5647296
0.0033077 1.7558906
0.0033133 1.9704056
0.0033189 2.2111275
0.0033246 2.4911343
0.0033302 2.8451398
0.0033358 3.2494517
0.0033415 3.7112187
0.0033471 4.2390143
0.0033527 4.8435452
0.0033583 5.5342889
0.003364 6.3235404
0.0033696 7.2000851
0.0033752 8.0911579
0.0033809 9.0925087
0.0033865 10.2177854
0.0033921 11.4152532
0.0033977 12.4630884
0.0034034 13.6071071
0.003409 14.8561381
0.0034146 16.1105635
0.0034203 16.9916499
0.0034259 17.9209229
0.0034315 18.9010178
0.0034371 19.8056237
0.0034428 20.1791574
0.0034484 20.559736
0.003454 20.9474922
0.0034597 21.2238018
0.0034653 20.9656455
0.0034709 20.7106292
0.0034765 20.4587148
0.0034822 20.1193971
0.0034878 19.365689
0.0034934 18.6402161
0.0034991 17.9419207
0.0035047 17.2089128
0.0035103 16.2143965
0.0035159 15.2773541
0.0035216 14.3944641
0.0035272 13.5239705
0.0035328 12.5143079
0.0035385 11.5800239
0.0035441 10.7154911
0.0035497 9.8911365
0.0035553 9.0041612
0.003561 8.1967243
0.0035666 7.4616933
0.0035722 6.7770557
0.0035779 6.0713366
0.0035835 5.4391066
0.0035891 4.8727129
0.0035947 4.35565
0.0036004 3.8387935
0.003606 3.3832689
0.0036116 2.9817985
0.0036173 2.6224983
0.0036229 2.2739342
0.0036285 1.9716988
0.0036341 1.7096344
0.0036398 1.4798222
0.0036454 1.2646916
0.003651 1.0808358
0.0036567 0.9237082
0.0036623 0.7885768
0.0036679 0.6675568
0.0036735 0.5651093
0.0036792 0.478384
0.0036848 0.4049466
0.0036904 0.3426273
0.0036961 0.2898987
0.0037017 0.2452848
0.0037073 0.2077883
0.0037129 0.1780032
0.0037186 0.1524876
0.0037242 0.1306295
0.0037298 0.1121826
0.0037355 0.0987811
0.0037411 0.0869805
0.0037467 0.0765897
0.0037523 0.0676723
0.003758 0.0621156
0.0037636 0.0570151
0.0037692 0.0523334
0.0037749 0.0482196
0.0037805 0.0465617
0.0037861 0.0449608
0.0037917 0.043415
0.0037974 0.0420712
0.003803 0.0428104
0.0038086 0.0435625
0.0038143 0.0443279
0.0038199 0.045234
0.0038255 0.0482351
0.0038311 0.0514352
0.0038368 0.0548477
0.0038424 0.0585992
0.003848 0.0648132
0.0038537 0.0716861
0.0038593 0.0792879
0.0038649 0.0877955
0.0038705 0.0995852
0.0038762 0.112958
0.0038818 0.1281266
0.0038874 0.1454196
0.0038931 0.1676095
0.0038987 0.1931855
0.0039043 0.2226641
0.0039099 0.2567256
0.0039156 0.2991639
0.0039212 0.3486174
0.0039268 0.406246
0.0039325 0.4735145
0.0039381 0.5576928
0.0039437 0.6568358
0.0039493 0.7736038
0.003955 0.9113222
0.0039606 1.0884841
0.0039662 1.3000864
0.0039719 1.5528244
0.0039775 1.8549567
0.0039831 2.257548
0.0039887 2.7475159
0.0039944 3.3438242
0.004 4.0695526
0.0040056 5.0626598
0.0040113 6.2981185
0.0040169 7.8350706
0.0040225 9.7470904
0.0040281 12.3800193
0.0040338 15.7266397
0.0040394 19.9779331
0.004045 25.3784545
0.0040507 32.6964795
0.0040563 42.1337652
0.0040619 54.2949638
0.0040675 69.9662866
0.0040732 90.3521761
0.0040788 116.6835548
0.0040844 150.6887002
0.0040901 194.6039816
0.0040957 247.7655447
0.0041013 315.3104874
0.0041069 401.2692872
0.0041126 510.6618626
0.0041182 628.1748585
0.0041238 771.7053116
0.0041295 948.0307592
0.0041351 1164.6444658
0.0041407 1352.9708565
0.0041463 1567.6049462
0.004152 1816.2883965
0.0041576 2104.4227674
0.0041632 2255.5155852
0.0041689 2407.0157482
0.0041745 2568.6919879
0.0041801 2741.2278185
0.0041857 2656.3403484
0.0041914 2558.238667
0.004197 2463.7599928
0.0042026 2372.7705238
0.0042083 2052.8352738
0.0042139 1762.2729859
0.0042195 1512.8374481
0.0042251 1298.7075002
0.0042308 1002.6305138
0.0042364 767.4027865
0.004242 587.361973
0.0042477 449.5606393
0.0042533 314.3168004
0.0042589 217.9732422
0.0042645 151.1606578
0.0042702 104.8272909
0.0042758 68.4779065
0.0042814 44.4684604
0.0042871 28.877109
0.0042927 18.7523341
0.0042983 11.9672044
0.0043039 7.6227316
0.0043096 4.8554395
0.0043152 3.0927618
0.0043208 2.0249845
0.0043265 1.3301594
0.0043321 0.8737469
0.0043377 0.5739415
0.0043433 0.4015415
0.004349 0.2831874
0.0043546 0.1997181
0.0043602 0.1408513
0.0043659 0.107711
0.0043715 0.0832851
0.0043771 0.0643982
0.0043827 0.0497945
0.0043884 0.0417743
0.004394 0.0354674
0.0043996 0.0301126
0.0044053 0.0255663
0.0044109 0.0233185
0.0044165 0.0215082
0.0044221 0.0198384
0.0044278 0.0182983
0.0044334 0.0179041
0.004439 0.0176916
0.0044447 0.0174816
0.0044503 0.0172741
0.0044559 0.0179285
0.0044615 0.0187702
0.0044672 0.0196514
0.0044728 0.0205739
0.0044784 0.0225112
0.0044841 0.0248355
0.0044897 0.0273997
0.0044953 0.0302287
0.0045009 0.0348361
0.0045066 0.0404943
0.0045122 0.0470714
0.0045178 0.0547168
0.0045235 0.0665571
0.0045291 0.0817313
0.0045347 0.1003652
0.0045403 0.1232473
0.004546 0.1585067
0.0045516 0.2059386
0.0045572 0.2675643
0.0045629 0.347631
0.0045685 0.4714923
0.0045741 0.6458794
0.0045797 0.8847657
0.0045854 1.212007
0.004591 1.7174173
0.0045966 2.4536748
0.0046023 3.5055663
0.0046079 5.0084042
0.0046135 7.2935684
0.0046191 10.6732032
0.0046248 15.6188659
0.0046304 22.8562098
0.004636 33.4743908
0.0046417 49.0360505
0.0046473 71.8320542
0.0046529 105.2255218
0.0046585 151.2765816
0.0046642 216.3461194
0.0046698 309.4044226
0.0046754 442.4904731
0.0046811 609.1744584
0.0046867 829.396263
0.0046923 1129.2301436
0.0046979 1537.4565502
0.0047036 1979.2585386
0.0047092 2505.016635
0.0047148 3170.4338869
0.0047205 4012.6084956
0.0047261 4730.6090413
0.0047317 5453.0975343
0.0047373 6285.9290334
0.004743 7245.9558195
0.0047486 7704.680172
0.0047542 7977.032267
0.0047598 8259.0117133
0.0047655 8550.9588275
0.0047711 8146.1325627
0.0047767 7541.7642659
0.0047824 6982.2345516
0.004788 6464.2168086
0.0047936 5538.811027
0.0047992 4616.4670168
0.0048049 3847.7152611
0.0048105 3206.97899
0.0048161 2507.6799879
0.0048218 1914.9671205
0.0048274 1462.3473052
0.004833 1116.7082808
0.0048386 815.5392151
0.0048443 585.4354378
0.0048499 420.2552686
0.0048555 301.68056
0.0048612 211.5345781
0.0048668 146.9384198
0.0048724 102.0679428
0.004878 70.8995303
0.0048837 49.023086
0.0048893 33.8321434
0.0048949 23.3484675
0.0049006 16.1134022
0.0049062 11.2207905
0.0049118 7.844048
0.0049174 5.4834897
0.0049231 3.8333089
0.0049287 2.7253176
0.0049343 1.9522054
0.00494 1.398408
0.0049456 1.0017107
0.0049512 0.7327808
0.0049568 0.5412734
0.0049625 0.3998152
0.0049681 0.2953261
0.0049737 0.2235125
0.0049794 0.1711377
0.004985 0.1310357
0.0049906 0.1003307
0.0049962 0.0790838
0.0050019 0.0632377
0.0050075 0.0505666
0.0050131 0.0404345
0.0050188 0.0335159
0.0050244 0.0282965
0.00503 0.0238899
0.0050356 0.0201696
0.0050413 0.0177972
0.0050469 0.0160747
0.0050525 0.014519
0.0050582 0.0131138
0.0050638 0.0124699
0.0050694 0.0121958
0.005075 0.0119278
0.0050807 0.0116656
0.0050863 0.0120555
0.0050919 0.0128523
0.0050976 0.0137018
0.0051032 0.0146074
0.0051088 0.0164189
0.0051144 0.0190335
0.0051201 0.0220644
0.0051257 0.0255779
0.0051313 0.0309924
0.005137 0.0385674
0.0051426 0.0479939
0.0051482 0.0597244
0.0051538 0.076633
0.0051595 0.1002191
0.0051651 0.1310644
0.0051707 0.1714034
0.0051764 0.2275108
0.005182 0.3048766
0.0051876 0.4085509
0.0051932 0.54748
0.0051989 0.7334453
0.0052045 0.9823946
0.0052101 1.3158434
0.0052158 1.7624729
0.0052214 2.3303964
0.005227 3.054231
0.0052326 4.0028927
0.0052383 5.2462141
0.0052439 6.7253086
0.0052495 8.487994
0.0052552 10.7126744
0.0052608 13.5204377
0.0052664 16.6031504
0.005272 19.9866834
0.0052777 24.059742
0.0052833 28.9628434
0.0052889 33.8837857
0.0052946 38.8010101
0.0053002 44.4318234
0.0053058 50.8797819
0.0053114 56.7631948
0.0053171 62.062166
0.0053227 67.855808
0.0053283 74.1902994
0.005334 79.4006222
0.0053396 83.5408951
0.0053452 87.8970587
0.0053508 92.4803706
0.0053565 95.7140632
0.0053621 97.7295801
0.0053677 99.7875391
0.0053734 101.888834
0.005379 102.6605048
0.0053846 102.2795436
0.0053902 101.899996
0.0053959 101.5218569
0.0054015 99.8457097
0.0054071 97.0947082
0.0054128 94.4195038
0.0054184 91.818008
0.005424 87.9405167
0.0054296 83.0817533
0.0054353 78.4914394
0.0054409 74.1547429
0.0054465 68.7389168
0.0054522 62.605369
0.0054578 57.0191154
0.0054634 51.9313212
0.005469 46.2360671
0.0054747 40.2818957
0.0054803 35.0944884
0.0054859 30.5751032
0.0054916 25.9919729
0.0054972 21.5681019
0.0055028 17.8971801
0.0055084 14.8510544
0.0055141 12.0439077
0.0055197 9.5425414
0.0055253 7.560677
0.005531 5.9904206
0.0055366 4.6666438
0.0055422 3.5716056
0.0055478 2.7335206
0.0055535 2.092094
0.0055591 1.5905163
0.0055647 1.2005117
0.0055704 0.9061388
0.005576 0.6839479
0.0055816 0.5194301
0.0055872 0.3971956
0.0055929 0.3037258
0.0055985 0.2322517
0.0056041 0.180979
0.0056098 0.1441049
0.0056154 0.1147438
0.005621 0.091365
0.0056266 0.0748426
0.0056323 0.0633956
0.0056379 0.0536993
0.0056435 0.0454861
0.0056492 0.0397966
0.0056548 0.0362173
0.0056604 0.0329599
0.005666 0.0299955
0.0056717 0.0281366
0.0056773 0.027414
0.0056829 0.02671
0.0056886 0.026024
0.0056942 0.0259558
0.0056998 0.026683
0.0057054 0.0274305
0.0057111 0.0281989
0.0057167 0.0294068
0.0057223 0.0312573
0.005728 0.0332242
0.0057336 0.0353149
0.0057392 0.0377495
0.0057448 0.040666
0.0057505 0.0438078
0.0057561 0.0471924
0.0057617 0.0508015
0.0057674 0.0546303
0.005773 0.0587477
0.0057786 0.0631755
0.0057842 0.0676827
0.0057899 0.0721149
0.0057955 0.0768373
0.0058011 0.081869
0.0058068 0.0869541
0.0058124 0.0919142
0.005818 0.0971572
0.0058236 0.1026992
0.0058293 0.1086063
0.0058349 0.1149336
0.0058405 0.1216295
0.0058462 0.1287155
0.0058518 0.1369873
0.0058574 0.1471234
0.005863 0.1580095
0.0058687 0.169701
0.0058743 0.1841512
0.0058799 0.2032899
0.0058856 0.2244178
0.0058912 0.2477414
0.0058968 0.2768929
0.0059024 0.3161068
0.0059081 0.3608743
0.0059137 0.4119817
0.0059193 0.4753326
0.005925 0.5588033
0.0059306 0.6569317
0.0059362 0.772292
0.0059418 0.9127747
0.0059475 1.0894119
0.0059531 1.3002315
0.0059587 1.5518482
0.0059644 1.8489351
0.00597 2.1956547
0.0059756 2.6073926
0.0059812 3.0963412
0.0059869 3.6449028
0.0059925 4.2177586
0.0059981 4.8806481
0.0060038 5.6477214
0.0060094 6.4421433
0.006015 7.1378657
0.0060206 7.908723
0.0060263 8.7628295
0.0060319 9.5372077
0.0060375 9.9989392
0.0060432 10.4830248
0.0060488 10.9905468
0.0060544 11.3064806
0.00606 11.1638948
0.0060657 11.0231072
0.0060713 10.884095
0.0060769 10.5617252
0.0060826 9.8570163
0.0060882 9.1993276
0.0060938 8.5855217
0.0060994 7.9067243
0.0061051 7.059702
0.0061107 6.3034184
0.0061163 5.6281531
0.006122 4.987904
0.0061276 4.3417703
0.0061332 3.7793369
0.0061388 3.2897611
0.0061445 2.8604832
0.0061501 2.4804481
0.0061557 2.1509032
0.0061614 1.8651407
0.006167 1.6242725
0.0061726 1.430287
0.0061782 1.259469
0.0061839 1.1090516
0.0061895 0.9838667
0.0061951 0.8904254
0.0062008 0.8058586
0.0062064 0.7293234
0.006212 0.6652275
0.0062176 0.6201673
0.0062233 0.5781592
0.0062289 0.5389967
0.0062345 0.5053948
0.0062402 0.4819172
0.0062458 0.4595301
0.0062514 0.4381831
0.006257 0.4187909
0.0062627 0.4030597
0.0062683 0.3879194
0.0062739 0.3733478
0.0062795 0.35882
0.0062852 0.3433343
0.0062908 0.328517
0.0062964 0.3143391
0.0063021 0.2994742
0.0063077 0.2812778
0.0063133 0.2641871
0.0063189 0.2481348
0.0063246 0.2317073
0.0063302 0.2120931
0.0063358 0.1941392
0.0063415 0.1777051
0.0063471 0.1617582
0.0063527 0.1443286
0.0063583 0.1287771
0.006364 0.1149013
0.0063696 0.1021394
0.0063752 0.0895351
0.0063809 0.0784862
0.0063865 0.0688008
0.0063921 0.0602651
0.0063977 0.0526324
0.0064034 0.0459663
0.006409 0.0401446
0.0064146 0.0351517
0.0064203 0.0311121
0.0064259 0.0275366
0.0064315 0.0243721
0.0064371 0.0216923
0.0064428 0.0197796
0.0064484 0.0180355
0.006454 0.0164453
0.0064597 0.0151101
0.0064653 0.0143729
0.0064709 0.0136718
0.0064765 0.0130048
0.0064822 0.0124754
0.0064878 0.012462
0.0064934 0.0124485
0.0064991 0.0124351
0.0065047 0.0125238
0.0065103 0.0131448
0.0065159 0.0137967
0.0065216 0.0144809
0.0065272 0.015308
0.0065328 0.0168104
0.0065385 0.0184603
0.0065441 0.0202721
0.0065497 0.02239
0.0065553 0.0255451
0.006561 0.0291447
0.0065666 0.0332516
0.0065722 0.0381014
0.0065779 0.0448052
0.0065835 0.0526885
0.0065891 0.0619588
0.0065947 0.0730805
0.0066004 0.0878766
0.006606 0.1056683
0.0066116 0.1270622
0.0066173 0.1530685
0.0066229 0.1867232
0.0066285 0.2277776
0.0066341 0.2778585
0.0066398 0.3391898
0.0066454 0.4162019
0.006651 0.5106994
0.0066567 0.6266522
0.0066623 0.7685989
0.0066679 0.9394919
0.0066735 1.1483819
0.0066792 1.4037172
0.0066848 1.713131
0.0066904 2.0630118
0.0066961 2.4843502
0.0067017 2.9917406
0.0067073 3.5933181
0.0067129 4.2125968
0.0067186 4.9386032
0.0067242 5.7897308
0.0067298 6.7640407
0.0067355 7.6307046
0.0067411 8.6084124
0.0067467 9.7113921
0.0067523 10.9119439
0.006758 11.7286797
0.0067636 12.6065463
0.0067692 13.5501194
0.0067749 14.5037396
0.0067805 14.7486504
0.0067861 14.9976969
0.0067917 15.2509487
0.0067974 15.4471161
0.006803 14.8141313
0.0068086 14.2070847
0.0068143 13.6249134
0.0068199 13.0219228
0.0068255 11.7971111
0.0068311 10.6875024
0.0068368 9.6822608
0.0068424 8.7485623
0.006848 7.5398892
0.0068537 6.4982024
0.0068593 5.6004318
0.0068649 4.8184711
0.0068705 3.9987337
0.0068762 3.3184533
0.0068818 2.7539049
0.0068874 2.2834746
0.0068931 1.8529951
0.0068987 1.5036694
0.0069043 1.2201984
0.0069099 0.989964
0.0069156 0.7978734
0.0069212 0.6430556
0.0069268 0.5182784
0.0069325 0.4177669
0.0069381 0.3386472
0.0069437 0.2745118
0.0069493 0.2225228
0.006955 0.1804159
0.0069606 0.1482045
0.0069662 0.1217442
0.0069719 0.100008
0.0069775 0.0821624
0.0069831 0.0685651
0.0069887 0.057218
0.0069944 0.0477488
0.007 0.0398467
0.0070056 0.0337535
0.0070113 0.028592
0.0070169 0.0242198
0.0070225 0.0205162
0.0070281 0.0176177
0.0070338 0.0151303
0.0070394 0.012994
0.007045 0.0111594
0.0070507 0.0097262
0.0070563 0.008479
0.0070619 0.0073917
0.0070675 0.0064439
0.0070732 0.0057322
0.0070788 0.0051014
0.0070844 0.0045401
0.0070901 0.0040405
0.0070957 0.0037071
0.0071013 0.0034045
0.0071069 0.0031265
0.0071126 0.0028713
0.0071182 0.0027564
0.0071238 0.0026506
0.0071295 0.002549
0.0071351 0.0024512
0.0071407 0.0025001
0.0071463 0.002557
0.007152 0.0026152
0.0071576 0.0026748
0.0071632 0.0029339
0.0071689 0.0032308
0.0071745 0.0035576
0.0071801 0.0039175
0.0071857 0.0046439
0.0071914 0.005531
0.007197 0.0065876
0.0072026 0.007846
0.0072083 0.0099968
0.0072139 0.0127996
0.0072195 0.0163882
0.0072251 0.020983
0.0072308 0.0282615
0.0072364 0.0382218
0.007242 0.0516923
0.0072477 0.0699102
0.0072533 0.0969785
0.0072589 0.1348354
0.0072645 0.1874703
0.0072702 0.260652
0.0072758 0.3609413
0.0072814 0.499618
0.0072871 0.6915757
0.0072927 0.9572851
0.0072983 1.2829905
0.0073039 1.7135108
0.0073096 2.2884964
0.0073152 3.0564242
0.0073208 3.8639954
0.0073265 4.8534975
0.0073321 6.0963941
0.0073377 7.6575749
0.0073433 8.972108
0.007349 10.4197392
0.0073546 12.1009427
0.0073602 14.0534049
0.0073659 15.1258532
0.0073715 16.111727
0.0073771 17.1618581
0.0073827 18.2804348
0.0073884 18.0651395
0.007394 17.6572599
0.0073996 17.2585894
0.0074053 16.8689202
0.0074109 15.4145036
0.0074165 13.9378295
0.0074221 12.6026175
0.0074278 11.3953156
0.0074334 9.758823
0.007439 8.2820167
0.0074447 7.0286961
0.0074503 5.9650409
0.0074559 4.8732021
0.0074615 3.9544711
0.0074672 3.2089458
0.0074728 2.6039723
0.0074784 2.0684572
0.0074841 1.6365142
0.0074897 1.2947711
0.0074953 1.0243921
0.0075009 0.8051065
0.0075066 0.6319293
0.0075122 0.4960022
0.0075178 0.3893128
0.0075235 0.3069442
0.0075291 0.2422294
0.0075347 0.1911589
0.0075403 0.1508558
0.007546 0.1204749
0.0075516 0.0964649
0.0075572 0.0772399
0.0075629 0.0618464
0.0075685 0.0503425
0.0075741 0.0411348
0.0075797 0.0336112
0.0075854 0.0274637
0.007591 0.0228796
0.0075966 0.0191507
0.0076023 0.0160295
0.0076079 0.013417
0.0076135 0.0114763
0.0076191 0.0098707
0.0076248 0.0084897
0.0076304 0.007302
0.007636 0.0064319
0.0076417 0.0057016
0.0076473 0.0050543
0.0076529 0.0044805
0.0076585 0.0040756
0.0076642 0.003734
0.0076698 0.0034211
0.0076754 0.0031345
0.0076811 0.0029506
0.0076867 0.0027996
0.0076923 0.0026563
0.0076979 0.0025203
0.0077036 0.002457
0.0077092 0.0024151
0.0077148 0.0023739
0.0077205 0.0023335
0.0077261 0.0023531
0.0077317 0.0023921
0.0077373 0.0024318
0.007743 0.0024722
0.0077486 0.0025704
0.0077542 0.0026924
0.0077598 0.0028202
0.0077655 0.002954
0.0077711 0.0031517
0.0077767 0.0033839
0.0077824 0.0036332
0.007788 0.0039009
0.0077936 0.0042476
0.0077992 0.0046484
0.0078049 0.005087
0.0078105 0.005567
0.0078161 0.0061548
0.0078218 0.0068305
0.0078274 0.0075804
0.007833 0.0084126
0.0078386 0.0094043
0.0078443 0.0105424
0.0078499 0.0118182
0.0078555 0.0132484
0.0078612 0.014929
0.0078668 0.0168577
0.0078724 0.0190355
0.007878 0.0214947
0.0078837 0.0243542
0.0078893 0.0276329
0.0078949 0.0313531
0.0079006 0.0355741
0.0079062 0.040404
0.0079118 0.0459096
0.0079174 0.0521654
0.0079231 0.0592737
0.0079287 0.0671553
0.0079343 0.0759867
0.00794 0.0859794
0.0079456 0.0972863
0.0079512 0.1090992
0.0079568 0.1218422
0.0079625 0.1360736
0.0079681 0.1519673
0.0079737 0.1668405
0.0079794 0.1816792
0.007985 0.1978378
0.0079906 0.2154334
0.0079962 0.2284954
0.0080019 0.2392139
0.0080075 0.2504352
0.0080131 0.2621829
0.0080188 0.265135
0.0080244 0.263412
0.00803 0.2617002
0.0080356 0.2599995
0.0080413 0.2483401
0.0080469 0.232318
0.0080525 0.2173295
0.0080582 0.2033081
0.0080638 0.1830622
0.0080694 0.1614266
0.008075 0.1423481
0.0080807 0.1255244
0.0080863 0.1073823
0.0080919 0.0903024
0.0080976 0.0759391
0.0081032 0.0638604
0.0081088 0.0528109
0.0081144 0.0432486
0.0081201 0.0354177
0.0081257 0.0290047
0.0081313 0.0237549
0.008137 0.0194562
0.0081426 0.0159355
0.0081482 0.0130519
0.0081538 0.010874
0.0081595 0.0091563
0.0081651 0.0077099
0.0081707 0.006492
0.0081764 0.0056389
0.008182 0.0049967
0.0081876 0.0044275
0.0081932 0.0039232
0.0081989 0.0036164
0.0082045 0.0034219
0.0082101 0.0032379
0.0082158 0.0030638
0.0082214 0.0030198
0.008227 0.0030607
0.0082326 0.0031021
0.0082383 0.0031441
0.0082439 0.0033001
0.0082495 0.0035505
0.0082552 0.0038199
0.0082608 0.0041098
0.0082664 0.0045259
0.008272 0.0050693
0.0082777 0.005678
0.0082833 0.0063598
0.0082889 0.007181
0.0082946 0.0081572
0.0083002 0.0092661
0.0083058 0.0105257
0.0083114 0.011864
0.0083171 0.0132923
0.0083227 0.0148925
0.0083283 0.0166853
0.008334 0.0183093
0.0083396 0.019761
0.0083452 0.0213279
0.0083508 0.0230189
0.0083565 0.0241519
0.0083621 0.0247588
0.0083677 0.025381
0.0083734 0.0260188
0.008379 0.0259098
0.0083846 0.0251745
0.0083902 0.0244602
0.0083959 0.0237661
0.0084015 0.0225473
0.0084071 0.0209501
0.0084128 0.019466
0.0084184 0.0180871
0.008424 0.0165569
0.0084296 0.014954
0.0084353 0.0135063
0.0084409 0.0121987
0.0084465 0.0109642
0.0084522 0.0098102
0.0084578 0.0087777
0.0084634 0.0078538
0.008469 0.0070544
0.0084747 0.0063598
0.0084803 0.0057336
0.0084859 0.005169
0.0084916 0.0047045
0.0084972 0.0043219
0.0085028 0.0039704
0.0085084 0.0036475
0.0085141 0.0033886
0.0085197 0.0031839
0.0085253 0.0029917
0.008531 0.002811
0.0085366 0.0026657
0.0085422 0.0025523
0.0085478 0.0024437
0.0085535 0.0023397
0.0085591 0.0022508
0.0085647 0.0021763
0.0085704 0.0021042
0.008576 0.0020345
0.0085816 0.0019664
0.0085872 0.0018998
0.0085929 0.0018354
0.0085985 0.0017732
0.0086041 0.0017061
0.0086098 0.0016338
0.0086154 0.0015646
0.008621 0.0014984
0.0086266 0.0014281
0.0086323 0.0013534
0.0086379 0.0012827
0.0086435 0.0012156
0.0086492 0.0011498
0.0086548 0.001085
0.0086604 0.0010238
0.008666 0.0009661
0.0086717 0.000915
0.0086773 0.0008706
0.0086829 0.0008284
0.0086886 0.0007882
0.0086942 0.0007578
0.0086998 0.0007384
0.0087054 0.0007195
0.0087111 0.0007011
0.0087167 0.0006943
0.0087223 0.0007026
0.008728 0.0007109
0.0087336 0.0007194
0.0087392 0.0007423
0.0087448 0.0007867
0.0087505 0.0008338
0.0087561 0.0008837
0.0087617 0.0009549
0.0087674 0.0010608
0.008773 0.0011783
0.0087786 0.0013089
0.0087842 0.0014774
0.0087899 0.0017071
0.0087955 0.0019725
0.0088011 0.0022792
0.0088068 0.0026596
0.0088124 0.0031499
0.008818 0.0037305
0.0088236 0.0044182
0.0088293 0.0052433
0.0088349 0.0062422
0.0088405 0.0074314
0.0088462 0.0088472
0.0088518 0.0104699
0.0088574 0.0122718
0.008863 0.0143837
0.0088687 0.0168592
0.0088743 0.0195114
0.0088799 0.0221101
0.0088856 0.0250548
0.0088912 0.0283919
0.0088968 0.0316342
0.0089024 0.0342406
0.0089081 0.0370617
0.0089137 0.0401153
0.0089193 0.0426406
0.008925 0.0438935
0.0089306 0.0451833
0.0089362 0.0465109
0.0089418 0.04708
0.0089475 0.0462136
0.0089531 0.0453632
0.0089587 0.0445284
0.0089644 0.0431024
0.00897 0.0406338
0.0089756 0.0383066
0.0089812 0.0361127
0.0089869 0.033678
0.0089925 0.0307498
0.0089981 0.0280761
0.0090038 0.025635
0.0090094 0.0232145
0.009015 0.0206762
0.0090206 0.0184154
0.0090263 0.0164018
0.0090319 0.0145131
0.0090375 0.0126673
0.0090432 0.0110562
0.0090488 0.00965
0.0090544 0.0083749
0.00906 0.0071793
0.0090657 0.0061544
0.0090713 0.0052758
0.0090769 0.0044995
0.0090826 0.0037935
0.0090882 0.0031983
0.0090938 0.0026965
0.0090994 0.002264
0.0091051 0.0018826
0.0091107 0.0015655
0.0091163 0.0013018
0.009122 0.0010801
0.0091276 0.0008916
0.0091332 0.000736
0.0091388 0.0006075
0.0091445 0.000502
0.0091501 0.0004159
0.0091557 0.0003446
0.0091614 0.0002855
0.009167 0.0002378
0.0091726 0.0002007
0.0091782 0.0001694
0.0091839 0.000143
0.0091895 0.0001218
0.0091951 0.0001064
0.0092008 9.3e-05
0.0092064 8.12e-05
0.009212 7.19e-05
0.0092176 6.6e-05
0.0092233 6.05e-05
0.0092289 5.55e-05
0.0092345 5.17e-05
0.0092402 5.03e-05
0.0092458 4.89e-05
0.0092514 4.75e-05
0.009257 4.69e-05
0.0092627 4.85e-05
0.0092683 5.01e-05
0.0092739 5.18e-05
0.0092795 5.42e-05
0.0092852 5.92e-05
0.0092908 6.47e-05
0.0092964 7.08e-05
0.0093021 7.81e-05
0.0093077 8.93e-05
0.0093133 0.0001021
0.0093189 0.0001168
0.0093246 0.0001344
0.0093302 0.0001582
0.0093358 0.0001862
0.0093415 0.0002192
0.0093471 0.0002586
0.0093527 0.0003078
0.0093583 0.0003663
0.009364 0.0004359
0.0093696 0.0005181
0.0093752 0.0006124
0.0093809 0.0007239
0.0093865 0.0008556
0.0093921 0.0010072
0.0093977 0.0011661
0.0094034 0.0013502
0.009409 0.0015633
0.0094146 0.0018002
0.0094203 0.0020266
0.0094259 0.0022815
0.0094315 0.0025685
0.0094371 0.0028764
0.0094428 0.0031486
0.0094484 0.0034465
0.009454 0.0037726
0.0094597 0.0041129
0.0094653 0.0044019
0.0094709 0.0047112
0.0094765 0.0050422
0.0094822 0.0053825
0.0094878 0.0056747
0.0094934 0.0059828
0.0094991 0.0063076
0.0095047 0.0066396
0.0095103 0.0069336
0.0095159 0.0072406
0.0095216 0.0075612
0.0095272 0.0078851
0.0095328 0.0081627
0.0095385 0.00845
0.0095441 0.0087474
0.0095497 0.0090367
0.0095553 0.0092275
0.009561 0.0094224
0.0095666 0.0096214
0.0095722 0.0097912
0.0095779 0.0097621
0.0095835 0.0097331
0.0095891 0.0097042
0.0095947 0.0096268
0.0096004 0.0092483
0.009606 0.0088847
0.0096116 0.0085354
0.0096173 0.0081479
0.0096229 0.0074484
0.0096285 0.0068089
0.0096341 0.0062243
0.0096398 0.0056515
0.0096454 0.0048836
0.009651 0.00422
0.0096567 0.0036466
0.0096623 0.0031326
0.0096679 0.0025694
0.0096735 0.0021075
0.0096792 0.0017286
0.0096848 0.0014125
0.0096904 0.001118
0.0096961 0.000885
0.0097017 0.0007005
0.0097073 0.0005539
0.0097129 0.0004341
0.0097186 0.0003403
0.0097242 0.0002667
0.0097298 0.0002094
0.0097355 0.0001671
0.0097411 0.0001333
0.0097467 0.0001064
0.0097523 8.52e-05
0.009758 7.09e-05
0.0097636 5.89e-05
0.0097692 4.9e-05
0.0097749 4.09e-05
0.0097805 3.6e-05
0.0097861 3.16e-05
0.0097917 2.78e-05
0.0097974 2.45e-05
0.009803 2.29e-05
0.0098086 2.14e-05
0.0098143 1.99e-05
0.0098199 1.86e-05
0.0098255 1.84e-05
0.0098311 1.81e-05
0.0098368 1.78e-05
0.0098424 1.76e-05
0.009848 1.82e-05
0.0098537 1.87e-05
0.0098593 1.93e-05
0.0098649 1.99e-05
0.0098705 2.11e-05
0.0098762 2.23e-05
0.0098818 2.37e-05
0.0098874 2.52e-05
0.0098931 2.71e-05
0.0098987 2.91e-05
0.0099043 3.13e-05
0.0099099 3.37e-05
0.0099156 3.63e-05
0.0099212 3.91e-05
0.0099268 4.22e-05
0.0099325 4.54e-05
0.0099381 4.85e-05
0.0099437 5.18e-05
0.0099493 5.54e-05
0.009955 5.92e-05
0.0099606 6.26e-05
0.0099662 6.62e-05
0.0099719 7e-05
0.0099775 7.4e-05
0.0099831 7.77e-05
0.0099887 8.16e-05
0.0099944 8.56e-05
0.01 8.99e-05
