0.001 0
0.0010056 0
0.0010113 0
0.0010169 0
0.0010225 0
0.0010281 0
0.0010338 0
0.0010394 0
0.001045 0
0.0010507 0
0.0010563 0
0.0010619 0
0.0010675 0
0.0010732 0
0.0010788 0
0.0010844 0
0.0010901 0
0.0010957 0
0.0011013 0
0.0011069 0
0.0011126 0
0.0011182 0
0.0011238 0
0.0011295 0
0.0011351 0
0.0011407 0
0.0011463 0
0.001152 0
0.0011576 0
0.0011632 0
0.0011689 0
0.0011745 0
0.0011801 0
0.0011857 0
0.0011914 0
0.001197 0
0.0012026 0
0.0012083 0
0.0012139 0
0.0012195 0
0.0012251 0
0.0012308 0
0.0012364 0
0.001242 0
0.0012477 0
0.0012533 0
0.0012589 0
0.0012645 0
0.0012702 0
0.0012758 0
0.0012814 0
0.0012871 0
0.0012927 0
0.0012983 0
0.0013039 0
0.0013096 0
0.0013152 0
0.0013208 0
0.0013265 0
0.0013321 0
0.0013377 0
0.0013433 0
0.001349 0
0.0013546 0
0.0013602 0
0.0013659 0
0.0013715 0
0.0013771 0
0.0013827 0
0.0013884 0
0.001394 0
0.0013996 0
0.0014053 0
0.0014109 0
0.0014165 0
0.0014221 0
0.0014278 0
0.0014334 0
0.001439 0
0.0014447 0
0.0014503 0
0.0014559 0
0.0014615 0
0.0014672 0
0.0014728 0
0.0014784 0
0.0014841 0
0.0014897 0
0.0014953 0
0.0015009 0
0.0015066 0
0.0015122 0
0.0015178 0
0.0015235 0
0.0015291 0
0.0015347 0
0.0015403 0
0.001546 0
0.0015516 0
0.0015572 0
0.0015629 0
0.0015685 0
0.0015741 0
0.0015797 0
0.0015854 0
0.001591 0
0.0015966 0
0.0016023 0
0.0016079 0
0.0016135 0
0.0016191 0
0.0016248 0
0.0016304 0
0.001636 0
0.0016417 0
0.0016473 0
0.0016529 0
0.0016585 0
0.0016642 0
0.0016698 0
0.0016754 0
0.0016811 0
0.0016867 0
0.0016923 0
0.0016979 0
0.0017036 0
0.0017092 0
0.0017148 0
0.0017205 0
0.0017261 0
0.0017317 0
0.0017373 0
0.001743 0
0.0017486 0
0.0017542 0
0.0017598 0
0.0017655 0
0.0017711 0
0.0017767 0
0.0017824 0
0.001788 0
0.0017936 0
0.0017992 0
0.0018049 0
0.0018105 0
0.0018161 0
0.0018218 0
0.0018274 0
0.001833 0
0.0018386 0
0.0018443 0
0.0018499 0
0.0018555 0
0.0018612 0
0.0018668 0
0.0018724 0
0.001878 0
0.0018837 0
0.0018893 0
0.0018949 0
0.0019006 0
0.0019062 0
0.0019118 0
0.0019174 0
0.0019231 0
0.0019287 0
0.0019343 0
0.00194 0
0.0019456 0
0.0019512 0
0.0019568 0
0.0019625 0
0.0019681 0
0.0019737 0
0.0019794 0
0.001985 0
0.0019906 0
0.0019962 0
0.0020019 0
0.0020075 0
0.0020131 0
0.0020188 0
0.0020244 0
0.00203 0
0.0020356 0
0.0020413 0
0.0020469 0
0.0020525 0
0.0020582 0
0.0020638 0
0.0020694 0
0.002075 0
0.0020807 0
0.0020863 0
0.0020919 0
0.0020976 0
0.0021032 0
0.0021088 0
0.0021144 0
0.0021201 0
0.0021257 0
0.0021313 0
0.002137 0
0.0021426 0
0.0021482 0
0.0021538 0
0.0021595 0
0.0021651 0
0.0021707 0
0.0021764 0
0.002182 0
0.0021876 0
0.0021932 0
0.0021989 0
0.0022045 1e-07
0.0022101 1e-07
0.0022158 1e-07
0.0022214 1e-07
0.002227 2e-07
0.0022326 2e-07
0.0022383 3e-07
0.0022439 3e-07
0.0022495 4e-07
0.0022552 5e-07
0.0022608 6e-07
0.0022664 8e-07
0.002272 1e-06
0.0022777 1.2e-06
0.0022833 1.5e-06
0.0022889 1.7e-06
0.0022946 2e-06
0.0023002 2.4e-06
0.0023058 2.8e-06
0.0023114 3.2e-06
0.0023171 3.5e-06
0.0023227 3.9e-06
0.0023283 4.4e-06
0.002334 4.7e-06
0.0023396 5e-06
0.0023452 5.3e-06
0.0023508 5.7e-06
0.0023565 5.9e-06
0.0023621 6e-06
0.0023677 6.1e-06
0.0023734 6.3e-06
0.002379 6.3e-06
0.0023846 6.3e-06
0.0023902 6.2e-06
0.0023959 6.2e-06
0.0024015 6.1e-06
0.0024071 6e-06
0.0024128 5.9e-06
0.0024184 5.8e-06
0.002424 5.7e-06
0.0024296 5.6e-06
0.0024353 5.5e-06
0.0024409 5.3e-06
0.0024465 5.3e-06
0.0024522 5.2e-06
0.0024578 5.1e-06
0.0024634 5e-06
0.002469 5e-06
0.0024747 5e-06
0.0024803 5e-06
0.0024859 5e-06
0.0024916 5.1e-06
0.0024972 5.2e-06
0.0025028 5.4e-06
0.0025084 5.5e-06
0.0025141 5.7e-06
0.0025197 6.1e-06
0.0025253 6.5e-06
0.002531 6.9e-06
0.0025366 7.6e-06
0.0025422 8.6e-06
0.0025478 9.6e-06
0.0025535 1.09e-05
0.0025591 1.27e-05
0.0025647 1.56e-05
0.0025704 1.9e-05
0.002576 2.32e-05
0.0025816 2.99e-05
0.0025872 4.09e-05
0.0025929 5.59e-05
0.0025985 7.63e-05
0.0026041 0.0001111
0.0026098 0.000174
0.0026154 0.0002726
0.002621 0.000427
0.0026266 0.0007127
0.0026323 0.0012823
0.0026379 0.0023071
0.0026435 0.0041509
0.0026492 0.0077652
0.0026548 0.0152332
0.0026604 0.029883
0.002666 0.0586219
0.0026717 0.1135433
0.0026773 0.2164332
0.0026829 0.4125592
0.0026886 0.7864093
0.0026942 1.3989111
0.0026998 2.2756813
0.0027054 3.701969
0.0027111 6.0221853
0.0027167 8.8933207
0.0027223 11.5440574
0.002728 14.9848708
0.0027336 19.4512505
0.0027392 23.0633437
0.0027448 24.145284
0.0027505 25.2779799
0.0027561 26.4638125
0.0027617 25.8521822
0.0027674 22.8930689
0.002773 20.2726639
0.0027786 17.9521979
0.0027842 15.1778389
0.0027899 11.9915545
0.0027955 9.474167
0.0028011 7.4852547
0.0028068 5.7597899
0.0028124 4.2589281
0.002818 3.1491545
0.0028236 2.3285611
0.0028293 1.7030288
0.0028349 1.2244549
0.0028405 0.8803666
0.0028462 0.6329718
0.0028518 0.4550267
0.0028574 0.3270239
0.002863 0.2350294
0.0028687 0.1689137
0.0028743 0.1222129
0.0028799 0.0894126
0.0028856 0.0654155
0.0028912 0.0478589
0.0028968 0.0353897
0.0029024 0.0266523
0.0029081 0.020072
0.0029137 0.0151164
0.0029193 0.011531
0.002925 0.008998
0.0029306 0.0070213
0.0029362 0.0054789
0.0029418 0.0043359
0.0029475 0.0035208
0.0029531 0.002859
0.0029587 0.0023215
0.0029644 0.001914
0.00297 0.001624
0.0029756 0.0013779
0.0029812 0.0011691
0.0029869 0.0010087
0.0029925 0.0008992
0.0029981 0.0008016
0.0030038 0.0007146
0.0030094 0.0006492
0.003015 0.0006127
0.0030206 0.0005783
0.0030263 0.0005458
0.0030319 0.0005263
0.0030375 0.0005306
0.0030432 0.000535
0.0030488 0.0005394
0.0030544 0.0005565
0.00306 0.0006033
0.0030657 0.000654
0.0030713 0.0007091
0.0030769 0.0007857
0.0030826 0.0009142
0.0030882 0.0010637
0.0030938 0.0012377
0.0030994 0.001464
0.0031051 0.0017991
0.0031107 0.0022109
0.0031163 0.002717
0.003122 0.0033631
0.0031276 0.0042357
0.0031332 0.0053348
0.0031388 0.0067191
0.0031445 0.0084362
0.0031501 0.0105098
0.0031557 0.0130932
0.0031614 0.0163116
0.003167 0.0200954
0.0031726 0.0240493
0.0031782 0.0287813
0.0031839 0.0344443
0.0031895 0.040599
0.0031951 0.045931
0.0032008 0.0519633
0.0032064 0.0587878
0.003212 0.0654807
0.0032176 0.0698232
0.0032233 0.0744536
0.0032289 0.0793911
0.0032345 0.0835175
0.0032402 0.0844618
0.0032458 0.0854168
0.0032514 0.0863825
0.003257 0.0864578
0.0032627 0.0838557
0.0032683 0.0813319
0.0032739 0.078884
0.0032795 0.0759766
0.0032852 0.0715789
0.0032908 0.0674357
0.0032964 0.0635324
0.0033021 0.0596154
0.0033077 0.0552066
0.0033133 0.0511238
0.0033189 0.047343
0.0033246 0.0437662
0.0033302 0.0402204
0.0033358 0.0369619
0.0033415 0.0339674
0.0033471 0.0312107
0.0033527 0.0286617
0.0033583 0.0263209
0.003364 0.0241713
0.0033696 0.0222174
0.0033752 0.020491
0.0033809 0.0188987
0.0033865 0.0174302
0.0033921 0.0161041
0.0033977 0.014982
0.0034034 0.0139381
0.003409 0.0129669
0.0034146 0.0120959
0.0034203 0.0114092
0.0034259 0.0107614
0.0034315 0.0101504
0.0034371 0.0096113
0.0034428 0.0092544
0.0034484 0.0089107
0.003454 0.0085798
0.0034597 0.0083045
0.0034653 0.0082314
0.0034709 0.0081588
0.0034765 0.008087
0.0034822 0.0080671
0.0034878 0.0082969
0.0034934 0.0085332
0.0034991 0.0087762
0.0035047 0.0090874
0.0035103 0.009736
0.0035159 0.0104309
0.0035216 0.0111755
0.0035272 0.0120446
0.0035328 0.0133994
0.0035385 0.0149066
0.0035441 0.0165833
0.0035497 0.0185233
0.0035553 0.0211678
0.003561 0.0241898
0.0035666 0.0276432
0.0035722 0.0316398
0.0035779 0.0365601
0.0035835 0.0422455
0.0035891 0.0488152
0.0035947 0.0563613
0.0036004 0.0647417
0.003606 0.0743683
0.0036116 0.0854263
0.0036173 0.0978661
0.0036229 0.1100875
0.0036285 0.1238349
0.0036341 0.1392992
0.0036398 0.1561026
0.0036454 0.1701582
0.003651 0.1854793
0.0036567 0.20218
0.0036623 0.2194978
0.0036679 0.2308602
0.0036735 0.2428108
0.0036792 0.25538
0.0036848 0.2676404
0.0036904 0.2720855
0.0036961 0.2766045
0.0037017 0.2811985
0.0037073 0.2850665
0.0037129 0.2815867
0.0037186 0.2781493
0.0037242 0.2747539
0.0037298 0.2708261
0.0037355 0.2613175
0.0037411 0.2521426
0.0037467 0.2432899
0.0037523 0.2343521
0.003758 0.2215557
0.0037636 0.209458
0.0037692 0.1980209
0.0037749 0.1869297
0.0037805 0.1732565
0.0037861 0.1605834
0.0037917 0.1488373
0.0037974 0.1377641
0.003803 0.1251626
0.0038086 0.1137137
0.0038143 0.1033121
0.0038199 0.0937601
0.0038255 0.08366
0.0038311 0.0746479
0.0038368 0.0666066
0.0038424 0.0593962
0.003848 0.0524026
0.0038537 0.0462325
0.0038593 0.0407889
0.0038649 0.0359879
0.0038705 0.0317836
0.0038762 0.0280705
0.0038818 0.0247911
0.0038874 0.0219083
0.0038931 0.0196656
0.0038987 0.0176526
0.0039043 0.0158456
0.0039099 0.0142361
0.0039156 0.0131572
0.0039212 0.0121601
0.0039268 0.0112385
0.0039325 0.0103952
0.0039381 0.0099572
0.0039437 0.0095377
0.0039493 0.0091358
0.003955 0.0087555
0.0039606 0.0086891
0.0039662 0.0086232
0.0039719 0.0085579
0.0039775 0.0084949
0.0039831 0.0086921
0.0039887 0.0088939
0.0039944 0.0091003
0.004 0.0093116
0.0040056 0.0097601
0.0040113 0.0102301
0.0040169 0.0107228
0.0040225 0.0112392
0.0040281 0.0119938
0.0040338 0.0128009
0.0040394 0.0136622
0.004045 0.0145815
0.0040507 0.0157705
0.0040563 0.0170599
0.0040619 0.0184548
0.0040675 0.0199637
0.0040732 0.021817
0.0040788 0.023848
0.0040844 0.026068
0.0040901 0.0284946
0.0040957 0.0314083
0.0041013 0.034629
0.0041069 0.0381798
0.0041126 0.0420948
0.0041182 0.046742
0.0041238 0.0519167
0.0041295 0.0576642
0.0041351 0.064048
0.0041407 0.0715309
0.0041463 0.0799088
0.004152 0.0892679
0.0041576 0.0997232
0.0041632 0.1116782
0.0041689 0.1250834
0.0041745 0.1400977
0.0041801 0.1569143
0.0041857 0.1752403
0.0041914 0.1956702
0.004197 0.218482
0.0042026 0.2439531
0.0042083 0.2694599
0.0042139 0.2973997
0.0042195 0.3282365
0.0042251 0.3622707
0.0042308 0.3918114
0.0042364 0.4230632
0.004242 0.4568077
0.0042477 0.4932437
0.0042533 0.5175239
0.0042589 0.5415966
0.0042645 0.566789
0.0042702 0.5931533
0.0042758 0.6006406
0.0042814 0.6062398
0.0042871 0.6118912
0.0042927 0.6175954
0.0042983 0.6043423
0.0043039 0.5893927
0.0043096 0.5748129
0.0043152 0.5605938
0.0043208 0.5340915
0.0043265 0.5074443
0.0043321 0.4821265
0.0043377 0.458072
0.0043433 0.4296789
0.004349 0.40239
0.0043546 0.3768342
0.0043602 0.3529015
0.0043659 0.3297343
0.0043715 0.3079917
0.0043771 0.2876828
0.0043827 0.2687131
0.0043884 0.2525405
0.004394 0.237555
0.0043996 0.2234587
0.0044053 0.2101989
0.0044109 0.2000315
0.0044165 0.1907016
0.0044221 0.1818068
0.0044278 0.1733269
0.0044334 0.1675439
0.004439 0.1623277
0.0044447 0.1572738
0.0044503 0.1523773
0.0044559 0.1495475
0.0044615 0.1471052
0.0044672 0.1447029
0.0044728 0.1423398
0.0044784 0.1412977
0.0044841 0.1405033
0.0044897 0.1397133
0.0044953 0.1389278
0.0045009 0.1386247
0.0045066 0.1384171
0.0045122 0.1382097
0.0045178 0.1380026
0.0045235 0.1374041
0.0045291 0.1367267
0.0045347 0.1360527
0.0045403 0.135382
0.004546 0.1335436
0.0045516 0.1314772
0.0045572 0.1294428
0.0045629 0.1274399
0.0045685 0.1237755
0.0045741 0.1198391
0.0045797 0.1160278
0.0045854 0.1123378
0.004591 0.1069438
0.0045966 0.1013919
0.0046023 0.0961282
0.0046079 0.0911377
0.0046135 0.0848806
0.0046191 0.0786951
0.0046248 0.0729604
0.0046304 0.0676436
0.004636 0.0617537
0.0046417 0.0561451
0.0046473 0.0510459
0.0046529 0.0464098
0.0046585 0.0417906
0.0046642 0.0375303
0.0046698 0.0337043
0.0046754 0.0302684
0.0046811 0.0271346
0.0046867 0.0243127
0.0046923 0.0217843
0.0046979 0.0195188
0.0047036 0.0175905
0.0047092 0.0158805
0.0047148 0.0143369
0.0047205 0.0129432
0.0047261 0.0118171
0.0047317 0.0108275
0.0047373 0.0099207
0.004743 0.0090899
0.0047486 0.0084472
0.0047542 0.0078867
0.0047598 0.0073634
0.0047655 0.0068748
0.0047711 0.0065165
0.0047767 0.0062091
0.0047824 0.0059161
0.004788 0.005637
0.0047936 0.0054527
0.0047992 0.005303
0.0048049 0.0051574
0.0048105 0.0050158
0.0048161 0.0049492
0.0048218 0.0049099
0.0048274 0.0048709
0.004833 0.0048322
0.0048386 0.0048577
0.0048443 0.0049084
0.0048499 0.0049596
0.0048555 0.0050113
0.0048612 0.0051192
0.0048668 0.0052524
0.0048724 0.0053891
0.004878 0.0055293
0.0048837 0.0057148
0.0048893 0.0059245
0.0048949 0.0061419
0.0049006 0.0063673
0.0049062 0.006619
0.0049118 0.0068887
0.0049174 0.0071693
0.0049231 0.0074614
0.0049287 0.0077499
0.0049343 0.0080423
0.00494 0.0083458
0.0049456 0.0086607
0.0049512 0.0089331
0.0049568 0.0091883
0.0049625 0.0094507
0.0049681 0.0097207
0.0049737 0.009907
0.0049794 0.0100527
0.004985 0.0102006
0.0049906 0.0103506
0.0049962 0.0103847
0.0050019 0.0103608
0.0050075 0.0103369
0.0050131 0.0103131
0.0050188 0.0101634
0.0050244 0.009953
0.00503 0.0097469
0.0050356 0.009545
0.0050413 0.0092391
0.0050469 0.0088881
0.0050525 0.0085504
0.0050582 0.0082256
0.0050638 0.0078449
0.0050694 0.0074466
0.005075 0.0070684
0.0050807 0.0067095
0.0050863 0.0063488
0.0050919 0.0059967
0.0050976 0.0056642
0.0051032 0.0053501
0.0051088 0.0050747
0.0051144 0.0048252
0.0051201 0.004588
0.0051257 0.0043624
0.0051313 0.0041989
0.005137 0.0040714
0.0051426 0.0039477
0.0051482 0.0038278
0.0051538 0.003786
0.0051595 0.0037912
0.0051651 0.0037964
0.0051707 0.0038017
0.0051764 0.0039097
0.005182 0.00409
0.0051876 0.0042787
0.0051932 0.0044762
0.0051989 0.0048366
0.0052045 0.0053394
0.0052101 0.0058943
0.0052158 0.006507
0.0052214 0.0074533
0.005227 0.0087553
0.0052326 0.0102847
0.0052383 0.0120813
0.0052439 0.0147681
0.0052495 0.0185664
0.0052552 0.0233415
0.0052608 0.0293448
0.0052664 0.0384048
0.005272 0.0517525
0.0052777 0.0697394
0.0052833 0.0939776
0.0052889 0.131386
0.0052946 0.1888242
0.0053002 0.2713728
0.0053058 0.3900092
0.0053114 0.5767487
0.0053171 0.871947
0.0053227 1.3182373
0.0053283 1.9929531
0.005334 3.0596776
0.0053396 4.7552824
0.0053452 7.3905533
0.0053508 11.4862324
0.0053565 17.8301047
0.0053621 27.6502595
0.0053677 42.8789884
0.0053734 66.4951315
0.005379 101.2692484
0.0053846 151.8826642
0.0053902 227.7921881
0.0053959 341.6405764
0.0054015 496.1147583
0.0054071 700.4124339
0.0054128 988.8389115
0.0054184 1396.0380278
0.005424 1888.6693156
0.0054296 2458.9680079
0.0054353 3201.4729174
0.0054409 4168.1830784
0.0054465 5162.9318384
0.0054522 6106.147582
0.0054578 7221.6793596
0.0054634 8541.0075786
0.005469 9563.3903392
0.0054747 10162.3727647
0.0054803 10798.8711687
0.0054859 11475.2352839
0.0054916 11517.6702903
0.0054972 10928.4191387
0.0055028 10369.3144412
0.0055084 9838.8138867
0.0055141 8826.6663464
0.0055197 7480.7160477
0.0055253 6340.0054325
0.005531 5373.2381536
0.0055366 4326.6278461
0.0055422 3302.2035862
0.0055478 2520.334291
0.0055535 1923.5897402
0.0055591 1406.7924768
0.0055647 982.568241
0.0055704 686.2706222
0.005576 479.3228065
0.0055816 324.5049093
0.0055872 212.2122999
0.0055929 138.7777471
0.0055985 90.7546975
0.0056041 58.3163892
0.0056098 36.7262944
0.0056154 23.129359
0.005621 14.5663279
0.0056266 9.1479389
0.0056323 5.7261711
0.0056379 3.5843086
0.0056435 2.2436053
0.0056492 1.4215551
0.0056548 0.9141138
0.0056604 0.5878098
0.005666 0.377984
0.0056717 0.2495054
0.0056773 0.1701951
0.0056829 0.1160952
0.0056886 0.079192
0.0056942 0.0561145
0.0056998 0.0417676
0.0057054 0.0310888
0.0057111 0.0231403
0.0057167 0.0180418
0.0057223 0.0149641
0.005728 0.0124114
0.0057336 0.0102942
0.0057392 0.0089745
0.0057448 0.008379
0.0057505 0.007823
0.0057561 0.0073038
0.0057617 0.0071509
0.0057674 0.0074889
0.005773 0.007843
0.0057786 0.0082137
0.0057842 0.008947
0.0057899 0.0103229
0.0057955 0.0119103
0.0058011 0.0137419
0.0058068 0.0162819
0.0058124 0.0200805
0.005818 0.0247653
0.0058236 0.0305431
0.0058293 0.0381119
0.0058349 0.0484301
0.0058405 0.0615418
0.0058462 0.0782034
0.0058518 0.099155
0.0058574 0.1252711
0.005863 0.1582657
0.0058687 0.1999506
0.0058743 0.2494422
0.0058799 0.3047235
0.0058856 0.3722561
0.0058912 0.4547554
0.0058968 0.545363
0.0059024 0.6336232
0.0059081 0.7361672
0.0059137 0.8553066
0.0059193 0.9737318
0.005925 1.0693605
0.0059306 1.1743809
0.0059362 1.289715
0.0059418 1.3888263
0.0059475 1.4427557
0.0059531 1.4987792
0.0059587 1.5569782
0.0059644 1.5887743
0.00597 1.5673125
0.0059756 1.5461405
0.0059812 1.5252545
0.0059869 1.4809035
0.0059925 1.3937997
0.0059981 1.3118193
0.0060038 1.2346607
0.0060094 1.1458799
0.006015 1.0337797
0.0060206 0.9326461
0.0060263 0.8414064
0.0060319 0.7499691
0.0060375 0.6517632
0.0060432 0.566417
0.0060488 0.4922466
0.0060544 0.4235569
0.00606 0.3566862
0.0060657 0.3003731
0.0060713 0.2529505
0.0060769 0.2114744
0.0060826 0.1739429
0.0060882 0.1430723
0.0060938 0.1176805
0.0060994 0.0964361
0.0061051 0.0783471
0.0061107 0.0636511
0.0061163 0.0517117
0.006122 0.0420514
0.0061276 0.0342732
0.0061332 0.0279337
0.0061388 0.0227668
0.0061445 0.0186791
0.0061501 0.0155815
0.0061557 0.0129975
0.0061614 0.0108421
0.006167 0.0091591
0.0061726 0.0079952
0.0061782 0.0069792
0.0061839 0.0060923
0.0061895 0.0054121
0.0061951 0.00504
0.0062008 0.0046935
0.0062064 0.0043708
0.006212 0.004151
0.0062176 0.0041649
0.0062233 0.0041789
0.0062289 0.0041929
0.0062345 0.0042841
0.0062402 0.0046151
0.0062458 0.0049717
0.0062514 0.0053558
0.006257 0.0058494
0.0062627 0.0066598
0.0062683 0.0075825
0.0062739 0.0086331
0.0062795 0.0099068
0.0062852 0.0116543
0.0062908 0.01371
0.0062964 0.0161283
0.0063021 0.0190135
0.0063077 0.022572
0.0063133 0.0267964
0.0063189 0.0318116
0.0063246 0.0376668
0.0063302 0.0442017
0.0063358 0.0518704
0.0063415 0.0608696
0.0063471 0.0709987
0.0063527 0.0810335
0.0063583 0.0924867
0.006364 0.1055586
0.0063696 0.1194908
0.0063752 0.1311516
0.0063809 0.1439504
0.0063865 0.1579982
0.0063921 0.1718268
0.0063977 0.1802291
0.0064034 0.1890422
0.006409 0.1982863
0.0064146 0.2060887
0.0064203 0.2062853
0.0064259 0.2064821
0.0064315 0.206679
0.0064371 0.2051729
0.0064428 0.1965317
0.0064484 0.1882544
0.006454 0.1803258
0.0064597 0.1715487
0.0064653 0.1581866
0.0064709 0.1458652
0.0064765 0.1345036
0.0064822 0.1233818
0.0064878 0.1103915
0.0064934 0.0987689
0.0064991 0.08837
0.0065047 0.0787921
0.0065103 0.069033
0.0065159 0.0604827
0.0065216 0.0529914
0.0065272 0.0463494
0.0065328 0.040176
0.0065385 0.0348248
0.0065441 0.0301863
0.0065497 0.0261683
0.0065553 0.022698
0.006561 0.0196878
0.0065666 0.0170769
0.0065722 0.0148395
0.0065779 0.0130383
0.0065835 0.0114558
0.0065891 0.0100653
0.0065947 0.0088735
0.0066004 0.0079932
0.006606 0.0072003
0.0066116 0.006486
0.0066173 0.0058689
0.0066229 0.0054756
0.0066285 0.0051086
0.0066341 0.0047662
0.0066398 0.0044691
0.0066454 0.0043466
0.006651 0.0042274
0.0066567 0.0041115
0.0066623 0.0040183
0.0066679 0.0040806
0.0066735 0.0041438
0.0066792 0.0042081
0.0066848 0.0042914
0.0066904 0.0045361
0.0066961 0.0047947
0.0067017 0.0050681
0.0067073 0.0053746
0.0067129 0.0058744
0.0067186 0.0064206
0.0067242 0.0070176
0.0067298 0.0076875
0.0067355 0.0086152
0.0067411 0.009655
0.0067467 0.0108202
0.0067523 0.0121423
0.006758 0.0138307
0.0067636 0.0157537
0.0067692 0.0179442
0.0067749 0.0204516
0.0067805 0.0234828
0.0067861 0.0269632
0.0067917 0.0309596
0.0067974 0.0355499
0.006803 0.0408468
0.0068086 0.0469329
0.0068143 0.053926
0.0068199 0.0619394
0.0068255 0.0707578
0.0068311 0.0808317
0.0068368 0.0923399
0.0068424 0.1054222
0.006848 0.1190433
0.0068537 0.1344243
0.0068593 0.1517926
0.0068649 0.1712743
0.0068705 0.190159
0.0068762 0.2111259
0.0068818 0.2344047
0.0068874 0.2600374
0.0068931 0.2824963
0.0068987 0.306895
0.0069043 0.3334008
0.0069099 0.3619155
0.0069156 0.3831759
0.0069212 0.4056851
0.0069268 0.4295167
0.0069325 0.4544585
0.0069381 0.4677511
0.0069437 0.4814326
0.0069493 0.4955142
0.006955 0.5097897
0.0069606 0.50999
0.0069662 0.5101904
0.0069719 0.5103908
0.0069775 0.5104924
0.0069831 0.4976964
0.0069887 0.4852211
0.0069944 0.4730585
0.007 0.4612007
0.0070056 0.4405331
0.0070113 0.4207917
0.0070169 0.401935
0.0070225 0.3839233
0.0070281 0.3618239
0.0070338 0.3409619
0.0070394 0.3213028
0.007045 0.3027771
0.0070507 0.2834649
0.0070563 0.265358
0.0070619 0.2484077
0.0070675 0.2325402
0.0070732 0.2174187
0.0070788 0.2032746
0.0070844 0.1900507
0.0070901 0.1776871
0.0070957 0.1663895
0.0071013 0.1558177
0.0071069 0.1459177
0.0071126 0.1366467
0.0071182 0.1282023
0.0071238 0.1202884
0.0071295 0.1128631
0.0071351 0.1058961
0.0071407 0.0993812
0.0071463 0.093268
0.007152 0.0875309
0.0071576 0.0821466
0.0071632 0.0769059
0.0071689 0.0719897
0.0071745 0.0673878
0.0071801 0.0630801
0.0071857 0.0587368
0.0071914 0.0546741
0.007197 0.0508924
0.0072026 0.0473723
0.0072083 0.0437581
0.0072139 0.0403971
0.0072195 0.0372942
0.0072251 0.0344297
0.0072308 0.0314914
0.0072364 0.0287821
0.007242 0.0263059
0.0072477 0.0240427
0.0072533 0.0217582
0.0072589 0.0196732
0.0072645 0.017788
0.0072702 0.0160835
0.0072758 0.0144069
0.0072814 0.012893
0.0072871 0.0115382
0.0072927 0.0103258
0.0072983 0.0091701
0.0073039 0.008137
0.0073096 0.0072203
0.0073152 0.0064069
0.0073208 0.0056572
0.0073265 0.0049924
0.0073321 0.0044057
0.0073377 0.0038879
0.0073433 0.0034265
0.007349 0.0030194
0.0073546 0.0026606
0.0073602 0.0023445
0.0073659 0.0020715
0.0073715 0.0018309
0.0073771 0.0016183
0.0073827 0.0014304
0.0073884 0.0012727
0.007394 0.0011335
0.0073996 0.0010094
0.0074053 0.000899
0.0074109 0.0008087
0.0074165 0.0007286
0.0074221 0.0006564
0.0074278 0.0005914
0.0074334 0.0005396
0.007439 0.0004934
0.0074447 0.0004511
0.0074503 0.0004124
0.0074559 0.0003826
0.0074615 0.0003558
0.0074672 0.0003308
0.0074728 0.0003077
0.0074784 0.0002905
0.0074841 0.0002752
0.0074897 0.0002606
0.0074953 0.0002468
0.0075009 0.0002373
0.0075066 0.000229
0.0075122 0.0002209
0.0075178 0.0002131
0.0075235 0.0002085
0.0075291 0.0002047
0.0075347 0.000201
0.0075403 0.0001973
0.007546 0.0001961
0.0075516 0.0001955
0.0075572 0.0001949
0.0075629 0.0001943
0.0075685 0.0001956
0.0075741 0.0001973
0.0075797 0.0001991
0.0075854 0.0002008
0.007591 0.0002039
0.0075966 0.0002073
0.0076023 0.0002107
0.0076079 0.0002142
0.0076135 0.0002183
0.0076191 0.0002225
0.0076248 0.0002269
0.0076304 0.0002313
0.007636 0.0002354
0.0076417 0.0002395
0.0076473 0.0002436
0.0076529 0.0002478
0.0076585 0.0002509
0.0076642 0.0002536
0.0076698 0.0002563
0.0076754 0.000259
0.0076811 0.0002598
0.0076867 0.00026
0.0076923 0.0002601
0.0076979 0.0002603
0.0077036 0.0002581
0.0077092 0.0002551
0.0077148 0.0002522
0.0077205 0.0002494
0.0077261 0.0002442
0.0077317 0.0002385
0.0077373 0.0002329
0.007743 0.0002274
0.0077486 0.0002203
0.0077542 0.000213
0.0077598 0.0002058
0.0077655 0.000199
0.0077711 0.0001916
0.0077767 0.0001842
0.0077824 0.0001771
0.007788 0.0001703
0.0077936 0.000164
0.0077992 0.0001581
0.0078049 0.0001524
0.0078105 0.000147
0.0078161 0.000143
0.0078218 0.0001397
0.0078274 0.0001364
0.007833 0.0001332
0.0078386 0.0001325
0.0078443 0.0001326
0.0078499 0.0001328
0.0078555 0.0001329
0.0078612 0.0001367
0.0078668 0.000142
0.0078724 0.0001475
0.007878 0.0001532
0.0078837 0.0001646
0.0078893 0.0001792
0.0078949 0.0001952
0.0079006 0.0002127
0.0079062 0.0002408
0.0079118 0.0002772
0.0079174 0.0003191
0.0079231 0.0003673
0.0079287 0.0004406
0.0079343 0.0005383
0.00794 0.0006577
0.0079456 0.0008036
0.0079512 0.0010225
0.0079568 0.0013257
0.0079625 0.0017189
0.0079681 0.0022287
0.0079737 0.0029987
0.0079794 0.0041069
0.007985 0.0056247
0.0079906 0.0077033
0.0079962 0.0108764
0.0080019 0.0155896
0.0080075 0.0223452
0.0080131 0.0320283
0.0080188 0.0468855
0.0080244 0.0693786
0.00803 0.1026625
0.0080356 0.1519143
0.0080413 0.2268829
0.0080469 0.3405091
0.0080525 0.5110409
0.0080582 0.7669773
0.0080638 1.145863
0.0080694 1.7076646
0.008075 2.5449102
0.0080807 3.7926462
0.0080863 5.5423911
0.0080919 8.0102029
0.0080976 11.5768356
0.0081032 16.7315515
0.0081088 23.3519135
0.0081144 31.9348843
0.0081201 43.6725169
0.0081257 59.7243038
0.0081313 77.7593709
0.008137 98.2874839
0.0081426 124.2349234
0.0081482 157.0323665
0.0081538 186.7815609
0.0081595 213.9237024
0.0081651 245.010001
0.0081707 280.6136016
0.0081764 300.1525324
0.008182 307.2656586
0.0081876 314.5473543
0.0081932 322.0016143
0.0081989 307.1296825
0.0082045 279.5382894
0.0082101 254.425605
0.0082158 231.568951
0.0082214 197.0581962
0.008227 160.1568562
0.0082326 130.1657028
0.0082383 105.7907266
0.0082439 81.1211161
0.0082495 59.7042671
0.0082552 43.9416971
0.0082608 32.3406155
0.0082664 22.7683904
0.008272 15.5199091
0.0082777 10.5790341
0.0082833 7.2111223
0.0082889 4.7823438
0.0082946 3.1069877
0.0083002 2.0185443
0.0083058 1.3114056
0.0083114 0.8443034
0.0083171 0.539778
0.0083227 0.3450896
0.0083283 0.2206219
0.008334 0.142308
0.0083396 0.0924467
0.0083452 0.0600556
0.0083508 0.0390135
0.0083565 0.0259809
0.0083621 0.0176583
0.0083677 0.0120018
0.0083734 0.0081572
0.008379 0.0057556
0.0083846 0.0041918
0.0083902 0.0030529
0.0083959 0.0022234
0.0084015 0.0016953
0.0084071 0.0013455
0.0084128 0.0010679
0.0084184 0.0008476
0.008424 0.0007071
0.0084296 0.000617
0.0084353 0.0005383
0.0084409 0.0004697
0.0084465 0.0004307
0.0084522 0.0004134
0.0084578 0.0003969
0.0084634 0.000381
0.008469 0.0003826
0.0084747 0.0004012
0.0084803 0.0004208
0.0084859 0.0004412
0.0084916 0.0004805
0.0084972 0.000543
0.0085028 0.0006136
0.0085084 0.0006935
0.0085141 0.0008057
0.0085197 0.0009627
0.0085253 0.0011503
0.008531 0.0013746
0.0085366 0.0016692
0.0085422 0.0020615
0.0085478 0.002546
0.0085535 0.0031444
0.0085591 0.003899
0.0085647 0.0048557
0.0085704 0.0060471
0.008576 0.0075309
0.0085816 0.0093069
0.0085872 0.011404
0.0085929 0.0139736
0.0085985 0.0171223
0.0086041 0.0206077
0.0086098 0.0242989
0.0086154 0.0286511
0.008621 0.0337829
0.0086266 0.0388202
0.0086323 0.0432719
0.0086379 0.0482339
0.0086435 0.0537651
0.0086492 0.0581247
0.0086548 0.0605417
0.0086604 0.0630593
0.008666 0.0656816
0.0086717 0.0662512
0.0086773 0.0641882
0.0086829 0.0621895
0.0086886 0.060253
0.0086942 0.0566252
0.0086998 0.0511602
0.0087054 0.0462227
0.0087111 0.0417617
0.0087167 0.0367573
0.0087223 0.0312438
0.008728 0.0265573
0.0087336 0.0225738
0.0087392 0.0188105
0.0087448 0.0152523
0.0087505 0.0123672
0.0087561 0.0100278
0.0087617 0.0080313
0.0087674 0.0063208
0.008773 0.0049746
0.0087786 0.0039151
0.0087842 0.0030681
0.0087899 0.0023893
0.0087955 0.0018607
0.0088011 0.001449
0.0088068 0.0011325
0.0088124 0.00089
0.008818 0.0006994
0.0088236 0.0005496
0.0088293 0.0004366
0.0088349 0.0003526
0.0088405 0.0002848
0.0088462 0.0002301
0.0088518 0.0001889
0.0088574 0.0001593
0.008863 0.0001344
0.0088687 0.0001133
0.0088743 9.75e-05
0.0088799 8.69e-05
0.0088856 7.74e-05
0.0088912 6.89e-05
0.0088968 6.28e-05
0.0089024 5.94e-05
0.0089081 5.62e-05
0.0089137 5.32e-05
0.0089193 5.14e-05
0.008925 5.17e-05
0.0089306 5.19e-05
0.0089362 5.22e-05
0.0089418 5.34e-05
0.0089475 5.66e-05
0.0089531 6e-05
0.0089587 6.36e-05
0.0089644 6.84e-05
0.00897 7.56e-05
0.0089756 8.35e-05
0.0089812 9.22e-05
0.0089869 0.0001027
0.0089925 0.0001164
0.0089981 0.0001319
0.0090038 0.0001494
0.0090094 0.0001697
0.009015 0.0001938
0.0090206 0.0002214
0.0090263 0.0002529
0.0090319 0.0002882
0.0090375 0.0003267
0.0090432 0.0003704
0.0090488 0.0004199
0.0090544 0.0004731
0.00906 0.0005256
0.0090657 0.000584
0.0090713 0.0006488
0.0090769 0.0007146
0.0090826 0.0007715
0.0090882 0.000833
0.0090938 0.0008994
0.0090994 0.0009616
0.0091051 0.001005
0.0091107 0.0010502
0.0091163 0.0010976
0.009122 0.0011361
0.0091276 0.0011494
0.0091332 0.0011628
0.0091388 0.0011764
0.0091445 0.0011804
0.0091501 0.0011602
0.0091557 0.0011403
0.0091614 0.0011208
0.009167 0.0010948
0.0091726 0.0010519
0.0091782 0.0010108
0.0091839 0.0009713
0.0091895 0.0009295
0.0091951 0.0008799
0.0092008 0.000833
0.0092064 0.0007885
0.009212 0.0007452
0.0092176 0.0007007
0.0092233 0.0006589
0.0092289 0.0006196
0.0092345 0.0005828
0.0092402 0.0005486
0.0092458 0.0005164
0.0092514 0.0004862
0.009257 0.0004585
0.0092627 0.000435
0.0092683 0.0004127
0.0092739 0.0003915
0.0092795 0.0003726
0.0092852 0.0003581
0.0092908 0.0003442
0.0092964 0.0003308
0.0093021 0.0003191
0.0093077 0.0003117
0.0093133 0.0003045
0.0093189 0.0002975
0.0093246 0.0002918
0.0093302 0.0002903
0.0093358 0.0002887
0.0093415 0.0002872
0.0093471 0.0002868
0.0093527 0.0002905
0.0093583 0.0002943
0.009364 0.0002981
0.0093696 0.000303
0.0093752 0.000312
0.0093809 0.0003214
0.0093865 0.000331
0.0093921 0.0003418
0.0093977 0.0003568
0.0094034 0.0003724
0.009409 0.0003887
0.0094146 0.0004065
0.0094203 0.0004283
0.0094259 0.0004512
0.0094315 0.0004754
0.0094371 0.0005013
0.0094428 0.0005304
0.0094484 0.0005612
0.009454 0.0005938
0.0094597 0.0006282
0.0094653 0.0006643
0.0094709 0.0007024
0.0094765 0.0007427
0.0094822 0.0007846
0.0094878 0.0008256
0.0094934 0.0008687
0.0094991 0.000914
0.0095047 0.0009605
0.0095103 0.0010027
0.0095159 0.0010467
0.0095216 0.0010927
0.0095272 0.0011391
0.0095328 0.0011783
0.0095385 0.0012188
0.0095441 0.0012608
0.0095497 0.0013024
0.0095553 0.0013352
0.009561 0.0013689
0.0095666 0.0014034
0.0095722 0.0014373
0.0095779 0.0014624
0.0095835 0.001488
0.0095891 0.0015141
0.0095947 0.0015394
0.0096004 0.0015571
0.009606 0.001575
0.0096116 0.0015932
0.0096173 0.0016105
0.0096229 0.0016209
0.0096285 0.0016314
0.0096341 0.001642
0.0096398 0.0016515
0.0096454 0.0016527
0.009651 0.001654
0.0096567 0.0016552
0.0096623 0.0016549
0.0096679 0.0016424
0.0096735 0.00163
0.0096792 0.0016177
0.0096848 0.0016035
0.0096904 0.001572
0.0096961 0.0015411
0.0097017 0.0015109
0.0097073 0.0014789
0.0097129 0.0014269
0.0097186 0.0013767
0.0097242 0.0013283
0.0097298 0.0012795
0.0097355 0.001213
0.0097411 0.0011499
0.0097467 0.0010901
0.0097523 0.001032
0.009758 0.0009627
0.0097636 0.0008981
0.0097692 0.0008379
0.0097749 0.000781
0.0097805 0.0007202
0.0097861 0.0006641
0.0097917 0.0006125
0.0097974 0.0005646
0.009803 0.0005177
0.0098086 0.0004747
0.0098143 0.0004353
0.0098199 0.0003992
0.0098255 0.000366
0.0098311 0.0003356
0.0098368 0.0003077
0.0098424 0.0002821
0.009848 0.0002597
0.0098537 0.000239
0.0098593 0.0002199
0.0098649 0.0002024
0.0098705 0.0001873
0.0098762 0.0001734
0.0098818 0.0001605
0.0098874 0.0001485
0.0098931 0.0001383
0.0098987 0.0001287
0.0099043 0.0001198
0.0099099 0.0001116
0.0099156 0.0001044
0.0099212 9.77e-05
0.0099268 9.14e-05
0.0099325 8.55e-05
0.0099381 8.03e-05
0.0099437 7.54e-05
0.0099493 7.09e-05
0.009955 6.65e-05
0.0099606 6.27e-05
0.0099662 5.9e-05
0.0099719 5.56e-05
0.0099775 5.24e-05
0.0099831 4.94e-05
0.0099887 4.66e-05
0.0099944 4.4e-05
0.01 4.15e-05
