0.001 0
0.0010056 0
0.0010113 0
0.0010169 0
0.0010225 0
0.0010281 0
0.0010338 0
0.0010394 0
0.001045 0
0.0010507 0
0.0010563 0
0.0010619 0
0.0010675 0
0.0010732 0
0.0010788 0
0.0010844 0
0.0010901 0
0.0010957 0
0.0011013 0
0.0011069 0
0.0011126 0
0.0011182 0
0.0011238 0
0.0011295 0
0.0011351 0
0.0011407 0
0.0011463 0
0.001152 0
0.0011576 0
0.0011632 0
0.0011689 0
0.0011745 0
0.0011801 0
0.0011857 0
0.0011914 0
0.001197 0
0.0012026 0
0.0012083 0
0.0012139 0
0.0012195 0
0.0012251 0
0.0012308 0
0.0012364 0
0.001242 0
0.0012477 0
0.0012533 0
0.0012589 0
0.0012645 0
0.0012702 0
0.0012758 0
0.0012814 0
0.0012871 0
0.0012927 0
0.0012983 0
0.0013039 0
0.0013096 0
0.0013152 0
0.0013208 0
0.0013265 0
0.0013321 0
0.0013377 0
0.0013433 0
0.001349 0
0.0013546 0
0.0013602 0
0.0013659 0
0.0013715 0
0.0013771 0
0.0013827 0
0.0013884 0
0.001394 0
0.0013996 0
0.0014053 0
0.0014109 0
0.0014165 0
0.0014221 0
0.0014278 0
0.0014334 0
0.001439 0
0.0014447 0
0.0014503 0
0.0014559 0
0.0014615 0
0.0014672 0
0.0014728 0
0.0014784 0
0.0014841 0
0.0014897 0
0.0014953 0
0.0015009 0
0.0015066 0
0.0015122 0
0.0015178 0
0.0015235 0
0.0015291 0
0.0015347 0
0.0015403 0
0.001546 0
0.0015516 0
0.0015572 0
0.0015629 0
0.0015685 0
0.0015741 0
0.0015797 0
0.0015854 0
0.001591 0
0.0015966 0
0.0016023 0
0.0016079 0
0.0016135 0
0.0016191 0
0.0016248 0
0.0016304 0
0.001636 0
0.0016417 0
0.0016473 0
0.0016529 0
0.0016585 0
0.0016642 0
0.0016698 0
0.0016754 0
0.0016811 0
0.0016867 0
0.0016923 0
0.0016979 0
0.0017036 0
0.0017092 0
0.0017148 0
0.0017205 0
0.0017261 0
0.0017317 0
0.0017373 0
0.001743 0
0.0017486 0
0.0017542 0
0.0017598 0
0.0017655 0
0.0017711 0
0.0017767 0
0.0017824 0
0.001788 0
0.0017936 0
0.0017992 0
0.0018049 0
0.0018105 0
0.0018161 0
0.0018218 0
0.0018274 0
0.001833 0
0.0018386 0
0.0018443 0
0.0018499 0
0.0018555 0
0.0018612 0
0.0018668 0
0.0018724 0
0.001878 0
0.0018837 0
0.0018893 0
0.0018949 0
0.0019006 0
0.0019062 0
0.0019118 0
0.0019174 0
0.0019231 0
0.0019287 0
0.0019343 0
0.00194 0
0.0019456 0
0.0019512 0
0.0019568 0
0.0019625 0
0.0019681 0
0.0019737 0
0.0019794 0
0.001985 0
0.0019906 0
0.0019962 0
0.0020019 0
0.0020075 0
0.0020131 0
0.0020188 0
0.0020244 0
0.00203 0
0.0020356 0
0.0020413 0
0.0020469 0
0.0020525 0
0.0020582 0
0.0020638 0
0.0020694 0
0.002075 0
0.0020807 0
0.0020863 0
0.0020919 0
0.0020976 0
0.0021032 0
0.0021088 0
0.0021144 0
0.0021201 0
0.0021257 0
0.0021313 0
0.002137 0
0.0021426 0
0.0021482 0
0.0021538 0
0.0021595 0
0.0021651 0
0.0021707 0
0.0021764 0
0.002182 0
0.0021876 0
0.0021932 0
0.0021989 0
0.0022045 0
0.0022101 0
0.0022158 0
0.0022214 0
0.002227 0
0.0022326 0
0.0022383 0
0.0022439 0
0.0022495 0
0.0022552 0
0.0022608 0
0.0022664 0
0.002272 0
0.0022777 0
0.0022833 0
0.0022889 0
0.0022946 0
0.0023002 0
0.0023058 0
0.0023114 0
0.0023171 0
0.0023227 0
0.0023283 0
0.002334 0
0.0023396 0
0.0023452 0
0.0023508 0
0.0023565 0
0.0023621 0
0.0023677 0
0.0023734 0
0.002379 0
0.0023846 0
0.0023902 0
0.0023959 0
0.0024015 0
0.0024071 0
0.0024128 0
0.0024184 0
0.002424 0
0.0024296 0
0.0024353 0
0.0024409 0
0.0024465 0
0.0024522 0
0.0024578 0
0.0024634 0
0.002469 0
0.0024747 0
0.0024803 0
0.0024859 0
0.0024916 0
0.0024972 0
0.0025028 0
0.0025084 0
0.0025141 0
0.0025197 0
0.0025253 0
0.002531 0
0.0025366 0
0.0025422 0
0.0025478 0
0.0025535 0
0.0025591 0
0.0025647 0
0.0025704 0
0.002576 0
0.0025816 0
0.0025872 0
0.0025929 0
0.0025985 0
0.0026041 0
0.0026098 0
0.0026154 0
0.002621 0
0.0026266 0
0.0026323 0
0.0026379 0
0.0026435 0
0.0026492 0
0.0026548 0
0.0026604 0
0.002666 0
0.0026717 0
0.0026773 0
0.0026829 0
0.0026886 0
0.0026942 0
0.0026998 0
0.0027054 0
0.0027111 0
0.0027167 0
0.0027223 0
0.002728 0
0.0027336 0
0.0027392 0
0.0027448 0
0.0027505 0
0.0027561 0
0.0027617 0
0.0027674 0
0.002773 0
0.0027786 0
0.0027842 0
0.0027899 0
0.0027955 0
0.0028011 0
0.0028068 0
0.0028124 0
0.002818 0
0.0028236 0
0.0028293 0
0.0028349 0
0.0028405 0
0.0028462 0
0.0028518 0
0.0028574 0
0.002863 0
0.0028687 0
0.0028743 0
0.0028799 0
0.0028856 0
0.0028912 0
0.0028968 0
0.0029024 0
0.0029081 0
0.0029137 0
0.0029193 0
0.002925 0
0.0029306 0
0.0029362 0
0.0029418 0
0.0029475 0
0.0029531 0
0.0029587 0
0.0029644 0
0.00297 0
0.0029756 0
0.0029812 0
0.0029869 0
0.0029925 0
0.0029981 0
0.0030038 0
0.0030094 0
0.003015 0
0.0030206 0
0.0030263 0
0.0030319 0
0.0030375 0
0.0030432 0
0.0030488 0
0.0030544 0
0.00306 0
0.0030657 0
0.0030713 0
0.0030769 0
0.0030826 0
0.0030882 0
0.0030938 0
0.0030994 0
0.0031051 0
0.0031107 0
0.0031163 0
0.003122 0
0.0031276 0
0.0031332 0
0.0031388 0
0.0031445 0
0.0031501 0
0.0031557 0
0.0031614 0
0.003167 0
0.0031726 0
0.0031782 0
0.0031839 0
0.0031895 0
0.0031951 0
0.0032008 0
0.0032064 0
0.003212 0
0.0032176 0
0.0032233 0
0.0032289 0
0.0032345 0
0.0032402 0
0.0032458 0
0.0032514 0
0.003257 0
0.0032627 0
0.0032683 0
0.0032739 0
0.0032795 0
0.0032852 0
0.0032908 0
0.0032964 0
0.0033021 0
0.0033077 0
0.0033133 0
0.0033189 0
0.0033246 0
0.0033302 0
0.0033358 0
0.0033415 0
0.0033471 0
0.0033527 0
0.0033583 0
0.003364 0
0.0033696 0
0.0033752 0
0.0033809 0
0.0033865 0
0.0033921 0
0.0033977 0
0.0034034 0
0.003409 0
0.0034146 0
0.0034203 0
0.0034259 0
0.0034315 0
0.0034371 0
0.0034428 0
0.0034484 0
0.003454 0
0.0034597 0
0.0034653 0
0.0034709 0
0.0034765 0
0.0034822 0
0.0034878 0
0.0034934 0
0.0034991 0
0.0035047 0
0.0035103 0
0.0035159 0
0.0035216 0
0.0035272 0
0.0035328 0
0.0035385 0
0.0035441 0
0.0035497 0
0.0035553 0
0.003561 0
0.0035666 0
0.0035722 0
0.0035779 0
0.0035835 0
0.0035891 0
0.0035947 0
0.0036004 0
0.003606 0
0.0036116 0
0.0036173 0
0.0036229 0
0.0036285 0
0.0036341 0
0.0036398 0
0.0036454 0
0.003651 0
0.0036567 0
0.0036623 0
0.0036679 0
0.0036735 0
0.0036792 0
0.0036848 0
0.0036904 0
0.0036961 0
0.0037017 0
0.0037073 0
0.0037129 0
0.0037186 0
0.0037242 0
0.0037298 0
0.0037355 0
0.0037411 0
0.0037467 0
0.0037523 0
0.003758 0
0.0037636 0
0.0037692 0
0.0037749 0
0.0037805 0
0.0037861 0
0.0037917 0
0.0037974 0
0.003803 0
0.0038086 0
0.0038143 0
0.0038199 0
0.0038255 0
0.0038311 0
0.0038368 0
0.0038424 0
0.003848 0
0.0038537 0
0.0038593 0
0.0038649 0
0.0038705 0
0.0038762 0
0.0038818 0
0.0038874 0
0.0038931 0
0.0038987 0
0.0039043 0
0.0039099 0
0.0039156 0
0.0039212 0
0.0039268 1e-07
0.0039325 1e-07
0.0039381 1e-07
0.0039437 1e-07
0.0039493 2e-07
0.003955 2e-07
0.0039606 3e-07
0.0039662 3e-07
0.0039719 4e-07
0.0039775 5e-07
0.0039831 6e-07
0.0039887 7e-07
0.0039944 8e-07
0.004 1e-06
0.0040056 1.1e-06
0.0040113 1.1e-06
0.0040169 1.2e-06
0.0040225 1.3e-06
0.0040281 1.4e-06
0.0040338 1.5e-06
0.0040394 1.7e-06
0.004045 1.8e-06
0.0040507 2.1e-06
0.0040563 2.5e-06
0.0040619 2.9e-06
0.0040675 3.4e-06
0.0040732 4.2e-06
0.0040788 5.1e-06
0.0040844 6.3e-06
0.0040901 7.7e-06
0.0040957 9.3e-06
0.0041013 1.11e-05
0.0041069 1.34e-05
0.0041126 1.6e-05
0.0041182 1.8e-05
0.0041238 2.02e-05
0.0041295 2.27e-05
0.0041351 2.55e-05
0.0041407 2.72e-05
0.0041463 2.9e-05
0.004152 3.09e-05
0.0041576 3.29e-05
0.0041632 3.5e-05
0.0041689 3.71e-05
0.0041745 3.95e-05
0.0041801 4.19e-05
0.0041857 4.6e-05
0.0041914 5.05e-05
0.004197 5.55e-05
0.0042026 6.09e-05
0.0042083 6.8e-05
0.0042139 7.59e-05
0.0042195 8.47e-05
0.0042251 9.46e-05
0.0042308 0.0001032
0.0042364 0.0001124
0.004242 0.0001224
0.0042477 0.0001332
0.0042533 0.0001388
0.0042589 0.0001441
0.0042645 0.0001495
0.0042702 0.0001552
0.0042758 0.0001553
0.0042814 0.0001548
0.0042871 0.0001544
0.0042927 0.0001539
0.0042983 0.0001522
0.0043039 0.0001503
0.0043096 0.0001485
0.0043152 0.0001466
0.0043208 0.0001467
0.0043265 0.0001469
0.0043321 0.0001471
0.0043377 0.0001474
0.0043433 0.0001483
0.004349 0.0001493
0.0043546 0.0001503
0.0043602 0.0001513
0.0043659 0.0001496
0.0043715 0.0001477
0.0043771 0.0001458
0.0043827 0.0001439
0.0043884 0.0001379
0.004394 0.0001316
0.0043996 0.0001256
0.0044053 0.0001198
0.0044109 0.0001119
0.0044165 0.0001041
0.0044221 9.68e-05
0.0044278 9.01e-05
0.0044334 8.39e-05
0.004439 7.82e-05
0.0044447 7.29e-05
0.0044503 6.79e-05
0.0044559 6.44e-05
0.0044615 6.13e-05
0.0044672 5.84e-05
0.0044728 5.56e-05
0.0044784 5.35e-05
0.0044841 5.16e-05
0.0044897 4.97e-05
0.0044953 4.8e-05
0.0045009 4.59e-05
0.0045066 4.39e-05
0.0045122 4.19e-05
0.0045178 4.01e-05
0.0045235 3.77e-05
0.0045291 3.53e-05
0.0045347 3.31e-05
0.0045403 3.1e-05
0.004546 2.89e-05
0.0045516 2.68e-05
0.0045572 2.5e-05
0.0045629 2.32e-05
0.0045685 2.19e-05
0.0045741 2.08e-05
0.0045797 1.97e-05
0.0045854 1.87e-05
0.004591 1.82e-05
0.0045966 1.78e-05
0.0046023 1.74e-05
0.0046079 1.71e-05
0.0046135 1.7e-05
0.0046191 1.69e-05
0.0046248 1.69e-05
0.0046304 1.68e-05
0.004636 1.67e-05
0.0046417 1.66e-05
0.0046473 1.65e-05
0.0046529 1.64e-05
0.0046585 1.61e-05
0.0046642 1.58e-05
0.0046698 1.55e-05
0.0046754 1.52e-05
0.0046811 1.5e-05
0.0046867 1.47e-05
0.0046923 1.45e-05
0.0046979 1.43e-05
0.0047036 1.43e-05
0.0047092 1.45e-05
0.0047148 1.46e-05
0.0047205 1.48e-05
0.0047261 1.52e-05
0.0047317 1.59e-05
0.0047373 1.65e-05
0.004743 1.72e-05
0.0047486 1.81e-05
0.0047542 1.9e-05
0.0047598 2e-05
0.0047655 2.11e-05
0.0047711 2.21e-05
0.0047767 2.31e-05
0.0047824 2.41e-05
0.004788 2.52e-05
0.0047936 2.61e-05
0.0047992 2.69e-05
0.0048049 2.78e-05
0.0048105 2.87e-05
0.0048161 2.97e-05
0.0048218 3.07e-05
0.0048274 3.17e-05
0.004833 3.28e-05
0.0048386 3.44e-05
0.0048443 3.63e-05
0.0048499 3.82e-05
0.0048555 4.03e-05
0.0048612 4.29e-05
0.0048668 4.6e-05
0.0048724 4.93e-05
0.004878 5.29e-05
0.0048837 5.68e-05
0.0048893 6.1e-05
0.0048949 6.55e-05
0.0049006 7.04e-05
0.0049062 7.51e-05
0.0049118 7.98e-05
0.0049174 8.48e-05
0.0049231 9.02e-05
0.0049287 9.5e-05
0.0049343 9.98e-05
0.00494 0.0001047
0.0049456 0.0001099
0.0049512 0.0001151
0.0049568 0.0001204
0.0049625 0.0001259
0.0049681 0.0001317
0.0049737 0.0001385
0.0049794 0.0001459
0.004985 0.0001538
0.0049906 0.0001621
0.0049962 0.0001716
0.0050019 0.0001821
0.0050075 0.0001932
0.0050131 0.0002051
0.0050188 0.0002174
0.0050244 0.0002302
0.00503 0.0002439
0.0050356 0.0002583
0.0050413 0.0002717
0.0050469 0.0002847
0.0050525 0.0002983
0.0050582 0.0003126
0.0050638 0.0003248
0.0050694 0.000336
0.005075 0.0003475
0.0050807 0.0003594
0.0050863 0.0003702
0.0050919 0.0003804
0.0050976 0.0003909
0.0051032 0.0004017
0.0051088 0.0004135
0.0051144 0.0004262
0.0051201 0.0004392
0.0051257 0.0004526
0.0051313 0.0004678
0.005137 0.0004843
0.0051426 0.0005014
0.0051482 0.0005192
0.0051538 0.0005372
0.0051595 0.0005556
0.0051651 0.0005747
0.0051707 0.0005944
0.0051764 0.0006119
0.005182 0.000628
0.0051876 0.0006445
0.0051932 0.0006615
0.0051989 0.0006754
0.0052045 0.0006873
0.0052101 0.0006994
0.0052158 0.0007117
0.0052214 0.0007242
0.005227 0.0007369
0.0052326 0.0007499
0.0052383 0.0007631
0.0052439 0.0007813
0.0052495 0.0008034
0.0052552 0.0008261
0.0052608 0.0008494
0.0052664 0.0008794
0.005272 0.0009151
0.0052777 0.0009523
0.0052833 0.0009909
0.0052889 0.0010347
0.0052946 0.0010833
0.0053002 0.0011342
0.0053058 0.0011874
0.0053114 0.0012438
0.0053171 0.0013033
0.0053227 0.0013657
0.0053283 0.0014311
0.005334 0.0015027
0.0053396 0.0015805
0.0053452 0.0016624
0.0053508 0.0017485
0.0053565 0.0018545
0.0053621 0.0019807
0.0053677 0.0021154
0.0053734 0.0022593
0.005379 0.0024438
0.0053846 0.002672
0.0053902 0.0029215
0.0053959 0.0031942
0.0054015 0.0035298
0.0054071 0.003937
0.0054128 0.0043911
0.0054184 0.0048976
0.005424 0.0054936
0.0054296 0.0061938
0.0054353 0.0069833
0.0054409 0.0078734
0.0054465 0.0089031
0.0054522 0.010095
0.0054578 0.0114466
0.0054634 0.0129791
0.005469 0.014795
0.0054747 0.0169507
0.0054803 0.0194205
0.0054859 0.0222501
0.0054916 0.0257534
0.0054972 0.0301091
0.0055028 0.0352017
0.0055084 0.0411555
0.0055141 0.0486318
0.0055197 0.0580915
0.0055253 0.0693912
0.005531 0.0828888
0.0055366 0.0995437
0.0055422 0.1202169
0.0055478 0.1451834
0.0055535 0.175335
0.0055591 0.2115088
0.0055647 0.2548345
0.0055704 0.3070351
0.005576 0.3699285
0.0055816 0.4434731
0.0055872 0.5286816
0.0055929 0.6302618
0.0055985 0.7513597
0.0056041 0.8914486
0.0056098 1.0518763
0.0056154 1.241175
0.005621 1.4645404
0.0056266 1.724129
0.0056323 2.0242208
0.0056379 2.3765449
0.0056435 2.7901924
0.0056492 3.2713002
0.0056548 3.8289032
0.0056604 4.4815512
0.005666 5.2454451
0.0056717 6.1212138
0.0056773 7.116456
0.0056829 8.2735137
0.0056886 9.6186964
0.0056942 11.1174966
0.0056998 12.7532014
0.0057054 14.6295657
0.0057111 16.7819972
0.0057167 19.0865334
0.0057223 21.4604455
0.005728 24.1296159
0.0057336 27.1307677
0.0057392 30.2174144
0.0057448 33.2194462
0.0057505 36.519723
0.0057561 40.1478748
0.0057617 43.8187702
0.0057674 47.3378266
0.005773 51.1394961
0.0057786 55.2464752
0.0057842 59.503891
0.0057899 63.8077702
0.0057955 68.4229463
0.0058011 73.3719352
0.0058068 78.723815
0.0058124 84.5388943
0.005818 90.7835151
0.0058236 97.4894063
0.0058293 104.8924912
0.0058349 113.1968786
0.0058405 122.1587283
0.0058462 131.8300918
0.0058518 142.3865873
0.0058574 153.9960661
0.005863 166.5521228
0.0058687 180.1319365
0.0058743 194.5277343
0.0058799 209.5529499
0.0058856 225.7387049
0.0058912 243.1746388
0.0058968 261.29141
0.0059024 279.5355318
0.0059081 299.0535108
0.0059137 319.9342916
0.0059193 341.9658826
0.005925 364.9339951
0.0059306 389.4447591
0.0059362 415.6017867
0.0059418 444.4558328
0.0059475 477.1584286
0.0059531 512.2672472
0.0059587 549.959336
0.0059644 592.9777557
0.00597 644.5998713
0.0059756 700.7159883
0.0059812 761.7173353
0.0059869 831.1705753
0.0059925 913.6974399
0.0059981 1004.4183908
0.0060038 1104.1470181
0.0060094 1213.7475481
0.006015 1334.1602882
0.0060206 1466.5188634
0.0060263 1612.0083889
0.0060319 1764.4087794
0.0060375 1914.0962737
0.0060432 2076.4828353
0.0060488 2252.6458176
0.0060544 2430.0437544
0.00606 2589.6511673
0.0060657 2759.7417356
0.0060713 2941.0040022
0.0060769 3119.6680497
0.0060826 3274.9225046
0.0060882 3437.9034051
0.0060938 3608.9952682
0.0060994 3775.0910664
0.0061051 3916.1675315
0.0061107 4062.5160732
0.0061163 4214.3337107
0.006122 4353.381159
0.0061276 4451.4253283
0.0061332 4551.6775879
0.0061388 4654.1876671
0.0061445 4728.6945311
0.0061501 4728.2567704
0.0061557 4727.8190503
0.0061614 4727.3813706
0.006167 4692.3712659
0.0061726 4569.7490939
0.0061782 4450.3313139
0.0061839 4334.034188
0.0061895 4195.2320275
0.0061951 3994.9944229
0.0062008 3804.31412
0.0062064 3622.7349507
0.006212 3434.2836837
0.0062176 3214.7420455
0.0062233 3009.2349297
0.0062289 2816.8651586
0.0062345 2625.9482485
0.0062402 2418.7702549
0.0062458 2227.9378694
0.0062514 2052.1614816
0.006257 1881.4879644
0.0062627 1700.8834631
0.0062683 1537.6152331
0.0062739 1390.0191615
0.0062795 1250.9346363
0.0062852 1109.8504414
0.0062908 984.678149
0.0062964 873.6231667
0.0063021 773.0728752
0.0063077 678.2456074
0.0063133 595.0501158
0.0063189 522.0596144
0.0063246 457.9129037
0.0063302 401.3186902
0.0063358 351.7190492
0.0063415 308.24951
0.0063471 270.3686025
0.0063527 237.8240727
0.0063583 209.1969593
0.006364 184.0157192
0.0063696 161.9102079
0.0063752 142.6075783
0.0063809 125.6061719
0.0063865 110.631641
0.0063921 97.3831966
0.0063977 85.5171899
0.0064034 75.0970395
0.006409 65.94657
0.0064146 57.8938693
0.0064203 50.7623744
0.0064259 44.5093528
0.0064315 39.0265923
0.0064371 34.2637676
0.0064428 30.251783
0.0064484 26.7095664
0.006454 23.582112
0.0064597 20.8787229
0.0064653 18.7197289
0.0064709 16.7839887
0.0064765 15.0484165
0.0064822 13.5342837
0.0064878 12.354659
0.0064934 11.2778484
0.0064991 10.2948907
0.0065047 9.4201269
0.0065103 8.7244214
0.0065159 8.080096
0.0065216 7.4833559
0.0065272 6.9413372
0.0065328 6.4915205
0.0065385 6.0708532
0.0065441 5.6774462
0.0065497 5.3168817
0.0065553 5.018279
0.006561 4.7364462
0.0065666 4.4704415
0.0065722 4.2267344
0.0065779 4.0383123
0.0065835 3.8582899
0.0065891 3.6862926
0.0065947 3.5284817
0.0066004 3.4175662
0.006606 3.3101374
0.0066116 3.2060855
0.0066173 3.1095731
0.0066229 3.0443692
0.0066285 2.9805325
0.0066341 2.9180344
0.0066398 2.8582669
0.0066454 2.8099162
0.006651 2.7623834
0.0066567 2.7156546
0.0066623 2.6689843
0.0066679 2.6174629
0.0066735 2.566936
0.0066792 2.5173845
0.0066848 2.4675887
0.0066904 2.4087953
0.0066961 2.3514027
0.0067017 2.2953776
0.0067073 2.2400525
0.0067129 2.1803509
0.0067186 2.1222405
0.0067242 2.0656788
0.0067298 2.0103915
0.0067355 1.9542987
0.0067411 1.8997709
0.0067467 1.8467646
0.0067523 1.7949128
0.006758 1.7410236
0.0067636 1.6887523
0.0067692 1.6380505
0.0067749 1.5881303
0.0067805 1.5309277
0.0067861 1.4757854
0.0067917 1.4226294
0.0067974 1.3702848
0.006803 1.3053136
0.0068086 1.243423
0.0068143 1.1844669
0.0068199 1.1273508
0.0068255 1.0588806
0.0068311 0.994569
0.0068368 0.9341634
0.0068424 0.876983
0.006848 0.815844
0.0068537 0.7589672
0.0068593 0.7060556
0.0068649 0.6567886
0.0068705 0.6100894
0.0068762 0.5667107
0.0068818 0.5264163
0.0068874 0.4890862
0.0068931 0.4567703
0.0068987 0.4265896
0.0069043 0.3984031
0.0069099 0.3721386
0.0069156 0.3494067
0.0069212 0.3280634
0.0069268 0.3080238
0.0069325 0.2891819
0.0069381 0.2704165
0.0069437 0.2528689
0.0069493 0.23646
0.006955 0.2210743
0.0069606 0.2041607
0.0069662 0.1885411
0.0069719 0.1741165
0.0069775 0.1607849
0.0069831 0.1471805
0.0069887 0.1347273
0.0069944 0.1233277
0.007 0.1128927
0.0070056 0.1038327
0.0070113 0.0954998
0.0070169 0.0878357
0.0070225 0.0807866
0.0070281 0.0756583
0.0070338 0.0708653
0.0070394 0.0663759
0.007045 0.0621709
0.0070507 0.0593069
0.0070563 0.0565907
0.0070619 0.0539988
0.0070675 0.0515257
0.0070732 0.0492643
0.0070788 0.0471043
0.0070844 0.0450391
0.0070901 0.0430643
0.0070957 0.040659
0.0071013 0.0383729
0.0071069 0.0362154
0.0071126 0.0341792
0.0071182 0.0319271
0.0071238 0.0298114
0.0071295 0.0278359
0.0071351 0.0259914
0.0071407 0.0243692
0.0071463 0.0228527
0.007152 0.0214305
0.0071576 0.0200969
0.0071632 0.0191674
0.0071689 0.0182982
0.0071745 0.0174683
0.0071801 0.0166761
0.0071857 0.0161453
0.0071914 0.0156455
0.007197 0.0151612
0.0072026 0.0146919
0.0072083 0.0141848
0.0072139 0.0136916
0.0072195 0.0132155
0.0072251 0.012756
0.0072308 0.0121181
0.0072364 0.0114972
0.007242 0.0109081
0.0072477 0.0103491
0.0072533 0.0097072
0.0072589 0.0090956
0.0072645 0.0085226
0.0072702 0.0079857
0.0072758 0.0074999
0.0072814 0.0070453
0.0072871 0.0066183
0.0072927 0.0062171
0.0072983 0.0059135
0.0073039 0.0056323
0.0073096 0.0053645
0.0073152 0.0051094
0.0073208 0.0049062
0.0073265 0.0047155
0.0073321 0.0045323
0.0073377 0.0043562
0.0073433 0.0041606
0.007349 0.0039706
0.0073546 0.0037892
0.0073602 0.0036162
0.0073659 0.0034062
0.0073715 0.0032026
0.0073771 0.0030113
0.0073827 0.0028313
0.0073884 0.0026459
0.007394 0.0024704
0.0073996 0.0023066
0.0074053 0.0021536
0.0074109 0.002025
0.0074165 0.0019061
0.0074221 0.0017942
0.0074278 0.0016888
0.0074334 0.0016141
0.007439 0.0015466
0.0074447 0.0014819
0.0074503 0.0014199
0.0074559 0.0013739
0.0074615 0.0013317
0.0074672 0.0012908
0.0074728 0.0012511
0.0074784 0.001209
0.0074841 0.0011675
0.0074897 0.0011275
0.0074953 0.0010889
0.0075009 0.0010436
0.0075066 0.0009986
0.0075122 0.0009557
0.0075178 0.0009145
0.0075235 0.0008754
0.0075291 0.0008381
0.0075347 0.0008023
0.0075403 0.000768
0.007546 0.0007454
0.0075516 0.0007257
0.0075572 0.0007065
0.0075629 0.0006877
0.0075685 0.0006839
0.0075741 0.0006834
0.0075797 0.000683
0.0075854 0.0006825
0.007591 0.0006909
0.0075966 0.0007015
0.0076023 0.0007124
0.0076079 0.0007234
0.0076135 0.0007322
0.0076191 0.0007406
0.0076248 0.000749
0.0076304 0.0007576
0.007636 0.0007595
0.0076417 0.0007596
0.0076473 0.0007597
0.0076529 0.0007598
0.0076585 0.0007604
0.0076642 0.000761
0.0076698 0.0007617
0.0076754 0.0007623
0.0076811 0.0007761
0.0076867 0.000794
0.0076923 0.0008124
0.0076979 0.0008312
0.0077036 0.0008717
0.0077092 0.0009211
0.0077148 0.0009733
0.0077205 0.0010284
0.0077261 0.0010996
0.0077317 0.0011802
0.0077373 0.0012667
0.007743 0.0013595
0.0077486 0.0014473
0.0077542 0.0015367
0.0077598 0.0016316
0.0077655 0.0017324
0.0077711 0.0018157
0.0077767 0.0018946
0.0077824 0.001977
0.007788 0.0020629
0.0077936 0.0021527
0.0077992 0.0022466
0.0078049 0.0023446
0.0078105 0.0024469
0.0078161 0.0026023
0.0078218 0.0027871
0.0078274 0.002985
0.007833 0.003197
0.0078386 0.0035066
0.0078443 0.0038818
0.0078499 0.0042972
0.0078555 0.004757
0.0078612 0.0053007
0.0078668 0.0059221
0.0078724 0.0066163
0.007878 0.0073919
0.0078837 0.0081536
0.0078893 0.0089462
0.0078949 0.0098159
0.0079006 0.0107701
0.0079062 0.0116471
0.0079118 0.0125173
0.0079174 0.0134525
0.0079231 0.0144576
0.0079287 0.0155166
0.0079343 0.0166431
0.00794 0.0178514
0.0079456 0.0191475
0.0079512 0.0207909
0.0079568 0.0227034
0.0079625 0.0247918
0.0079681 0.0270724
0.0079737 0.0298732
0.0079794 0.0331287
0.007985 0.036739
0.0079906 0.0407428
0.0079962 0.0448797
0.0080019 0.0492723
0.0080075 0.0540949
0.0080131 0.0593894
0.0080188 0.0639571
0.0080244 0.0682002
0.00803 0.0727248
0.0080356 0.0775496
0.0080413 0.0813286
0.0080469 0.084544
0.0080525 0.0878865
0.0080582 0.0913611
0.0080638 0.0944318
0.0080694 0.0973013
0.008075 0.100258
0.0080807 0.1033046
0.0080863 0.1066394
0.0080919 0.1101962
0.0080976 0.1138715
0.0081032 0.1176695
0.0081088 0.121249
0.0081144 0.1247303
0.0081201 0.1283117
0.0081257 0.1319958
0.0081313 0.1338109
0.008137 0.134459
0.0081426 0.1351102
0.0081482 0.1357645
0.0081538 0.1338238
0.0081595 0.1303427
0.0081651 0.1269522
0.0081707 0.1236498
0.0081764 0.1188937
0.008182 0.1133801
0.0081876 0.1081222
0.0081932 0.1031081
0.0081989 0.0981217
0.0082045 0.0932476
0.0082101 0.0886155
0.0082158 0.0842136
0.0082214 0.0803724
0.008227 0.0769304
0.0082326 0.0736358
0.0082383 0.0704823
0.0082439 0.067471
0.0082495 0.0645933
0.0082552 0.0618382
0.0082608 0.0592007
0.0082664 0.05618
0.008272 0.052974
0.0082777 0.0499508
0.0082833 0.0471003
0.0082889 0.0439331
0.0082946 0.0406468
0.0083002 0.0376063
0.0083058 0.0347933
0.0083114 0.0320807
0.0083171 0.0295013
0.0083227 0.0271293
0.0083283 0.0249481
0.008334 0.0231344
0.0083396 0.0215957
0.0083452 0.0201593
0.0083508 0.0188185
0.0083565 0.0178305
0.0083621 0.0171024
0.0083677 0.016404
0.0083734 0.0157342
0.008379 0.0152211
0.0083846 0.0148317
0.0083902 0.0144523
0.0083959 0.0140826
0.0084015 0.0136761
0.0084071 0.0132424
0.0084128 0.0128224
0.0084184 0.0124157
0.008424 0.011941
0.0084296 0.0114149
0.0084353 0.0109119
0.0084409 0.0104311
0.0084465 0.0099931
0.0084522 0.0095928
0.0084578 0.0092086
0.0084634 0.0088398
0.008469 0.008631
0.0084747 0.0085652
0.0084803 0.0084999
0.0084859 0.008435
0.0084916 0.0085631
0.0084972 0.0088899
0.0085028 0.0092293
0.0085084 0.0095815
0.0085141 0.0100368
0.0085197 0.0106099
0.0085253 0.0112157
0.008531 0.0118561
0.0085366 0.0124069
0.0085422 0.0128465
0.0085478 0.0133016
0.0085535 0.0137729
0.0085591 0.0140633
0.0085647 0.0141453
0.0085704 0.0142279
0.008576 0.0143109
0.0085816 0.0144056
0.0085872 0.0145134
0.0085929 0.0146221
0.0085985 0.0147316
0.0086041 0.0151679
0.0086098 0.0160107
0.0086154 0.0169003
0.008621 0.0178394
0.0086266 0.0193128
0.0086323 0.0215412
0.0086379 0.0240268
0.0086435 0.0267991
0.0086492 0.0299474
0.0086548 0.0335417
0.0086604 0.0375673
0.008666 0.0420762
0.0086717 0.0460683
0.0086773 0.0490233
0.0086829 0.0521678
0.0086886 0.055514
0.0086942 0.0577236
0.0086998 0.0582519
0.0087054 0.0587851
0.0087111 0.0593231
0.0087167 0.0598255
0.0087223 0.0602775
0.008728 0.0607329
0.0087336 0.0611917
0.0087392 0.0631777
0.0087448 0.0674547
0.0087505 0.0720212
0.0087561 0.0768969
0.0087617 0.0840919
0.0087674 0.0951358
0.008773 0.1076301
0.0087786 0.1217653
0.0087842 0.1371891
0.0087899 0.1536354
0.0087955 0.1720532
0.0088011 0.192679
0.0088068 0.2101462
0.0088124 0.2202284
0.008818 0.2307943
0.0088236 0.2418671
0.0088293 0.2479966
0.0088349 0.2457782
0.0088405 0.2435796
0.0088462 0.2414007
0.0088518 0.2397337
0.0088574 0.2388667
0.008863 0.2380029
0.0088687 0.2371422
0.0088743 0.2416721
0.0088799 0.2556806
0.0088856 0.270501
0.0088912 0.2861805
0.0088968 0.3080374
0.0089024 0.3415159
0.0089081 0.378633
0.0089137 0.419784
0.0089193 0.4622416
0.008925 0.5028781
0.0089306 0.547087
0.0089362 0.5951824
0.0089418 0.6341636
0.0089475 0.6504393
0.0089531 0.6671327
0.0089587 0.6842545
0.0089644 0.6919745
0.00897 0.6813386
0.0089756 0.6708661
0.0089812 0.6605547
0.0089869 0.6525213
0.0089925 0.6486999
0.0089981 0.6449009
0.0090038 0.6411242
0.0090094 0.6463384
0.009015 0.6702751
0.0090206 0.6950982
0.0090263 0.7208407
0.0090319 0.7521778
0.0090375 0.7951116
0.0090432 0.840496
0.0090488 0.8884709
0.0090544 0.9300471
0.00906 0.9531633
0.0090657 0.9768541
0.0090713 1.0011337
0.0090769 1.009911
0.0090826 0.9832305
0.0090882 0.9572548
0.0090938 0.9319654
0.0090994 0.8989188
0.0091051 0.8484401
0.0091107 0.800796
0.0091163 0.7558274
0.009122 0.7143783
0.0091276 0.6774729
0.0091332 0.6424741
0.0091388 0.6092834
0.0091445 0.5809665
0.0091501 0.561569
0.0091557 0.5428192
0.0091614 0.5246953
0.009167 0.506218
0.0091726 0.4859996
0.0091782 0.4665887
0.0091839 0.4479531
0.0091895 0.4252011
0.0091951 0.3914309
0.0092008 0.3603428
0.0092064 0.3317238
0.009212 0.3015129
0.0092176 0.2644521
0.0092233 0.2319466
0.0092289 0.2034366
0.0092345 0.1773254
0.0092402 0.1517937
0.0092458 0.1299381
0.0092514 0.1112294
0.009257 0.0954109
0.0092627 0.082355
0.0092683 0.0710857
0.0092739 0.0613585
0.0092795 0.0531879
0.0092852 0.0467278
0.0092908 0.0410524
0.0092964 0.0360663
0.0093021 0.0316252
0.0093077 0.0275565
0.0093133 0.0240113
0.0093189 0.0209222
0.0093246 0.018079
0.0093302 0.015181
0.0093358 0.0127476
0.0093415 0.0107042
0.0093471 0.008919
0.0093527 0.0072277
0.0093583 0.0058572
0.009364 0.0047465
0.0093696 0.0038438
0.0093752 0.0031046
0.0093809 0.0025076
0.0093865 0.0020254
0.0093921 0.0016478
0.0093977 0.0013789
0.0094034 0.001154
0.009409 0.0009657
0.0094146 0.0008147
0.0094203 0.0007105
0.0094259 0.0006196
0.0094315 0.0005403
0.0094371 0.0004716
0.0094428 0.0004132
0.0094484 0.000362
0.009454 0.0003171
0.0094597 0.0002764
0.0094653 0.000235
0.0094709 0.0001999
0.0094765 0.00017
0.0094822 0.000144
0.0094878 0.0001196
0.0094934 9.93e-05
0.0094991 8.25e-05
0.0095047 6.87e-05
0.0095103 5.82e-05
0.0095159 4.93e-05
0.0095216 4.18e-05
0.0095272 3.57e-05
0.0095328 3.23e-05
0.0095385 2.91e-05
0.0095441 2.63e-05
0.0095497 2.39e-05
0.0095553 2.28e-05
0.009561 2.18e-05
0.0095666 2.08e-05
0.0095722 1.98e-05
0.0095779 1.89e-05
0.0095835 1.8e-05
0.0095891 1.71e-05
0.0095947 1.62e-05
0.0096004 1.48e-05
0.009606 1.35e-05
0.0096116 1.23e-05
0.0096173 1.12e-05
0.0096229 9.9e-06
0.0096285 8.8e-06
0.0096341 7.8e-06
0.0096398 7e-06
0.0096454 6.4e-06
0.009651 5.8e-06
0.0096567 5.4e-06
0.0096623 4.9e-06
0.0096679 4.9e-06
0.0096735 4.8e-06
0.0096792 4.8e-06
0.0096848 4.8e-06
0.0096904 4.9e-06
0.0096961 5.1e-06
0.0097017 5.3e-06
0.0097073 5.5e-06
0.0097129 5.6e-06
0.0097186 5.7e-06
0.0097242 5.8e-06
0.0097298 5.8e-06
0.0097355 5.6e-06
0.0097411 5.3e-06
0.0097467 5.1e-06
0.0097523 4.8e-06
0.009758 4.5e-06
0.0097636 4.1e-06
0.0097692 3.8e-06
0.0097749 3.5e-06
0.0097805 3.4e-06
0.0097861 3.3e-06
0.0097917 3.1e-06
0.0097974 3e-06
0.009803 3.2e-06
0.0098086 3.3e-06
0.0098143 3.4e-06
0.0098199 3.5e-06
0.0098255 3.8e-06
0.0098311 4.1e-06
0.0098368 4.4e-06
0.0098424 4.7e-06
0.009848 4.9e-06
0.0098537 5e-06
0.0098593 5.1e-06
0.0098649 5.3e-06
0.0098705 5e-06
0.0098762 4.8e-06
0.0098818 4.6e-06
0.0098874 4.4e-06
0.0098931 4.1e-06
0.0098987 3.8e-06
0.0099043 3.6e-06
0.0099099 3.3e-06
0.0099156 3.2e-06
0.0099212 3.1e-06
0.0099268 3.1e-06
0.0099325 3e-06
0.0099381 3.1e-06
0.0099437 3.3e-06
0.0099493 3.4e-06
0.009955 3.6e-06
0.0099606 3.8e-06
0.0099662 4.1e-06
0.0099719 4.3e-06
0.0099775 4.6e-06
0.0099831 4.6e-06
0.0099887 4.6e-06
0.0099944 4.7e-06
0.01 4.7e-06
