0.001 0
0.0010056 0
0.0010113 0
0.0010169 0
0.0010225 0
0.0010281 0
0.0010338 0
0.0010394 0
0.001045 0
0.0010507 0
0.0010563 0
0.0010619 0
0.0010675 0
0.0010732 0
0.0010788 0
0.0010844 0
0.0010901 0
0.0010957 0
0.0011013 0
0.0011069 0
0.0011126 0
0.0011182 0
0.0011238 0
0.0011295 0
0.0011351 0
0.0011407 0
0.0011463 0
0.001152 0
0.0011576 0
0.0011632 0
0.0011689 0
0.0011745 0
0.0011801 0
0.0011857 0
0.0011914 0
0.001197 0
0.0012026 0
0.0012083 0
0.0012139 0
0.0012195 0
0.0012251 0
0.0012308 0
0.0012364 0
0.001242 0
0.0012477 0
0.0012533 0
0.0012589 0
0.0012645 0
0.0012702 0
0.0012758 0
0.0012814 0
0.0012871 0
0.0012927 0
0.0012983 0
0.0013039 0
0.0013096 0
0.0013152 0
0.0013208 0
0.0013265 0
0.0013321 0
0.0013377 0
0.0013433 0
0.001349 0
0.0013546 0
0.0013602 0
0.0013659 0
0.0013715 0
0.0013771 0
0.0013827 0
0.0013884 0
0.001394 0
0.0013996 0
0.0014053 0
0.0014109 0
0.0014165 0
0.0014221 0
0.0014278 0
0.0014334 0
0.001439 0
0.0014447 0
0.0014503 0
0.0014559 0
0.0014615 0
0.0014672 0
0.0014728 0
0.0014784 0
0.0014841 0
0.0014897 0
0.0014953 0
0.0015009 0
0.0015066 0
0.0015122 0
0.0015178 0
0.0015235 0
0.0015291 0
0.0015347 0
0.0015403 0
0.001546 0
0.0015516 0
0.0015572 0
0.0015629 0
0.0015685 0
0.0015741 0
0.0015797 0
0.0015854 0
0.001591 0
0.0015966 0
0.0016023 0
0.0016079 0
0.0016135 0
0.0016191 0
0.0016248 0
0.0016304 0
0.001636 0
0.0016417 0
0.0016473 0
0.0016529 0
0.0016585 0
0.0016642 0
0.0016698 0
0.0016754 0
0.0016811 0
0.0016867 0
0.0016923 0
0.0016979 0
0.0017036 0
0.0017092 0
0.0017148 0
0.0017205 0
0.0017261 0
0.0017317 0
0.0017373 0
0.001743 0
0.0017486 0
0.0017542 0
0.0017598 0
0.0017655 0
0.0017711 0
0.0017767 0
0.0017824 0
0.001788 0
0.0017936 0
0.0017992 0
0.0018049 0
0.0018105 0
0.0018161 0
0.0018218 0
0.0018274 0
0.001833 0
0.0018386 0
0.0018443 0
0.0018499 0
0.0018555 0
0.0018612 0
0.0018668 0
0.0018724 0
0.001878 0
0.0018837 0
0.0018893 0
0.0018949 0
0.0019006 0
0.0019062 0
0.0019118 0
0.0019174 0
0.0019231 0
0.0019287 0
0.0019343 0
0.00194 0
0.0019456 0
0.0019512 0
0.0019568 0
0.0019625 0
0.0019681 0
0.0019737 0
0.0019794 0
0.001985 0
0.0019906 0
0.0019962 0
0.0020019 0
0.0020075 0
0.0020131 0
0.0020188 0
0.0020244 0
0.00203 0
0.0020356 0
0.0020413 0
0.0020469 0
0.0020525 0
0.0020582 0
0.0020638 0
0.0020694 0
0.002075 0
0.0020807 0
0.0020863 0
0.0020919 0
0.0020976 0
0.0021032 0
0.0021088 0
0.0021144 0
0.0021201 0
0.0021257 0
0.0021313 0
0.002137 0
0.0021426 0
0.0021482 0
0.0021538 0
0.0021595 0
0.0021651 0
0.0021707 0
0.0021764 0
0.002182 0
0.0021876 0
0.0021932 0
0.0021989 0
0.0022045 0
0.0022101 0
0.0022158 0
0.0022214 0
0.002227 0
0.0022326 0
0.0022383 0
0.0022439 0
0.0022495 0
0.0022552 0
0.0022608 0
0.0022664 0
0.002272 0
0.0022777 0
0.0022833 0
0.0022889 0
0.0022946 0
0.0023002 0
0.0023058 0
0.0023114 0
0.0023171 0
0.0023227 0
0.0023283 0
0.002334 0
0.0023396 0
0.0023452 0
0.0023508 0
0.0023565 0
0.0023621 0
0.0023677 0
0.0023734 0
0.002379 0
0.0023846 0
0.0023902 0
0.0023959 0
0.0024015 0
0.0024071 0
0.0024128 0
0.0024184 0
0.002424 0
0.0024296 0
0.0024353 0
0.0024409 0
0.0024465 0
0.0024522 0
0.0024578 0
0.0024634 0
0.002469 0
0.0024747 0
0.0024803 0
0.0024859 0
0.0024916 0
0.0024972 0
0.0025028 0
0.0025084 0
0.0025141 0
0.0025197 0
0.0025253 0
0.002531 0
0.0025366 0
0.0025422 0
0.0025478 0
0.0025535 0
0.0025591 0
0.0025647 0
0.0025704 0
0.002576 0
0.0025816 0
0.0025872 0
0.0025929 0
0.0025985 0
0.0026041 0
0.0026098 0
0.0026154 0
0.002621 0
0.0026266 0
0.0026323 0
0.0026379 0
0.0026435 0
0.0026492 0
0.0026548 0
0.0026604 0
0.002666 0
0.0026717 0
0.0026773 0
0.0026829 0
0.0026886 0
0.0026942 0
0.0026998 0
0.0027054 0
0.0027111 0
0.0027167 0
0.0027223 0
0.002728 0
0.0027336 0
0.0027392 0
0.0027448 0
0.0027505 0
0.0027561 0
0.0027617 0
0.0027674 0
0.002773 0
0.0027786 0
0.0027842 0
0.0027899 0
0.0027955 0
0.0028011 0
0.0028068 0
0.0028124 0
0.002818 0
0.0028236 0
0.0028293 0
0.0028349 0
0.0028405 0
0.0028462 0
0.0028518 0
0.0028574 0
0.002863 0
0.0028687 0
0.0028743 0
0.0028799 0
0.0028856 0
0.0028912 0
0.0028968 0
0.0029024 0
0.0029081 0
0.0029137 0
0.0029193 0
0.002925 0
0.0029306 0
0.0029362 0
0.0029418 0
0.0029475 0
0.0029531 0
0.0029587 0
0.0029644 0
0.00297 0
0.0029756 0
0.0029812 0
0.0029869 0
0.0029925 0
0.0029981 0
0.0030038 0
0.0030094 0
0.003015 0
0.0030206 0
0.0030263 0
0.0030319 0
0.0030375 0
0.0030432 0
0.0030488 0
0.0030544 0
0.00306 0
0.0030657 0
0.0030713 0
0.0030769 0
0.0030826 0
0.0030882 0
0.0030938 0
0.0030994 0
0.0031051 0
0.0031107 0
0.0031163 0
0.003122 0
0.0031276 0
0.0031332 0
0.0031388 0
0.0031445 0
0.0031501 0
0.0031557 0
0.0031614 0
0.003167 0
0.0031726 0
0.0031782 0
0.0031839 0
0.0031895 0
0.0031951 0
0.0032008 0
0.0032064 0
0.003212 0
0.0032176 0
0.0032233 0
0.0032289 0
0.0032345 0
0.0032402 0
0.0032458 0
0.0032514 0
0.003257 0
0.0032627 0
0.0032683 0
0.0032739 0
0.0032795 0
0.0032852 0
0.0032908 0
0.0032964 0
0.0033021 0
0.0033077 0
0.0033133 0
0.0033189 0
0.0033246 0
0.0033302 0
0.0033358 0
0.0033415 0
0.0033471 0
0.0033527 0
0.0033583 0
0.003364 0
0.0033696 0
0.0033752 0
0.0033809 0
0.0033865 0
0.0033921 0
0.0033977 0
0.0034034 0
0.003409 0
0.0034146 0
0.0034203 0
0.0034259 0
0.0034315 0
0.0034371 0
0.0034428 0
0.0034484 0
0.003454 0
0.0034597 0
0.0034653 0
0.0034709 0
0.0034765 0
0.0034822 0
0.0034878 0
0.0034934 0
0.0034991 0
0.0035047 0
0.0035103 0
0.0035159 0
0.0035216 0
0.0035272 0
0.0035328 0
0.0035385 0
0.0035441 0
0.0035497 0
0.0035553 0
0.003561 0
0.0035666 0
0.0035722 0
0.0035779 0
0.0035835 0
0.0035891 0
0.0035947 0
0.0036004 0
0.003606 0
0.0036116 0
0.0036173 0
0.0036229 0
0.0036285 0
0.0036341 0
0.0036398 0
0.0036454 0
0.003651 0
0.0036567 0
0.0036623 0
0.0036679 0
0.0036735 0
0.0036792 0
0.0036848 0
0.0036904 0
0.0036961 0
0.0037017 0
0.0037073 0
0.0037129 0
0.0037186 0
0.0037242 0
0.0037298 0
0.0037355 0
0.0037411 0
0.0037467 0
0.0037523 0
0.003758 0
0.0037636 0
0.0037692 0
0.0037749 0
0.0037805 0
0.0037861 0
0.0037917 0
0.0037974 0
0.003803 0
0.0038086 0
0.0038143 0
0.0038199 0
0.0038255 0
0.0038311 0
0.0038368 0
0.0038424 0
0.003848 0
0.0038537 0
0.0038593 0
0.0038649 0
0.0038705 0
0.0038762 0
0.0038818 0
0.0038874 0
0.0038931 0
0.0038987 0
0.0039043 0
0.0039099 0
0.0039156 0
0.0039212 0
0.0039268 0
0.0039325 0
0.0039381 0
0.0039437 0
0.0039493 0
0.003955 0
0.0039606 0
0.0039662 0
0.0039719 0
0.0039775 0
0.0039831 0
0.0039887 0
0.0039944 0
0.004 0
0.0040056 0
0.0040113 0
0.0040169 0
0.0040225 0
0.0040281 0
0.0040338 0
0.0040394 0
0.004045 0
0.0040507 0
0.0040563 0
0.0040619 0
0.0040675 0
0.0040732 0
0.0040788 0
0.0040844 0
0.0040901 0
0.0040957 0
0.0041013 0
0.0041069 0
0.0041126 0
0.0041182 0
0.0041238 0
0.0041295 0
0.0041351 0
0.0041407 0
0.0041463 0
0.004152 0
0.0041576 0
0.0041632 0
0.0041689 0
0.0041745 0
0.0041801 0
0.0041857 0
0.0041914 0
0.004197 0
0.0042026 1e-07
0.0042083 1e-07
0.0042139 1e-07
0.0042195 2e-07
0.0042251 2e-07
0.0042308 3e-07
0.0042364 4e-07
0.004242 5e-07
0.0042477 7e-07
0.0042533 9e-07
0.0042589 1.1e-06
0.0042645 1.5e-06
0.0042702 1.9e-06
0.0042758 2.5e-06
0.0042814 3.1e-06
0.0042871 3.9e-06
0.0042927 5e-06
0.0042983 6.2e-06
0.0043039 7.7e-06
0.0043096 9.5e-06
0.0043152 1.17e-05
0.0043208 1.42e-05
0.0043265 1.73e-05
0.0043321 2.1e-05
0.0043377 2.55e-05
0.0043433 3.02e-05
0.004349 3.58e-05
0.0043546 4.23e-05
0.0043602 5.01e-05
0.0043659 5.74e-05
0.0043715 6.56e-05
0.0043771 7.49e-05
0.0043827 8.56e-05
0.0043884 9.54e-05
0.004394 0.0001059
0.0043996 0.0001176
0.0044053 0.0001305
0.0044109 0.0001432
0.0044165 0.0001569
0.0044221 0.0001719
0.0044278 0.0001883
0.0044334 0.0002047
0.004439 0.0002222
0.0044447 0.0002413
0.0044503 0.000262
0.0044559 0.0002805
0.0044615 0.0002996
0.0044672 0.00032
0.0044728 0.0003419
0.0044784 0.0003601
0.0044841 0.0003783
0.0044897 0.0003974
0.0044953 0.0004174
0.0045009 0.0004379
0.0045066 0.0004592
0.0045122 0.0004815
0.0045178 0.0005049
0.0045235 0.0005352
0.0045291 0.0005686
0.0045347 0.000604
0.0045403 0.0006416
0.004546 0.0006892
0.0045516 0.000742
0.0045572 0.0007989
0.0045629 0.0008602
0.0045685 0.0009289
0.0045741 0.0010038
0.0045797 0.0010848
0.0045854 0.0011723
0.004591 0.0012636
0.0045966 0.0013611
0.0046023 0.0014662
0.0046079 0.0015794
0.0046135 0.0017019
0.0046191 0.0018339
0.0046248 0.0019762
0.0046304 0.0021296
0.004636 0.0023129
0.0046417 0.0025171
0.0046473 0.0027394
0.0046529 0.0029814
0.0046585 0.0032905
0.0046642 0.003646
0.0046698 0.0040399
0.0046754 0.0044763
0.0046811 0.005032
0.0046867 0.0056805
0.0046923 0.0064126
0.0046979 0.0072391
0.0047036 0.0082178
0.0047092 0.0093446
0.0047148 0.0106259
0.0047205 0.0120829
0.0047261 0.0136257
0.0047317 0.015325
0.0047373 0.0172362
0.004743 0.0193858
0.0047486 0.0214605
0.0047542 0.0236331
0.0047598 0.0260257
0.0047655 0.0286606
0.0047711 0.0313329
0.0047767 0.0341687
0.0047824 0.0372611
0.004788 0.0406334
0.0047936 0.0449782
0.0047992 0.050054
0.0048049 0.0557027
0.0048105 0.0619887
0.0048161 0.07106
0.0048218 0.0823601
0.0048274 0.0954572
0.004833 0.1106369
0.0048386 0.1305499
0.0048443 0.1551148
0.0048499 0.1843019
0.0048555 0.2189811
0.0048612 0.2573092
0.0048668 0.3010043
0.0048724 0.3521196
0.004878 0.4119151
0.0048837 0.4681145
0.0048893 0.5256297
0.0048949 0.5902116
0.0049006 0.6627283
0.0049062 0.7331824
0.0049118 0.8059604
0.0049174 0.8859627
0.0049231 0.9739062
0.0049287 1.0925113
0.0049343 1.2366865
0.00494 1.3998881
0.0049456 1.5846269
0.0049512 1.8690078
0.0049568 2.2466418
0.0049625 2.7005768
0.0049681 3.2462297
0.0049737 4.0060101
0.0049794 5.0060631
0.004985 6.2557674
0.0049906 7.8174456
0.0049962 9.6802827
0.0050019 11.9330901
0.0050075 14.7101736
0.0050131 18.1335435
0.0050188 21.7216363
0.0050244 25.6409054
0.00503 30.2673344
0.0050356 35.7285173
0.0050413 41.6011827
0.0050469 48.0895059
0.0050525 55.5897796
0.0050582 64.2598325
0.0050638 75.4515541
0.0050694 89.3520053
0.005075 105.8133388
0.0050807 125.3073463
0.0050863 152.3267744
0.0050919 187.928674
0.0050976 231.8514698
0.0051032 286.0399262
0.0051088 355.7356074
0.0051144 444.4882454
0.0051201 555.3838194
0.0051257 693.9467805
0.0051313 851.7216547
0.005137 1034.1741068
0.0051426 1255.7108032
0.0051482 1524.7042165
0.0051538 1803.7584865
0.0051595 2099.622142
0.0051651 2444.0151894
0.0051707 2844.8977207
0.0051764 3250.3301619
0.005182 3669.3324003
0.0051876 4142.3484979
0.0051932 4676.3414175
0.0051989 5192.9339215
0.0052045 5704.0132251
0.0052101 6265.3920432
0.0052158 6882.0207642
0.0052214 7356.3108977
0.005227 7718.3096295
0.0052326 8098.1220567
0.0052383 8496.6247785
0.0052439 8578.4434525
0.0052495 8429.3649444
0.0052552 8282.877163
0.0052608 8138.9350858
0.0052664 7687.4870801
0.005272 7055.2802234
0.0052777 6475.0650652
0.0052833 5942.5658897
0.0052889 5240.249832
0.0052946 4484.521063
0.0053002 3837.7806038
0.0053058 3284.3105777
0.0053114 2680.6089127
0.0053171 2109.1695265
0.0053227 1659.5468554
0.0053283 1305.7725947
0.005334 980.6949673
0.0053396 709.7177433
0.0053452 513.6146222
0.0053508 371.6970339
0.0053565 263.0366335
0.0053621 182.7471356
0.0053677 126.9652639
0.0053734 88.2102922
0.005379 61.6810335
0.0053846 43.3665211
0.0053902 30.4900071
0.0053959 21.4368253
0.0054015 15.3682051
0.0054071 11.2065827
0.0054128 8.171904
0.0054184 5.9589989
0.005424 4.4743345
0.0054296 3.4491983
0.0054353 2.658936
0.0054409 2.0497344
0.0054465 1.6549357
0.0054522 1.3947692
0.0054578 1.1755026
0.0054634 0.9907061
0.005469 0.8797831
0.0054747 0.821323
0.0054803 0.7667475
0.0054859 0.7157984
0.0054916 0.6945976
0.0054972 0.7002114
0.0055028 0.7058705
0.0055084 0.7115754
0.0055141 0.7333421
0.0055197 0.7729073
0.0055253 0.8146072
0.005531 0.8585568
0.0055366 0.9133224
0.0055422 0.981069
0.0055478 1.0538408
0.0055535 1.1320105
0.0055591 1.2131812
0.0055647 1.2969478
0.0055704 1.3864982
0.005576 1.4822318
0.0055816 1.5705058
0.0055872 1.647628
0.0055929 1.7285375
0.0055985 1.8134202
0.0056041 1.8888817
0.0056098 1.951398
0.0056154 2.0159833
0.005621 2.0827063
0.0056266 2.1438946
0.0056323 2.1975097
0.0056379 2.2524657
0.0056435 2.3087961
0.0056492 2.3542937
0.0056548 2.3855875
0.0056604 2.4172973
0.005666 2.4494285
0.0056717 2.4565626
0.0056773 2.4321052
0.0056829 2.4078914
0.0056886 2.3839187
0.0056942 2.3299065
0.0056998 2.2394146
0.0057054 2.1524373
0.0057111 2.0688381
0.0057167 1.9648863
0.0057223 1.8366857
0.005728 1.7168497
0.0057336 1.6048325
0.0057392 1.4874752
0.0057448 1.3627409
0.0057505 1.2484664
0.0057561 1.1437745
0.0057617 1.0461552
0.0057674 0.9546583
0.005773 0.8711638
0.0057786 0.7949717
0.0057842 0.7290084
0.0057899 0.6733303
0.0057955 0.6219045
0.0058011 0.5744065
0.0058068 0.5332016
0.0058124 0.4987109
0.005818 0.4664512
0.0058236 0.4362783
0.0058293 0.4066603
0.0058349 0.3770338
0.0058405 0.3495657
0.0058462 0.3240987
0.0058518 0.2962911
0.0058574 0.2648136
0.005863 0.2366802
0.0058687 0.2115357
0.0058743 0.1866686
0.0058799 0.1612768
0.0058856 0.139339
0.0058912 0.1203853
0.0058968 0.1039606
0.0059024 0.089704
0.0059081 0.0774024
0.0059137 0.0667878
0.0059193 0.0580752
0.005925 0.0511939
0.0059306 0.0451279
0.0059362 0.0397807
0.0059418 0.035282
0.0059475 0.031644
0.0059531 0.0283812
0.0059587 0.0254547
0.0059644 0.0228036
0.00597 0.0203838
0.0059756 0.0182208
0.0059812 0.0162874
0.0059869 0.0144729
0.0059925 0.0127121
0.0059981 0.0111656
0.0060038 0.0098072
0.0060094 0.008576
0.006015 0.0074325
0.0060206 0.0064415
0.0060263 0.0055826
0.0060319 0.0048315
0.0060375 0.0041692
0.0060432 0.0035976
0.0060488 0.0031045
0.0060544 0.0026835
0.00606 0.0023281
0.0060657 0.0020198
0.0060713 0.0017523
0.0060769 0.0015297
0.0060826 0.001354
0.0060882 0.0011985
0.0060938 0.0010609
0.0060994 0.0009464
0.0061051 0.0008595
0.0061107 0.0007806
0.0061163 0.0007089
0.006122 0.0006462
0.0061276 0.0005942
0.0061332 0.0005464
0.0061388 0.0005024
0.0061445 0.0004606
0.0061501 0.0004192
0.0061557 0.0003815
0.0061614 0.0003473
0.006167 0.0003143
0.0061726 0.0002806
0.0061782 0.0002504
0.0061839 0.0002235
0.0061895 0.0001996
0.0061951 0.0001783
0.0062008 0.0001593
0.0062064 0.0001423
0.006212 0.0001281
0.0062176 0.0001177
0.0062233 0.0001081
0.0062289 9.93e-05
0.0062345 9.19e-05
0.0062402 8.68e-05
0.0062458 8.2e-05
0.0062514 7.74e-05
0.006257 7.32e-05
0.0062627 6.92e-05
0.0062683 6.55e-05
0.0062739 6.2e-05
0.0062795 5.84e-05
0.0062852 5.42e-05
0.0062908 5.02e-05
0.0062964 4.66e-05
0.0063021 4.31e-05
0.0063077 3.96e-05
0.0063133 3.63e-05
0.0063189 3.33e-05
0.0063246 3.06e-05
0.0063302 2.84e-05
0.0063358 2.64e-05
0.0063415 2.45e-05
0.0063471 2.28e-05
0.0063527 2.16e-05
0.0063583 2.05e-05
0.006364 1.94e-05
0.0063696 1.84e-05
0.0063752 1.75e-05
0.0063809 1.66e-05
0.0063865 1.58e-05
0.0063921 1.5e-05
0.0063977 1.41e-05
0.0064034 1.32e-05
0.006409 1.24e-05
0.0064146 1.16e-05
0.0064203 1.07e-05
0.0064259 1e-05
0.0064315 9.2e-06
0.0064371 8.6e-06
0.0064428 8e-06
0.0064484 7.4e-06
0.006454 6.9e-06
0.0064597 6.5e-06
0.0064653 6.1e-06
0.0064709 5.7e-06
0.0064765 5.3e-06
0.0064822 5e-06
0.0064878 4.7e-06
0.0064934 4.3e-06
0.0064991 4.1e-06
0.0065047 3.8e-06
0.0065103 3.5e-06
0.0065159 3.2e-06
0.0065216 2.9e-06
0.0065272 2.6e-06
0.0065328 2.4e-06
0.0065385 2.1e-06
0.0065441 1.9e-06
0.0065497 1.7e-06
0.0065553 1.5e-06
0.006561 1.4e-06
0.0065666 1.2e-06
0.0065722 1.1e-06
0.0065779 1e-06
0.0065835 8e-07
0.0065891 7e-07
0.0065947 6e-07
0.0066004 5e-07
0.006606 5e-07
0.0066116 4e-07
0.0066173 3e-07
0.0066229 3e-07
0.0066285 2e-07
0.0066341 2e-07
0.0066398 1e-07
0.0066454 1e-07
0.006651 1e-07
0.0066567 1e-07
0.0066623 1e-07
0.0066679 0
0.0066735 0
0.0066792 0
0.0066848 0
0.0066904 0
0.0066961 0
0.0067017 0
0.0067073 0
0.0067129 0
0.0067186 0
0.0067242 0
0.0067298 0
0.0067355 0
0.0067411 0
0.0067467 0
0.0067523 0
0.006758 0
0.0067636 0
0.0067692 0
0.0067749 0
0.0067805 0
0.0067861 0
0.0067917 0
0.0067974 0
0.006803 0
0.0068086 0
0.0068143 0
0.0068199 0
0.0068255 0
0.0068311 0
0.0068368 0
0.0068424 0
0.006848 0
0.0068537 0
0.0068593 0
0.0068649 0
0.0068705 0
0.0068762 0
0.0068818 0
0.0068874 0
0.0068931 0
0.0068987 0
0.0069043 0
0.0069099 0
0.0069156 0
0.0069212 0
0.0069268 0
0.0069325 0
0.0069381 0
0.0069437 0
0.0069493 0
0.006955 0
0.0069606 0
0.0069662 0
0.0069719 0
0.0069775 0
0.0069831 0
0.0069887 0
0.0069944 0
0.007 0
0.0070056 0
0.0070113 0
0.0070169 0
0.0070225 0
0.0070281 0
0.0070338 0
0.0070394 0
0.007045 0
0.0070507 0
0.0070563 0
0.0070619 0
0.0070675 0
0.0070732 0
0.0070788 0
0.0070844 0
0.0070901 0
0.0070957 0
0.0071013 0
0.0071069 0
0.0071126 0
0.0071182 0
0.0071238 0
0.0071295 0
0.0071351 0
0.0071407 0
0.0071463 0
0.007152 0
0.0071576 0
0.0071632 0
0.0071689 0
0.0071745 0
0.0071801 0
0.0071857 0
0.0071914 0
0.007197 0
0.0072026 0
0.0072083 0
0.0072139 0
0.0072195 0
0.0072251 0
0.0072308 0
0.0072364 0
0.007242 0
0.0072477 0
0.0072533 0
0.0072589 0
0.0072645 0
0.0072702 0
0.0072758 0
0.0072814 0
0.0072871 0
0.0072927 0
0.0072983 0
0.0073039 0
0.0073096 0
0.0073152 0
0.0073208 0
0.0073265 0
0.0073321 0
0.0073377 0
0.0073433 0
0.007349 0
0.0073546 0
0.0073602 0
0.0073659 0
0.0073715 0
0.0073771 0
0.0073827 0
0.0073884 0
0.007394 0
0.0073996 0
0.0074053 0
0.0074109 0
0.0074165 0
0.0074221 0
0.0074278 0
0.0074334 0
0.007439 0
0.0074447 0
0.0074503 0
0.0074559 0
0.0074615 0
0.0074672 0
0.0074728 0
0.0074784 0
0.0074841 0
0.0074897 0
0.0074953 0
0.0075009 0
0.0075066 0
0.0075122 0
0.0075178 0
0.0075235 0
0.0075291 0
0.0075347 0
0.0075403 0
0.007546 0
0.0075516 0
0.0075572 0
0.0075629 0
0.0075685 0
0.0075741 0
0.0075797 0
0.0075854 0
0.007591 0
0.0075966 0
0.0076023 0
0.0076079 0
0.0076135 0
0.0076191 0
0.0076248 0
0.0076304 0
0.007636 0
0.0076417 0
0.0076473 0
0.0076529 0
0.0076585 0
0.0076642 0
0.0076698 0
0.0076754 0
0.0076811 0
0.0076867 0
0.0076923 0
0.0076979 0
0.0077036 0
0.0077092 0
0.0077148 0
0.0077205 0
0.0077261 0
0.0077317 0
0.0077373 0
0.007743 0
0.0077486 0
0.0077542 0
0.0077598 0
0.0077655 0
0.0077711 0
0.0077767 0
0.0077824 0
0.007788 0
0.0077936 0
0.0077992 0
0.0078049 0
0.0078105 0
0.0078161 0
0.0078218 0
0.0078274 0
0.007833 0
0.0078386 0
0.0078443 0
0.0078499 0
0.0078555 0
0.0078612 0
0.0078668 0
0.0078724 0
0.007878 0
0.0078837 0
0.0078893 0
0.0078949 0
0.0079006 0
0.0079062 0
0.0079118 0
0.0079174 0
0.0079231 0
0.0079287 0
0.0079343 0
0.00794 0
0.0079456 0
0.0079512 0
0.0079568 0
0.0079625 0
0.0079681 0
0.0079737 0
0.0079794 0
0.007985 0
0.0079906 0
0.0079962 0
0.0080019 0
0.0080075 0
0.0080131 0
0.0080188 0
0.0080244 0
0.00803 0
0.0080356 0
0.0080413 0
0.0080469 0
0.0080525 0
0.0080582 0
0.0080638 0
0.0080694 0
0.008075 0
0.0080807 0
0.0080863 0
0.0080919 0
0.0080976 0
0.0081032 0
0.0081088 0
0.0081144 0
0.0081201 0
0.0081257 0
0.0081313 0
0.008137 0
0.0081426 0
0.0081482 0
0.0081538 0
0.0081595 0
0.0081651 0
0.0081707 0
0.0081764 0
0.008182 0
0.0081876 0
0.0081932 0
0.0081989 0
0.0082045 0
0.0082101 0
0.0082158 0
0.0082214 0
0.008227 0
0.0082326 0
0.0082383 0
0.0082439 0
0.0082495 0
0.0082552 0
0.0082608 0
0.0082664 0
0.008272 0
0.0082777 0
0.0082833 0
0.0082889 0
0.0082946 0
0.0083002 0
0.0083058 0
0.0083114 0
0.0083171 0
0.0083227 0
0.0083283 0
0.008334 0
0.0083396 0
0.0083452 0
0.0083508 0
0.0083565 0
0.0083621 0
0.0083677 0
0.0083734 0
0.008379 0
0.0083846 0
0.0083902 0
0.0083959 0
0.0084015 0
0.0084071 0
0.0084128 0
0.0084184 0
0.008424 0
0.0084296 0
0.0084353 0
0.0084409 0
0.0084465 0
0.0084522 0
0.0084578 0
0.0084634 0
0.008469 0
0.0084747 0
0.0084803 0
0.0084859 0
0.0084916 0
0.0084972 0
0.0085028 0
0.0085084 0
0.0085141 0
0.0085197 0
0.0085253 0
0.008531 0
0.0085366 0
0.0085422 0
0.0085478 0
0.0085535 0
0.0085591 0
0.0085647 0
0.0085704 0
0.008576 0
0.0085816 0
0.0085872 0
0.0085929 0
0.0085985 0
0.0086041 0
0.0086098 0
0.0086154 0
0.008621 0
0.0086266 0
0.0086323 0
0.0086379 0
0.0086435 0
0.0086492 0
0.0086548 0
0.0086604 0
0.008666 0
0.0086717 0
0.0086773 0
0.0086829 0
0.0086886 0
0.0086942 0
0.0086998 0
0.0087054 0
0.0087111 0
0.0087167 0
0.0087223 0
0.008728 0
0.0087336 0
0.0087392 0
0.0087448 0
0.0087505 0
0.0087561 0
0.0087617 0
0.0087674 0
0.008773 0
0.0087786 0
0.0087842 0
0.0087899 0
0.0087955 0
0.0088011 0
0.0088068 0
0.0088124 0
0.008818 0
0.0088236 0
0.0088293 0
0.0088349 0
0.0088405 0
0.0088462 0
0.0088518 0
0.0088574 0
0.008863 0
0.0088687 0
0.0088743 0
0.0088799 0
0.0088856 0
0.0088912 0
0.0088968 0
0.0089024 0
0.0089081 0
0.0089137 0
0.0089193 0
0.008925 0
0.0089306 0
0.0089362 0
0.0089418 0
0.0089475 0
0.0089531 0
0.0089587 0
0.0089644 0
0.00897 0
0.0089756 0
0.0089812 0
0.0089869 0
0.0089925 0
0.0089981 0
0.0090038 0
0.0090094 0
0.009015 0
0.0090206 0
0.0090263 0
0.0090319 0
0.0090375 0
0.0090432 0
0.0090488 0
0.0090544 0
0.00906 0
0.0090657 0
0.0090713 0
0.0090769 0
0.0090826 0
0.0090882 0
0.0090938 0
0.0090994 0
0.0091051 0
0.0091107 0
0.0091163 0
0.009122 0
0.0091276 0
0.0091332 0
0.0091388 0
0.0091445 0
0.0091501 0
0.0091557 0
0.0091614 0
0.009167 0
0.0091726 0
0.0091782 0
0.0091839 0
0.0091895 0
0.0091951 0
0.0092008 0
0.0092064 0
0.009212 0
0.0092176 0
0.0092233 0
0.0092289 0
0.0092345 0
0.0092402 0
0.0092458 0
0.0092514 0
0.009257 0
0.0092627 0
0.0092683 0
0.0092739 0
0.0092795 0
0.0092852 0
0.0092908 0
0.0092964 0
0.0093021 0
0.0093077 0
0.0093133 0
0.0093189 0
0.0093246 0
0.0093302 0
0.0093358 0
0.0093415 0
0.0093471 0
0.0093527 0
0.0093583 0
0.009364 0
0.0093696 0
0.0093752 0
0.0093809 0
0.0093865 0
0.0093921 0
0.0093977 0
0.0094034 0
0.009409 0
0.0094146 0
0.0094203 0
0.0094259 0
0.0094315 0
0.0094371 0
0.0094428 0
0.0094484 0
0.009454 0
0.0094597 0
0.0094653 0
0.0094709 0
0.0094765 0
0.0094822 0
0.0094878 0
0.0094934 0
0.0094991 0
0.0095047 0
0.0095103 0
0.0095159 0
0.0095216 0
0.0095272 0
0.0095328 0
0.0095385 0
0.0095441 0
0.0095497 0
0.0095553 0
0.009561 0
0.0095666 0
0.0095722 0
0.0095779 0
0.0095835 0
0.0095891 0
0.0095947 0
0.0096004 0
0.009606 0
0.0096116 0
0.0096173 0
0.0096229 0
0.0096285 0
0.0096341 0
0.0096398 0
0.0096454 0
0.009651 0
0.0096567 0
0.0096623 0
0.0096679 0
0.0096735 0
0.0096792 0
0.0096848 0
0.0096904 0
0.0096961 0
0.0097017 0
0.0097073 0
0.0097129 0
0.0097186 0
0.0097242 0
0.0097298 0
0.0097355 0
0.0097411 0
0.0097467 0
0.0097523 0
0.009758 0
0.0097636 0
0.0097692 0
0.0097749 0
0.0097805 0
0.0097861 0
0.0097917 0
0.0097974 0
0.009803 0
0.0098086 0
0.0098143 0
0.0098199 0
0.0098255 0
0.0098311 0
0.0098368 0
0.0098424 0
0.009848 0
0.0098537 0
0.0098593 0
0.0098649 0
0.0098705 0
0.0098762 0
0.0098818 0
0.0098874 0
0.0098931 0
0.0098987 0
0.0099043 0
0.0099099 0
0.0099156 0
0.0099212 0
0.0099268 0
0.0099325 0
0.0099381 0
0.0099437 0
0.0099493 0
0.009955 0
0.0099606 0
0.0099662 0
0.0099719 0
0.0099775 0
0.0099831 0
0.0099887 0
0.0099944 0
0.01 0
