0.001 0
0.0010056 0
0.0010113 0
0.0010169 0
0.0010225 0
0.0010281 0
0.0010338 0
0.0010394 0
0.001045 0
0.0010507 0
0.0010563 0
0.0010619 0
0.0010675 0
0.0010732 0
0.0010788 0
0.0010844 0
0.0010901 0
0.0010957 0
0.0011013 0
0.0011069 0
0.0011126 0
0.0011182 0
0.0011238 0
0.0011295 0
0.0011351 0
0.0011407 0
0.0011463 0
0.001152 0
0.0011576 0
0.0011632 0
0.0011689 0
0.0011745 0
0.0011801 0
0.0011857 0
0.0011914 0
0.001197 0
0.0012026 0
0.0012083 0
0.0012139 1e-07
0.0012195 1e-07
0.0012251 1e-07
0.0012308 1e-07
0.0012364 1e-07
0.001242 1e-07
0.0012477 1e-07
0.0012533 1e-07
0.0012589 2e-07
0.0012645 2e-07
0.0012702 2e-07
0.0012758 3e-07
0.0012814 3e-07
0.0012871 4e-07
0.0012927 5e-07
0.0012983 5e-07
0.0013039 6e-07
0.0013096 7e-07
0.0013152 9e-07
0.0013208 1e-06
0.0013265 1.1e-06
0.0013321 1.3e-06
0.0013377 1.5e-06
0.0013433 1.8e-06
0.001349 2e-06
0.0013546 2.3e-06
0.0013602 2.6e-06
0.0013659 2.9e-06
0.0013715 3.2e-06
0.0013771 3.5e-06
0.0013827 3.9e-06
0.0013884 4.3e-06
0.001394 4.7e-06
0.0013996 5.1e-06
0.0014053 5.6e-06
0.0014109 6.1e-06
0.0014165 6.7e-06
0.0014221 7.3e-06
0.0014278 7.9e-06
0.0014334 8.6e-06
0.001439 9.4e-06
0.0014447 1.03e-05
0.0014503 1.13e-05
0.0014559 1.24e-05
0.0014615 1.37e-05
0.0014672 1.51e-05
0.0014728 1.66e-05
0.0014784 1.84e-05
0.0014841 2.04e-05
0.0014897 2.26e-05
0.0014953 2.51e-05
0.0015009 2.79e-05
0.0015066 3.1e-05
0.0015122 3.44e-05
0.0015178 3.82e-05
0.0015235 4.22e-05
0.0015291 4.65e-05
0.0015347 5.13e-05
0.0015403 5.66e-05
0.001546 6.17e-05
0.0015516 6.72e-05
0.0015572 7.31e-05
0.0015629 7.96e-05
0.0015685 8.57e-05
0.0015741 9.19e-05
0.0015797 9.87e-05
0.0015854 0.0001059
0.001591 0.0001127
0.0015966 0.0001198
0.0016023 0.0001274
0.0016079 0.0001354
0.0016135 0.0001437
0.0016191 0.0001524
0.0016248 0.0001616
0.0016304 0.0001714
0.001636 0.0001825
0.0016417 0.0001945
0.0016473 0.0002074
0.0016529 0.0002211
0.0016585 0.0002373
0.0016642 0.0002553
0.0016698 0.0002746
0.0016754 0.0002954
0.0016811 0.0003199
0.0016867 0.000347
0.0016923 0.0003764
0.0016979 0.0004084
0.0017036 0.0004442
0.0017092 0.0004837
0.0017148 0.0005266
0.0017205 0.0005734
0.0017261 0.0006228
0.0017317 0.000676
0.0017373 0.0007337
0.001743 0.0007964
0.0017486 0.0008587
0.0017542 0.0009238
0.0017598 0.0009939
0.0017655 0.0010694
0.0017711 0.0011414
0.0017767 0.0012149
0.0017824 0.0012932
0.001788 0.0013766
0.0017936 0.0014566
0.0017992 0.001538
0.0018049 0.0016239
0.0018105 0.0017147
0.0018161 0.0018076
0.0018218 0.0019044
0.0018274 0.0020064
0.001833 0.0021139
0.0018386 0.0022339
0.0018443 0.0023634
0.0018499 0.0025004
0.0018555 0.0026453
0.0018612 0.0028154
0.0018668 0.0030035
0.0018724 0.0032042
0.001878 0.0034183
0.0018837 0.0036687
0.0018893 0.0039472
0.0018949 0.0042469
0.0019006 0.0045693
0.0019062 0.0049315
0.0019118 0.0053295
0.0019174 0.0057596
0.0019231 0.0062245
0.0019287 0.0067164
0.0019343 0.007242
0.00194 0.0078089
0.0019456 0.00842
0.0019512 0.0090245
0.0019568 0.0096454
0.0019625 0.0103091
0.0019681 0.0110184
0.0019737 0.0116791
0.0019794 0.0123304
0.001985 0.013018
0.0019906 0.0137439
0.0019962 0.0144016
0.0020019 0.0150348
0.0020075 0.0156959
0.0020131 0.016386
0.0020188 0.0170329
0.0020244 0.0176665
0.00203 0.0183237
0.0020356 0.0190053
0.0020413 0.019705
0.0020469 0.0204265
0.0020525 0.0211744
0.0020582 0.0219497
0.0020638 0.0228089
0.0020694 0.0237335
0.002075 0.0246955
0.0020807 0.0256965
0.0020863 0.0268151
0.0020919 0.0280279
0.0020976 0.0292955
0.0021032 0.0306205
0.0021088 0.0320288
0.0021144 0.0335161
0.0021201 0.0350725
0.0021257 0.0367011
0.0021313 0.0382895
0.002137 0.039874
0.0021426 0.041524
0.0021482 0.0432424
0.0021538 0.0447395
0.0021595 0.0461013
0.0021651 0.0475046
0.0021707 0.0489506
0.0021764 0.0500406
0.002182 0.0508939
0.0021876 0.0517618
0.0021932 0.0526445
0.0021989 0.0531814
0.0022045 0.0534835
0.0022101 0.0537874
0.0022158 0.054093
0.0022214 0.0541988
0.002227 0.0541673
0.0022326 0.0541358
0.0022383 0.0541042
0.0022439 0.0540584
0.0022495 0.0540026
0.0022552 0.0539469
0.0022608 0.0538911
0.0022664 0.0539644
0.002272 0.0541319
0.0022777 0.0542999
0.0022833 0.0544684
0.0022889 0.0548448
0.0022946 0.0553809
0.0023002 0.0559222
0.0023058 0.0564689
0.0023114 0.0572582
0.0023171 0.0582453
0.0023227 0.0592494
0.0023283 0.0602708
0.002334 0.0615653
0.0023396 0.0630964
0.0023452 0.0646656
0.0023508 0.0662738
0.0023565 0.0682278
0.0023621 0.0704992
0.0023677 0.0728462
0.0023734 0.0752713
0.002379 0.0782002
0.0023846 0.0816172
0.0023902 0.0851835
0.0023959 0.0889057
0.0024015 0.0934114
0.0024071 0.0987185
0.0024128 0.1043272
0.0024184 0.1102546
0.002424 0.117415
0.0024296 0.1259056
0.0024353 0.1350103
0.0024409 0.1447734
0.0024465 0.1564793
0.0024522 0.1703812
0.0024578 0.1855182
0.0024634 0.202
0.002469 0.2215667
0.0024747 0.2447402
0.0024803 0.2703373
0.0024859 0.2986117
0.0024916 0.3318819
0.0024972 0.3711047
0.0025028 0.4149629
0.0025084 0.4640045
0.0025141 0.5214697
0.0025197 0.5890653
0.0025253 0.6654229
0.002531 0.7516784
0.0025366 0.8530743
0.0025422 0.9728712
0.0025478 1.1094911
0.0025535 1.2652965
0.0025591 1.4502101
0.0025647 1.6711264
0.0025704 1.9256956
0.002576 2.2190444
0.0025816 2.5707231
0.0025872 2.9957965
0.0025929 3.4911566
0.0025985 4.0684253
0.0026041 4.762688
0.0026098 5.6044435
0.0026154 6.5949704
0.002621 7.7605626
0.0026266 9.1498063
0.0026323 10.8123501
0.0026379 12.7769825
0.0026435 15.0985937
0.0026492 17.8013545
0.0026548 20.9297044
0.0026604 24.60782
0.002666 28.9323151
0.0026717 33.7857318
0.0026773 39.1174967
0.0026829 45.2906735
0.0026886 52.4380464
0.0026942 60.1273991
0.0026998 68.0850918
0.0027054 77.0959628
0.0027111 87.2993974
0.0027167 97.9215189
0.0027223 108.4579569
0.002728 120.1281245
0.0027336 133.054012
0.0027392 146.430571
0.0027448 159.7400183
0.0027505 174.2591952
0.0027561 190.0980569
0.0027617 206.8649934
0.0027674 224.3236791
0.002773 243.2558172
0.0027786 263.7857619
0.0027842 286.0484855
0.0027899 310.1903109
0.0027955 336.3696501
0.0028011 364.7584645
0.0028068 395.4503703
0.0028124 428.5728755
0.002818 464.4696868
0.0028236 503.3731771
0.0028293 543.9696385
0.0028349 585.2145143
0.0028405 629.5866598
0.0028462 677.323191
0.0028518 724.0202908
0.0028574 765.9962837
0.002863 810.4058879
0.0028687 857.3901952
0.0028743 899.0411444
0.0028799 928.8558865
0.0028856 959.6593696
0.0028912 991.4843831
0.0028968 1015.176843
0.0029024 1023.5041796
0.0029081 1031.899824
0.0029137 1040.3643365
0.0029193 1041.9771388
0.002925 1031.4292752
0.0029306 1020.9881869
0.0029362 1010.6527931
0.0029418 997.3829422
0.0029475 978.8230338
0.0029531 960.6084994
0.0029587 942.7329121
0.0029644 925.1294606
0.00297 907.7424304
0.0029756 890.6821747
0.0029812 873.9425523
0.0029869 858.4309673
0.0029925 844.9520194
0.0029981 831.6847158
0.0030038 818.6257333
0.0030094 805.9177448
0.003015 793.6977313
0.0030206 781.663008
0.0030263 769.8107655
0.0030319 756.689157
0.0030375 740.8187553
0.0030432 725.2812112
0.0030488 710.0695433
0.0030544 692.4347471
0.00306 669.4802341
0.0030657 647.2866732
0.0030713 625.8288385
0.0030769 602.1607912
0.0030826 573.1293944
0.0030882 545.4976603
0.0030938 519.1981083
0.0030994 492.1128395
0.0031051 461.9460547
0.0031107 433.6285102
0.0031163 407.0468465
0.003122 381.1994902
0.0031276 354.9809286
0.0031332 330.5656563
0.0031388 307.8296448
0.0031445 286.5645302
0.0031501 266.552423
0.0031557 247.9378525
0.0031614 230.6232223
0.003167 214.7304911
0.0031726 200.4478132
0.0031782 187.1151395
0.0031839 174.6692812
0.0031895 163.2412144
0.0031951 153.0402351
0.0032008 143.4767173
0.0032064 134.5108258
0.003212 126.1501393
0.0032176 118.4271716
0.0032233 111.1770074
0.0032289 104.3707014
0.0032345 97.8979977
0.0032402 91.6001694
0.0032458 85.7074837
0.0032514 80.1938774
0.003257 74.9022501
0.0032627 69.5855028
0.0032683 64.6461515
0.0032739 60.0574075
0.0032795 55.6848629
0.0032852 51.3114632
0.0032908 47.2815432
0.0032964 43.5681267
0.0033021 40.0902224
0.0033077 36.7205036
0.0033133 33.6340211
0.0033189 30.8069679
0.0033246 28.206116
0.0033302 25.7889658
0.0033358 23.5789557
0.0033415 21.5583345
0.0033471 19.7215589
0.0033527 18.0763797
0.0033583 16.5684419
0.003364 15.1862968
0.0033696 13.9343461
0.0033752 12.8369891
0.0033809 11.826051
0.0033865 10.8947263
0.0033921 10.0473797
0.0033977 9.30454
0.0034034 8.6166211
0.003409 7.9795626
0.0034146 7.3944059
0.0034203 6.870502
0.0034259 6.3837175
0.0034315 5.9314224
0.0034371 5.5118825
0.0034428 5.1248669
0.0034484 4.7650255
0.003454 4.4304502
0.0034597 4.1184467
0.0034653 3.8245317
0.0034709 3.5515921
0.0034765 3.2981309
0.0034822 3.0619663
0.0034878 2.8391995
0.0034934 2.6326396
0.0034991 2.4411075
0.0035047 2.2635129
0.0035103 2.0988524
0.0035159 1.9461703
0.0035216 1.8045951
0.0035272 1.674007
0.0035328 1.5562773
0.0035385 1.4468274
0.0035441 1.3450748
0.0035497 1.2514711
0.0035553 1.1696138
0.003561 1.0931106
0.0035666 1.0216115
0.0035722 0.9557628
0.0035779 0.8996439
0.0035835 0.8468202
0.0035891 0.797098
0.0035947 0.7510811
0.0036004 0.7124688
0.003606 0.6758416
0.0036116 0.6410973
0.0036173 0.6086967
0.0036229 0.5815582
0.0036285 0.5556297
0.0036341 0.5308572
0.0036398 0.5075525
0.0036454 0.4878187
0.003651 0.4688521
0.0036567 0.450623
0.0036623 0.4333344
0.0036679 0.4184664
0.0036735 0.4041086
0.0036792 0.3902434
0.0036848 0.3770156
0.0036904 0.3655667
0.0036961 0.3544656
0.0037017 0.3437015
0.0037073 0.3334012
0.0037129 0.3246382
0.0037186 0.3161055
0.0037242 0.3077971
0.0037298 0.2998444
0.0037355 0.2934494
0.0037411 0.2871907
0.0037467 0.2810656
0.0037523 0.275217
0.003758 0.27108
0.0037636 0.2670052
0.0037692 0.2629916
0.0037749 0.2591899
0.0037805 0.2572882
0.0037861 0.2554004
0.0037917 0.2535265
0.0037974 0.2518149
0.003803 0.2521576
0.0038086 0.2525007
0.0038143 0.2528443
0.0038199 0.2533236
0.0038255 0.2559292
0.0038311 0.2585616
0.0038368 0.261221
0.0038424 0.26402
0.003848 0.2688976
0.0038537 0.2738653
0.0038593 0.2789248
0.0038649 0.2841604
0.0038705 0.2912824
0.0038762 0.2985829
0.0038818 0.3060663
0.0038874 0.3137893
0.0038931 0.3230736
0.0038987 0.3326326
0.0039043 0.3424744
0.0039099 0.3526342
0.0039156 0.3639862
0.0039212 0.3757037
0.0039268 0.3877984
0.0039325 0.4002951
0.0039381 0.4137642
0.0039437 0.4276865
0.0039493 0.4420773
0.003955 0.4569619
0.0039606 0.4730019
0.0039662 0.4896049
0.0039719 0.5067907
0.0039775 0.5245892
0.0039831 0.5443068
0.0039887 0.5647655
0.0039944 0.5859932
0.004 0.6080188
0.0040056 0.6332436
0.0040113 0.6595148
0.0040169 0.686876
0.0040225 0.7153723
0.0040281 0.7484023
0.0040338 0.7829839
0.0040394 0.8191635
0.004045 0.8570149
0.0040507 0.9000557
0.0040563 0.9453133
0.0040619 0.9928466
0.0040675 1.0427701
0.0040732 1.0969014
0.0040788 1.1538841
0.0040844 1.2138268
0.0040901 1.2768836
0.0040957 1.3407755
0.0041013 1.4077851
0.0041069 1.4781437
0.0041126 1.5520187
0.0041182 1.6212548
0.0041238 1.6932406
0.0041295 1.7684227
0.0041351 1.846943
0.0041407 1.9152878
0.0041463 1.985495
0.004152 2.0582756
0.0041576 2.1337241
0.0041632 2.1964354
0.0041689 2.2601066
0.0041745 2.3256236
0.0041801 2.3930397
0.0041857 2.4497423
0.0041914 2.5069606
0.004197 2.5655155
0.0042026 2.625438
0.0042083 2.6795987
0.0042139 2.734347
0.0042195 2.7902139
0.0042251 2.8472223
0.0042308 2.9021815
0.0042364 2.9579354
0.004242 3.0147604
0.0042477 3.072677
0.0042533 3.1267838
0.0042589 3.1813922
0.0042645 3.2369542
0.0042702 3.2934866
0.0042758 3.3371452
0.0042814 3.3799929
0.0042871 3.4233907
0.0042927 3.4673456
0.0042983 3.4846468
0.0043039 3.4990836
0.0043096 3.5135802
0.0043152 3.5281369
0.0043208 3.5046991
0.0043265 3.4769965
0.0043321 3.4495128
0.0043377 3.4222463
0.0043433 3.3555011
0.004349 3.2851428
0.0043546 3.2162597
0.0043602 3.1488211
0.0043659 3.0513352
0.0043715 2.9527224
0.0043771 2.8572967
0.0043827 2.7649548
0.0043884 2.6565617
0.004394 2.5497486
0.0043996 2.44723
0.0044053 2.3488335
0.0044109 2.2453959
0.0044165 2.1451702
0.0044221 2.0494183
0.0044278 1.9579403
0.0044334 1.8662484
0.004439 1.7781688
0.0044447 1.6942462
0.0044503 1.6142844
0.0044559 1.5340353
0.0044615 1.4570935
0.0044672 1.3840108
0.0044728 1.3145937
0.0044784 1.2430511
0.0044841 1.1744104
0.0044897 1.1095601
0.0044953 1.0482908
0.0045009 0.9839756
0.0045066 0.9224149
0.0045122 0.8647057
0.0045178 0.8106069
0.0045235 0.7544042
0.0045291 0.7010348
0.0045347 0.6514411
0.0045403 0.6053557
0.004546 0.5591634
0.0045516 0.5158135
0.0045572 0.4758243
0.0045629 0.4389354
0.0045685 0.4036487
0.0045741 0.3709316
0.0045797 0.3408663
0.0045854 0.3132379
0.004591 0.2879656
0.0045966 0.2647583
0.0046023 0.2434213
0.0046079 0.2238039
0.0046135 0.2064887
0.0046191 0.190683
0.0046248 0.1760871
0.0046304 0.1626085
0.004636 0.1510081
0.0046417 0.1404456
0.0046473 0.1306219
0.0046529 0.1214853
0.0046585 0.1137637
0.0046642 0.1067364
0.0046698 0.1001431
0.0046754 0.0939572
0.0046811 0.0888305
0.0046867 0.084171
0.0046923 0.0797559
0.0046979 0.0755724
0.0047036 0.0722251
0.0047092 0.0692061
0.0047148 0.0663133
0.0047205 0.0635415
0.0047261 0.0614883
0.0047317 0.0596874
0.0047373 0.0579393
0.004743 0.0562423
0.0047486 0.0552181
0.0047542 0.054416
0.0047598 0.0536255
0.0047655 0.0528464
0.0047711 0.0527451
0.0047767 0.0528743
0.0047824 0.0530038
0.004788 0.0531337
0.0047936 0.0539948
0.0047992 0.0551377
0.0048049 0.0563048
0.0048105 0.0574966
0.0048161 0.0595389
0.0048218 0.0619739
0.0048274 0.0645086
0.004833 0.0671469
0.0048386 0.0708621
0.0048443 0.0751809
0.0048499 0.0797629
0.0048555 0.0846241
0.0048612 0.0909817
0.0048668 0.0983379
0.0048724 0.1062888
0.004878 0.1148827
0.0048837 0.1257572
0.0048893 0.1383878
0.0048949 0.152287
0.0049006 0.1675822
0.0049062 0.1866455
0.0049118 0.2089556
0.0049174 0.2339324
0.0049231 0.2618949
0.0049287 0.2964579
0.0049343 0.3372392
0.00494 0.3836305
0.0049456 0.4364034
0.0049512 0.501104
0.0049568 0.5778881
0.0049625 0.6664377
0.0049681 0.7685557
0.0049737 0.8922656
0.0049794 1.0392018
0.004985 1.2103353
0.0049906 1.4096505
0.0049962 1.6470351
0.0050019 1.927433
0.0050075 2.2555669
0.0050131 2.6395636
0.0050188 3.0877193
0.0050244 3.6112387
0.00503 4.2235201
0.0050356 4.9396131
0.0050413 5.7597934
0.0050469 6.7055002
0.0050525 7.8064838
0.0050582 9.088239
0.0050638 10.5398747
0.0050694 12.1977369
0.005075 14.1163714
0.0050807 16.3367962
0.0050863 18.8501071
0.0050919 21.713428
0.0050976 25.0116859
0.0051032 28.8109472
0.0051088 33.1380951
0.0051144 38.0821573
0.0051201 43.7638525
0.0051257 50.2932323
0.0051313 57.7521438
0.005137 66.2864251
0.0051426 76.0818538
0.0051482 87.3247949
0.0051538 100.0464936
0.0051595 114.4915584
0.0051651 131.0222526
0.0051707 149.9397064
0.0051764 170.8039439
0.005182 193.9998406
0.0051876 220.345838
0.0051932 250.2697331
0.0051989 282.0037866
0.0052045 316.0904489
0.0052101 354.2972705
0.0052158 397.1222679
0.0052214 440.5278694
0.005227 485.223257
0.0052326 534.4533807
0.0052383 588.6783291
0.0052439 641.5418533
0.0052495 693.926303
0.0052552 750.5881519
0.0052608 811.8766666
0.0052664 870.6036959
0.005272 927.7221561
0.0052777 988.5880371
0.0052833 1053.4471994
0.0052889 1116.3792829
0.0052946 1178.1808085
0.0053002 1243.4035983
0.0053058 1312.2370499
0.0053114 1380.8308185
0.0053171 1449.7227941
0.0053227 1522.0519065
0.0053283 1597.9896402
0.005334 1674.0595981
0.0053396 1750.7026927
0.0053452 1830.854721
0.0053508 1914.6763315
0.0053565 1995.237895
0.0053621 2073.1296583
0.0053677 2154.0622254
0.0053734 2238.1543055
0.005379 2311.1970873
0.0053846 2374.156241
0.0053902 2438.8304605
0.0053959 2505.2664658
0.0054015 2551.5187712
0.0054071 2579.2214664
0.0054128 2607.224939
0.0054184 2635.5324547
0.005424 2639.1586188
0.0054296 2620.4697402
0.0054353 2601.9132046
0.0054409 2583.4880749
0.0054465 2544.1386497
0.0054522 2486.3091089
0.0054578 2429.7940624
0.0054634 2374.5636311
0.005469 2307.5172469
0.0054747 2230.2889236
0.0054803 2155.6452891
0.0054859 2083.4998387
0.0054916 2007.8589617
0.0054972 1929.3701149
0.0055028 1853.9494613
0.0055084 1781.4770626
0.0055141 1709.5085496
0.0055197 1638.1816559
0.0055253 1569.8307787
0.005531 1504.331748
0.0055366 1439.4240067
0.0055422 1375.1763709
0.0055478 1313.7963813
0.0055535 1255.1560425
0.0055591 1195.5702691
0.0055647 1135.1656968
0.0055704 1077.8129838
0.005576 1023.3579392
0.0055816 966.9830727
0.0055872 908.8344867
0.0055929 854.1826093
0.0055985 802.8171694
0.0056041 750.0988956
0.0056098 696.1200558
0.0056154 646.0256574
0.005621 599.536167
0.0056266 553.2862009
0.0056323 507.2414263
0.0056379 465.0285225
0.0056435 426.3285992
0.0056492 389.2803298
0.0056548 353.7163025
0.0056604 321.4013477
0.005666 292.0386355
0.0056717 264.8572025
0.0056773 239.6367163
0.0056829 216.8177994
0.0056886 196.1717673
0.0056942 177.47943
0.0056998 160.5538358
0.0057054 145.2423764
0.0057111 131.3911175
0.0057167 118.9631881
0.0057223 107.8345058
0.005728 97.7468815
0.0057336 88.6029269
0.0057392 80.3811994
0.0057448 73.0058436
0.0057505 66.3072115
0.0057561 60.2232107
0.0057617 54.7107202
0.0057674 49.7199193
0.005773 45.1843873
0.0057786 41.0625939
0.0057842 37.3053819
0.0057899 33.8767871
0.0057955 30.7633013
0.0058011 27.9359641
0.0058068 25.3597485
0.0058124 23.0091534
0.005818 20.876435
0.0058236 18.9413982
0.0058293 17.1902091
0.0058349 15.6072708
0.0058405 14.1700954
0.0058462 12.8652604
0.0058518 11.6960225
0.0058574 10.6556609
0.005863 9.7078396
0.0058687 8.844327
0.0058743 8.0777603
0.0058799 7.4082652
0.0058856 6.7942588
0.0058912 6.231142
0.0058968 5.7345984
0.0059024 5.3091694
0.0059081 4.9153016
0.0059137 4.5506533
0.0059193 4.2303149
0.005925 3.9610976
0.0059306 3.7090133
0.0059362 3.4729716
0.0059418 3.2659774
0.0059475 3.0956024
0.0059531 2.9341154
0.0059587 2.7810525
0.0059644 2.6470745
0.00597 2.5396549
0.0059756 2.4365945
0.0059812 2.3377164
0.0059869 2.2516198
0.0059925 2.1853066
0.0059981 2.1209464
0.0060038 2.0584817
0.0060094 2.0048839
0.006015 1.9665993
0.0060206 1.9290458
0.0060263 1.8922095
0.0060319 1.8618505
0.0060375 1.843927
0.0060432 1.826176
0.0060488 1.808596
0.0060544 1.7961069
0.00606 1.7943403
0.0060657 1.7925754
0.0060713 1.7908123
0.0060769 1.7934878
0.0060826 1.8061783
0.0060882 1.8189586
0.0060938 1.8318294
0.0060994 1.8491143
0.0061051 1.876748
0.0061107 1.9047947
0.0061163 1.9332605
0.006122 1.9667088
0.0061276 2.0119536
0.0061332 2.0582392
0.0061388 2.1055897
0.0061445 2.1590334
0.0061501 2.226713
0.0061557 2.2965142
0.0061614 2.3685034
0.006167 2.4481039
0.0061726 2.5447962
0.0061782 2.6453075
0.0061839 2.7497887
0.0061895 2.8635107
0.0061951 2.9963326
0.0062008 3.1353154
0.0062064 3.2807448
0.006212 3.4366005
0.0062176 3.6106778
0.0062233 3.7935728
0.0062289 3.9857321
0.0062345 4.1882316
0.0062402 4.4028757
0.0062458 4.6285202
0.0062514 4.8657288
0.006257 5.111192
0.0062627 5.3566358
0.0062683 5.6138659
0.0062739 5.8834485
0.0062795 6.157446
0.0062852 6.4161057
0.0062908 6.6856311
0.0062964 6.9664786
0.0063021 7.2479269
0.0063077 7.5025425
0.0063133 7.7661026
0.0063189 8.0389214
0.0063246 8.3107822
0.0063302 8.5545237
0.0063358 8.8054138
0.0063415 9.063662
0.0063471 9.3220695
0.0063527 9.5605452
0.0063583 9.8051215
0.006364 10.0559545
0.0063696 10.3084801
0.0063752 10.5492063
0.0063809 10.795554
0.0063865 11.0476546
0.0063921 11.299948
0.0063977 11.5351659
0.0064034 11.77528
0.006409 12.0203924
0.0064146 12.2587932
0.0064203 12.4524624
0.0064259 12.6491911
0.0064315 12.8490279
0.0064371 13.030622
0.0064428 13.1214374
0.0064484 13.2128857
0.006454 13.3049713
0.0064597 13.367999
0.0064653 13.2966301
0.0064709 13.2256423
0.0064765 13.1550334
0.0064822 13.053117
0.0064878 12.8026787
0.0064934 12.5570453
0.0064991 12.3161247
0.0065047 12.0536367
0.0065103 11.6682649
0.0065159 11.295214
0.0065216 10.9340901
0.0065272 10.5675844
0.0065328 10.1265512
0.0065385 9.7039243
0.0065441 9.2989356
0.0065497 8.9019432
0.0065553 8.4738904
0.006561 8.0664206
0.0065666 7.6785441
0.0065722 7.3046825
0.0065779 6.9226187
0.0065835 6.5605384
0.0065891 6.2173963
0.0065947 5.8885705
0.0066004 5.555212
0.006606 5.2407253
0.0066116 4.944042
0.0066173 4.6601159
0.0066229 4.3666087
0.0066285 4.0915874
0.0066341 3.8338878
0.0066398 3.5881944
0.0066454 3.329476
0.006651 3.089412
0.0066567 2.8666572
0.0066623 2.6564167
0.0066679 2.4358919
0.0066735 2.2336742
0.0066792 2.0482437
0.0066848 1.8758969
0.0066904 1.7001733
0.0066961 1.5409105
0.0067017 1.3965665
0.0067073 1.2646004
0.0067129 1.1355896
0.0067186 1.0197401
0.0067242 0.9157093
0.0067298 0.8218836
0.0067355 0.733992
0.0067411 0.6554994
0.0067467 0.5854008
0.0067523 0.5227142
0.006758 0.4659076
0.0067636 0.4152744
0.0067692 0.3701439
0.0067749 0.3299226
0.0067805 0.2941225
0.0067861 0.2622071
0.0067917 0.2337548
0.0067974 0.2083975
0.006803 0.185884
0.0068086 0.1658028
0.0068143 0.1478909
0.0068199 0.1319115
0.0068255 0.1176224
0.0068311 0.1048812
0.0068368 0.0935202
0.0068424 0.0833841
0.006848 0.0742551
0.0068537 0.0661255
0.0068593 0.058886
0.0068649 0.0524359
0.0068705 0.0466326
0.0068762 0.0414716
0.0068818 0.0368818
0.0068874 0.0328
0.0068931 0.0291707
0.0068987 0.0259429
0.0069043 0.0230723
0.0069099 0.0205209
0.0069156 0.0182968
0.0069212 0.0163137
0.0069268 0.0145456
0.0069325 0.0129708
0.0069381 0.0116291
0.0069437 0.0104261
0.0069493 0.0093476
0.006955 0.0083817
0.0069606 0.0075766
0.0069662 0.0068487
0.0069719 0.0061908
0.0069775 0.0055966
0.0069831 0.0051102
0.0069887 0.0046661
0.0069944 0.0042606
0.007 0.0038903
0.0070056 0.0035918
0.0070113 0.0033162
0.0070169 0.0030617
0.0070225 0.0028268
0.0070281 0.0026396
0.0070338 0.0024651
0.0070394 0.0023021
0.007045 0.0021498
0.0070507 0.0020304
0.0070563 0.0019179
0.0070619 0.0018117
0.0070675 0.0017113
0.0070732 0.0016346
0.0070788 0.0015618
0.0070844 0.0014922
0.0070901 0.0014257
0.0070957 0.0013775
0.0071013 0.0013313
0.0071069 0.0012867
0.0071126 0.0012436
0.0071182 0.0012155
0.0071238 0.0011886
0.0071295 0.0011623
0.0071351 0.0011365
0.0071407 0.0011241
0.0071463 0.0011125
0.007152 0.0011009
0.0071576 0.0010895
0.0071632 0.0010907
0.0071689 0.0010927
0.0071745 0.0010947
0.0071801 0.0010966
0.0071857 0.0011116
0.0071914 0.0011276
0.007197 0.0011438
0.0072026 0.0011602
0.0072083 0.0011908
0.0072139 0.0012233
0.0072195 0.0012567
0.0072251 0.0012909
0.0072308 0.0013415
0.0072364 0.0013954
0.007242 0.0014515
0.0072477 0.0015098
0.0072533 0.0015877
0.0072589 0.0016713
0.0072645 0.0017593
0.0072702 0.0018519
0.0072758 0.0019683
0.0072814 0.002094
0.0072871 0.0022278
0.0072927 0.0023701
0.0072983 0.0025412
0.0073039 0.002727
0.0073096 0.0029264
0.0073152 0.0031404
0.0073208 0.0033887
0.0073265 0.0036589
0.0073321 0.0039508
0.0073377 0.0042659
0.0073433 0.0046213
0.007349 0.0050084
0.0073546 0.0054279
0.0073602 0.0058825
0.0073659 0.0063855
0.0073715 0.0069331
0.0073771 0.0075276
0.0073827 0.008173
0.0073884 0.0088817
0.007394 0.0096532
0.0073996 0.0104916
0.0074053 0.0114029
0.0074109 0.0124067
0.0074165 0.0135013
0.0074221 0.0146924
0.0074278 0.0159885
0.0074334 0.0174279
0.007439 0.0190022
0.0074447 0.0207187
0.0074503 0.0225902
0.0074559 0.0246756
0.0074615 0.0269621
0.0074672 0.0294606
0.0074728 0.0321905
0.0074784 0.0352044
0.0074841 0.0385068
0.0074897 0.042119
0.0074953 0.04607
0.0075009 0.0503259
0.0075066 0.0549608
0.0075122 0.0600226
0.0075178 0.0655505
0.0075235 0.071286
0.0075291 0.0774549
0.0075347 0.0841576
0.0075403 0.0914404
0.007546 0.0986729
0.0075516 0.1063164
0.0075572 0.1145521
0.0075629 0.1234257
0.0075685 0.1318933
0.0075741 0.1406728
0.0075797 0.1500366
0.0075854 0.1600238
0.007591 0.1693313
0.0075966 0.1788362
0.0076023 0.1888747
0.0076079 0.1994766
0.0076135 0.2093715
0.0076191 0.2194105
0.0076248 0.2299309
0.0076304 0.2409556
0.007636 0.2514586
0.0076417 0.2621277
0.0076473 0.2732496
0.0076529 0.2848433
0.0076585 0.2960445
0.0076642 0.3074303
0.0076698 0.3192539
0.0076754 0.3315323
0.0076811 0.3431363
0.0076867 0.3548014
0.0076923 0.3668631
0.0076979 0.3793348
0.0077036 0.390238
0.0077092 0.4008336
0.0077148 0.411717
0.0077205 0.4228959
0.0077261 0.4311933
0.0077317 0.4386296
0.0077373 0.4461942
0.007743 0.4538892
0.0077486 0.4576064
0.0077542 0.4599945
0.0077598 0.462395
0.0077655 0.4648081
0.0077711 0.4630595
0.0077767 0.4598977
0.0077824 0.4567576
0.007788 0.4536389
0.0077936 0.447243
0.0077992 0.4397816
0.0078049 0.4324446
0.0078105 0.42523
0.0078161 0.4161612
0.0078218 0.406571
0.0078274 0.3972017
0.007833 0.3880483
0.0078386 0.3782797
0.0078443 0.368447
0.0078499 0.3588699
0.0078555 0.3495417
0.0078612 0.3402558
0.0078668 0.3311387
0.0078724 0.3222658
0.007878 0.3136307
0.0078837 0.3051375
0.0078893 0.2968382
0.0078949 0.2887645
0.0079006 0.2809105
0.0079062 0.2730007
0.0079118 0.265201
0.0079174 0.2576242
0.0079231 0.2502638
0.0079287 0.2426464
0.0079343 0.2350593
0.00794 0.2277093
0.0079456 0.2205892
0.0079512 0.2131941
0.0079568 0.2058254
0.0079625 0.1987113
0.0079681 0.1918432
0.0079737 0.1848847
0.0079794 0.178028
0.007985 0.1714255
0.0079906 0.1650679
0.0079962 0.1588997
0.0080019 0.1529398
0.0080075 0.1472035
0.0080131 0.1416824
0.0080188 0.136597
0.0080244 0.1318069
0.00803 0.1271849
0.0080356 0.1227249
0.0080413 0.1188444
0.0080469 0.1153038
0.0080525 0.1118686
0.0080582 0.1085358
0.0080638 0.1058213
0.0080694 0.1034522
0.008075 0.1011362
0.0080807 0.098872
0.0080863 0.0971921
0.0080919 0.0958382
0.0080976 0.0945032
0.0081032 0.0931868
0.0081088 0.0923843
0.0081144 0.0918767
0.0081201 0.0913719
0.0081257 0.0908698
0.0081313 0.0908045
0.008137 0.0910015
0.0081426 0.0911989
0.0081482 0.0913968
0.0081538 0.0919686
0.0081595 0.0927785
0.0081651 0.0935956
0.0081707 0.0944199
0.0081764 0.0955868
0.008182 0.0969866
0.0081876 0.098407
0.0081932 0.0998482
0.0081989 0.1016469
0.0082045 0.1037055
0.0082101 0.1058059
0.0082158 0.1079487
0.0082214 0.1105241
0.008227 0.1134341
0.0082326 0.1164206
0.0082383 0.1194858
0.0082439 0.1231306
0.0082495 0.1272504
0.0082552 0.131508
0.0082608 0.135908
0.0082664 0.1411154
0.008272 0.147023
0.0082777 0.1531778
0.0082833 0.1595903
0.0082889 0.167121
0.0082946 0.1756775
0.0083002 0.1846721
0.0083058 0.1941272
0.0083114 0.2050845
0.0083171 0.2174958
0.0083227 0.2306583
0.0083283 0.2446173
0.008334 0.260501
0.0083396 0.2783365
0.0083452 0.2973931
0.0083508 0.3177545
0.0083565 0.3404271
0.0083621 0.3655271
0.0083677 0.3924778
0.0083734 0.4214155
0.008379 0.4529094
0.0083846 0.4871418
0.0083902 0.5239617
0.0083959 0.5635646
0.0084015 0.6057703
0.0084071 0.6507704
0.0084128 0.6991133
0.0084184 0.7510474
0.008424 0.8055835
0.0084296 0.8628688
0.0084353 0.9242277
0.0084409 0.9899499
0.0084465 1.0586757
0.0084522 1.1305187
0.0084578 1.2072372
0.0084634 1.2891619
0.008469 1.3754427
0.0084747 1.466272
0.0084803 1.5630993
0.0084859 1.6663207
0.0084916 1.7763432
0.0084972 1.8936141
0.0085028 2.0186271
0.0085084 2.1518931
0.0085141 2.2947138
0.0085197 2.4478328
0.0085253 2.611169
0.008531 2.7854041
0.0085366 2.9702586
0.0085422 3.1662585
0.0085478 3.375192
0.0085535 3.5979124
0.0085591 3.8276082
0.0085647 4.0631307
0.0085704 4.3131454
0.008576 4.5785441
0.0085816 4.8400081
0.0085872 5.0927052
0.0085929 5.3585955
0.0085985 5.6383679
0.0086041 5.8972396
0.0086098 6.1257406
0.0086154 6.3630954
0.008621 6.609647
0.0086266 6.8195017
0.0086323 6.9801093
0.0086379 7.1444994
0.0086435 7.3127611
0.0086492 7.4386904
0.0086548 7.509885
0.0086604 7.581761
0.008666 7.654325
0.0086717 7.6910206
0.0086773 7.6820597
0.0086829 7.6731092
0.0086886 7.6641691
0.0086942 7.6305602
0.0086998 7.5654432
0.0087054 7.5008819
0.0087111 7.4368716
0.0087167 7.3548593
0.0087223 7.2493649
0.008728 7.1453837
0.0087336 7.0428939
0.0087392 6.9209237
0.0087448 6.7728591
0.0087505 6.6279622
0.0087561 6.4861652
0.0087617 6.3188937
0.0087674 6.116763
0.008773 5.921098
0.0087786 5.731692
0.0087842 5.5140884
0.0087899 5.2568991
0.0087955 5.0117057
0.0088011 4.7779486
0.0088068 4.5223757
0.0088124 4.234149
0.008818 3.964292
0.0088236 3.7116339
0.0088293 3.4508403
0.0088349 3.1735807
0.0088405 2.9185977
0.0088462 2.6841015
0.0088518 2.4545601
0.0088574 2.2243816
0.008863 2.0157883
0.0088687 1.8267561
0.0088743 1.6492272
0.0088799 1.4796709
0.0088856 1.3275466
0.0088912 1.1910622
0.0088968 1.0662683
0.0089024 0.9509672
0.0089081 0.8481342
0.0089137 0.7564211
0.0089193 0.6736171
0.008925 0.5982906
0.0089306 0.5313875
0.0089362 0.4719657
0.0089418 0.4184583
0.0089475 0.3698351
0.0089531 0.3268618
0.0089587 0.2888818
0.0089644 0.254671
0.00897 0.2234421
0.0089756 0.1960425
0.0089812 0.1720028
0.0089869 0.1504291
0.0089925 0.1307411
0.0089981 0.1136298
0.0090038 0.098758
0.0090094 0.0855548
0.009015 0.0736324
0.0090206 0.0633715
0.0090263 0.0545404
0.0090319 0.0468225
0.0090375 0.0399865
0.0090432 0.0341485
0.0090488 0.0291629
0.0090544 0.0248742
0.00906 0.0211591
0.0090657 0.0179988
0.0090713 0.0153106
0.0090769 0.0130248
0.0090826 0.0110822
0.0090882 0.0094293
0.0090938 0.008023
0.0090994 0.0068335
0.0091051 0.0058343
0.0091107 0.0049813
0.0091163 0.004253
0.009122 0.0036364
0.0091276 0.0031201
0.0091332 0.0026771
0.0091388 0.0022969
0.0091445 0.0019735
0.0091501 0.0017016
0.0091557 0.0014671
0.0091614 0.0012649
0.009167 0.0010918
0.0091726 0.0009452
0.0091782 0.0008182
0.0091839 0.0007083
0.0091895 0.0006137
0.0091951 0.000533
0.0092008 0.000463
0.0092064 0.0004022
0.009212 0.0003496
0.0092176 0.0003048
0.0092233 0.0002657
0.0092289 0.0002316
0.0092345 0.0002021
0.0092402 0.000177
0.0092458 0.0001551
0.0092514 0.0001358
0.009257 0.0001191
0.0092627 0.000105
0.0092683 9.26e-05
0.0092739 8.16e-05
0.0092795 7.21e-05
0.0092852 6.41e-05
0.0092908 5.7e-05
0.0092964 5.07e-05
0.0093021 4.51e-05
0.0093077 4.05e-05
0.0093133 3.64e-05
0.0093189 3.27e-05
0.0093246 2.94e-05
0.0093302 2.67e-05
0.0093358 2.42e-05
0.0093415 2.19e-05
0.0093471 1.99e-05
0.0093527 1.83e-05
0.0093583 1.67e-05
0.009364 1.53e-05
0.0093696 1.41e-05
0.0093752 1.3e-05
0.0093809 1.21e-05
0.0093865 1.12e-05
0.0093921 1.04e-05
0.0093977 9.7e-06
0.0094034 9e-06
0.009409 8.4e-06
0.0094146 7.9e-06
0.0094203 7.4e-06
0.0094259 7e-06
0.0094315 6.6e-06
0.0094371 6.2e-06
0.0094428 5.9e-06
0.0094484 5.6e-06
0.009454 5.3e-06
0.0094597 5e-06
0.0094653 4.8e-06
0.0094709 4.6e-06
0.0094765 4.4e-06
0.0094822 4.2e-06
0.0094878 4.1e-06
0.0094934 3.9e-06
0.0094991 3.8e-06
0.0095047 3.6e-06
0.0095103 3.5e-06
0.0095159 3.4e-06
0.0095216 3.3e-06
0.0095272 3.2e-06
0.0095328 3.1e-06
0.0095385 3e-06
0.0095441 3e-06
0.0095497 2.9e-06
0.0095553 2.9e-06
0.009561 2.8e-06
0.0095666 2.8e-06
0.0095722 2.7e-06
0.0095779 2.7e-06
0.0095835 2.6e-06
0.0095891 2.6e-06
0.0095947 2.6e-06
0.0096004 2.6e-06
0.009606 2.6e-06
0.0096116 2.5e-06
0.0096173 2.5e-06
0.0096229 2.5e-06
0.0096285 2.5e-06
0.0096341 2.5e-06
0.0096398 2.5e-06
0.0096454 2.5e-06
0.009651 2.5e-06
0.0096567 2.5e-06
0.0096623 2.5e-06
0.0096679 2.6e-06
0.0096735 2.6e-06
0.0096792 2.6e-06
0.0096848 2.6e-06
0.0096904 2.6e-06
0.0096961 2.6e-06
0.0097017 2.6e-06
0.0097073 2.6e-06
0.0097129 2.6e-06
0.0097186 2.6e-06
0.0097242 2.6e-06
0.0097298 2.6e-06
0.0097355 2.6e-06
0.0097411 2.6e-06
0.0097467 2.6e-06
0.0097523 2.6e-06
0.009758 2.6e-06
0.0097636 2.6e-06
0.0097692 2.6e-06
0.0097749 2.6e-06
0.0097805 2.6e-06
0.0097861 2.6e-06
0.0097917 2.6e-06
0.0097974 2.7e-06
0.009803 2.7e-06
0.0098086 2.7e-06
0.0098143 2.7e-06
0.0098199 2.7e-06
0.0098255 2.7e-06
0.0098311 2.7e-06
0.0098368 2.7e-06
0.0098424 2.7e-06
0.009848 2.7e-06
0.0098537 2.7e-06
0.0098593 2.6e-06
0.0098649 2.6e-06
0.0098705 2.6e-06
0.0098762 2.6e-06
0.0098818 2.6e-06
0.0098874 2.6e-06
0.0098931 2.5e-06
0.0098987 2.5e-06
0.0099043 2.5e-06
0.0099099 2.4e-06
0.0099156 2.4e-06
0.0099212 2.4e-06
0.0099268 2.3e-06
0.0099325 2.3e-06
0.0099381 2.2e-06
0.0099437 2.2e-06
0.0099493 2.1e-06
0.009955 2.1e-06
0.0099606 2e-06
0.0099662 2e-06
0.0099719 1.9e-06
0.0099775 1.9e-06
0.0099831 1.8e-06
0.0099887 1.8e-06
0.0099944 1.8e-06
0.01 1.7e-06
